"anio" "mes" "ppAcc" "mTmax" "mTmin"
1970 1 -85.1116625310174 11.972456575682 -34.7112489660877
1970 2 -40.8 2.63888075267399 -37.5704966049794
1970 3 71.4183891660723 -36.704446381866 -31.5911072362685
1970 4 -18.0756843800322 -6.37218907218898 -36.3803088803089
1970 5 -100 3.29746049879603 -27.4319149118924
1970 6 -100 -1.62069243156203 -27.891747181965
1970 7 -54.2615661382845 20.870250896057 -0.733589349718997
1970 8 17.1763105127471 12.276962756428 -6.34394488978401
1970 9 -49.6749842734326 3.397984749455 -18.169662309368
1970 10 -54.2122703082639 19.763945759402 -40.3359059149033
1970 11 -100 65.820945945946 -15.5923423423424
1970 12 -66.9839381320643 37.052047073293 -2.47908488498033
1971 1 -100 58.359553349876 -29.0660876757651
1971 2 42.0799999999999 21.567452181246 -24.7133537478365
1971 3 -100 41.521360069747 -16.4298169136879
1971 4 -55.3140096618357 1.62781092781103 -19.5469755469755
1971 5 -100 -11.702539501204 -26.9480439441505
1971 6 -45.7013574660635 -30.620692431562 -28.058413848631
1971 7 25.9291945283595 5.06379928315404 -11.217460317461
1971 8 30.3351475222 -10.464972727442 -14.440719083332
1971 9 -48.4168588802684 10.064651416122 -16.836328976035
1971 10 6.8380359473843 -46.848957466405 -15.013325269742
1971 11 -43.7067773167357 -9.679054054054 -18.259009009009
1971 12 85.2567915923059 -26.980210991224 -14.7371494011093
1972 1 -100 5.03697270471399 -32.1306038047973
1972 2 -100 -21.64683353304 -38.8204966049794
1972 3 -100 -3.63993025283403 -15.7846556233653
1972 4 -100 13.127810927811 -24.2136422136422
1972 5 15.7362848893166 -29.605765307656 -41.4641729764085
1972 6 74.5313510019388 -35.954025764896 -42.058413848631
1973 10 -100 -3.62315101479201 14.5028037625161
1973 11 -46.265560165975 16.654279279279 -12.5923423423424
1973 12 -100 30.761724492647 -24.4145687559481
1974 1 -20.5955334987593 -26.414640198512 12.0952026468156
1974 2 -100 -29.361119247326 0.643789109306301
1974 3 -100 -1.05928509154303 7.1185701830863
1974 4 -100 -2.87218907218897 -12.3803088803089
1974 5 -100 3.45875082137603 -8.10933426673099
1974 6 -37.944408532644 17.379307568438 12.941586151369
1974 7 39.3537218695903 -14.774910394265 -12.507782898106
1974 8 -15.1568318533371 -7.40045659841002 -5.89233198655801
1974 9 2.4114070035646 -15.268681917212 -9.83632897603499
1974 10 72.8486795863039 -22.332828434147 7.72861021412909
1974 11 -16.5836791147993 -2.34572072072101 -11.9256756756757
1974 12 -98.1657743406702 -19.076985184772 -24.2532784333674
1975 1 -2.23325062034739 0.0369727047139889 -19.549958643507
1975 2 -100 -4.50397639018298 -22.7490680335508
1975 3 55.5951532430503 -21.865736704447 -14.9782040104621
1975 4 -37.43961352657 -38.872189072189 -29.7136422136422
1975 5 -100 -24.121894339914 -29.0448181376989
1975 6 -100 -14.954025764896 -14.225080515298
1975 7 17.6131156444113 -22.516845878137 -9.28197644649298
1975 8 -87.2171297622458 16.147930498364 -0.569751341396021
1975 9 96.2675613336127 -15.102015250545 -13.336328976035
1975 10 -66.4223315593935 0.570397372305003 -21.6262284955484
1975 11 131.825726141079 6.82094594594599 -25.259009009009
1975 12 -69.551854055126 4.95527287974397 -18.1242461753029
1976 1 -77.1712158808933 4.230521091811 -31.1628618693135
1976 2 17.8079999999999 16.284200949719 -1.5791172946346
1976 3 -91.2093133760989 5.55361813426298 -16.1072362685266
1976 4 394.524959742351 -16.538855738855 -4.2136422136422
1976 5 149.278152069297 -7.186410468946 -6.302882653828
1976 6 31.8681318681315 -2.12069243156201 -14.725080515298
1976 7 -39.6490275279183 -24.936200716846 -8.152944188428
1976 8 -75.4368375823546 12.276962756428 -4.118138438171
1976 9 94.7578108618157 -22.602015250545 -2.66966230936799
1976 10 -33.6077919469826 -37.171538111566 -20.1746155923226
1976 11 9.51590594744143 -17.345720720721 -14.5923423423424
1976 12 -75.4213761649812 -7.62537228154599 -18.2855364978835
1977 1 138.709677419355 -19.963027295286 -7.77576509511993
1977 2 -100 7.10316646696 -18.4633537478365
1977 3 -56.0465668804943 -38.639930252834 -28.8491717523976
1977 4 -77.6570048309179 -12.372189072189 -10.8803088803089
1977 5 -100 -27.670281436688 -14.20610846028
1977 6 55.914673561732 -8.787359098229 -10.058413848631
1977 7 3.4757815416992 -12.839426523298 -3.314234511009
1977 8 -0.744772271555415 3.24470469191198 6.04315188440999
1977 9 65.066051583141 -3.60201525054499 -1.50299564270199
1977 10 488.372326538809 -13.945731659953 9.66409408509708
1977 11 -48.3125864453664 -6.67905405405399 -7.0923423423424
1977 12 -26.2641284949436 17.374627718454 5.74672156663257
1978 1 28.5359801488834 -14.317866004963 5.45004135649297
1978 2 164.624 -30.39683353304 -15.4276394621223
1978 3 223.497267759562 -7.02702702702702 12.6024411508282
1978 4 -100 -8.70552240552197 -14.7136422136422
1978 5 138.594802694899 -13.315442727011 -17.431914911892
1978 6 73.7556561085968 2.54597423510397 -4.05841384863098
1978 7 -26.4621024405146 13.934767025089 -0.572299027138001
1978 8 -10.0186193067889 -3.529488856475 -15.731041663977
1978 9 -64.52086391277 -13.768681917212 -1.00299564270198
1978 10 29.7319007932524 7.82846188843401 -2.43268010845171
1978 11 118.008298755187 -11.679054054054 1.4076576576576
1978 12 123.408685306365 -25.535049700901 1.99833446985838
1979 1 126.302729528536 -50.285607940447 -3.90479735318445
1979 2 -60.336 -7.36111924732601 -16.3204966049794
1979 3 19.5533380850556 -18.478639930253 -19.4943330427202
1979 4 -100 -5.03885573885498 -9.2136422136422
1979 5 5.05293551491813 -30.896087888301 -15.012560073183
1979 6 -23.2062055591469 -16.620692431562 -8.39174718196499
1979 7 -20.8784494755779 3.93476702508899 -6.21746031746099
1979 8 57.5300773417359 -13.206908211313 -29.602009405913
1979 9 -81.6313692598029 10.064651416122 -8.16966230936799
1979 10 -100 20.731687694885 -13.5617123665162
1979 11 -65.2005532503457 -28.512387387388 -35.759009009009
1979 12 -31.033115209201 3.34236965393799 -25.7048913365932
1980 1 -6.20347394540943 1.649875930521 -0.03382961124896
1980 2 172.912 -11.957178360626 14.2829516708827
1980 3 -27.0373010216205 -28.156059285092 -19.3330427201395
1980 4 -62.7616747181964 -14.038855738855 -10.0469755469755
1980 5 -100 -24.767055630236 -16.141592331247
1980 6 15.5785391079506 17.545974235104 -0.558413848631005
1980 7 -25.8680968059468 11.51541218638 7.97608806963598
1980 8 20.560011458035 -3.529488856475 -4.118138438171
1980 9 10.4634095198154 4.39798474945501 -3.669662309368
1980 10 -96.184355859022 -17.010247788986 -20.013325269742
1980 11 -72.3651452282157 -17.512387387388 -19.5923423423424
1980 12 -80.1903628792386 21.568176105551 -0.54360101401259
1981 1 123.325062034739 -12.704962779157 8.83713813068652
1981 2 -12.976 4.06745218124602 -5.96335374783654
1981 3 79.3300071275834 -33.639930252834 -12.0749782040105
1981 4 200.885668276973 0.46114426114503 9.7863577863578
1981 5 17.516843118383 -20.73479756572 -5.335140718344
1981 6 487.976729153198 5.04597423510397 11.774919484702
1981 7 -18.8588303180476 -17.839426523298 -0.249718381977004
1981 8 -66.9149240905185 0.502769208041016 -3.31168682526702
1981 9 -21.2413503879221 -7.60201525054498 -1.50299564270199
1981 10 9.5089868460689 -22.010247788986 2.40602956896769
1981 11 41.2448132780086 10.320945945946 -7.4256756756757
1981 12 -96.3315486813405 18.82624062168 -2.64037520756097
1982 1 1.24069478908189 -14.801736972705 -0.5177005789909
1982 2 -82.832 0.317452181246018 1.7152176807349
1982 3 -0.665241149917048 2.166521360069 -11.9136878814298
1982 4 -89.573268921095 5.62781092781101 -1.5469755469755
1982 5 163.522617901829 -22.347700791527 -16.302882653828
1982 6 -45.7013574660635 -12.287359098229 -19.225080515298
1982 7 7.87142323750044 -12.194265232975 -7.50778289810601
1982 8 -19.668433113721 -2.72303724357201 2.978635755378
1982 9 -1.36296917592795 -4.76868191721199 4.16367102396499
1982 10 -100 0.731687694885004 -26.6262284955484
1982 11 123.637621023514 -35.512387387388 1.9076576576576
1982 12 161.560579020424 -42.947952926707 -15.5436010140126
1983 1 36.4764267990075 -11.737220843673 -18.7435070306038
1983 2 137.392 -13.253976390183 -8.64192517640797
1983 3 316.678545972914 -37.67218831735 -5.6233653007847
1983 4 -44.8872785829307 -56.105522405522 -16.8803088803089
1983 5 -89.3166506256016 -8.79931369475297 -27.9157858796344
1983 6 -83.710407239819 -28.454025764896 -31.558413848631
1983 7 76.657275720444 -3.80716845878197 -10.572299027138
1983 8 -39.5946720137496 -7.07787595324902 -3.15039650268702
1983 9 212.26672258335 -2.76868191721199 17.997004357298
1983 10 183.502359674666 -31.848957466405 9.18022311735509
1983 11 222.40663900415 -34.179054054054 -0.925675675675701
1983 12 -37.2694824509222 -2.302791636385 4.29510866340677
1984 1 14.6401985111663 -14.317866004963 -7.29189412737799
1984 2 -100 -5.81350019970699 -32.5704966049794
1984 3 -100 8.94071490845697 -10.945945945946
1984 4 -12.1175523349436 -13.372189072189 -3.5469755469755
1984 5 -100 26.039395982667 23.21324637843
1984 6 31.8681318681315 -23.287359098229 9.27491948470202
1984 7 68.1035945826686 -16.871684587814 -8.47552483358999
1984 8 142.749212260097 -22.723037243571 -10.408461018816
1984 9 -48.4168588802684 -8.93534858387799 -1.50299564270199
1984 10 228.145396124109 -46.365086498663 -1.14235752780651
1984 11 -64.6887966804979 -33.012387387388 0.240990990991001
1984 12 211.084671822327 -30.206017442836 16.7144635021165
1985 1 91.0669975186104 -54.801736972705 11.7403639371381
1985 2 62.7999999999999 -26.825404961611 -17.0347823192651
1985 3 -34.0698503207414 -6.38186573670502 9.05405405405401
1985 4 272.383252818036 -2.70552240552199 2.9530244530245
1985 5 -100 -4.12189433991397 3.21324637843
1985 7 -10.8991548148399 2.32186379928301 -8.314234511009
1985 8 -34.3311372099685 -0.303682404861974 -8.63426747042901
1985 9 113.881316837911 -29.102015250545 -23.002995642702
1985 10 317.049904608896 -33.300570369631 -3.23913172135491
1985 11 27.9391424619643 -25.179054054054 2.240990990991
1985 12 -54.144358516756 -8.47790684375802 2.19833446985838
1986 1 -45.409429280397 40.359553349876 2.54681555004136
1986 2 12.48 14.067452181246 10.108074823592
1986 3 23.069612734616 9.263295553618 6.795989537925
1986 4 -77.6570048309179 21.294477594478 21.4530244530245
1986 5 -100 8.78133146653802 -10.335140718344
1986 6 101.680672268907 -21.454025764896 -14.558413848631
1986 7 61.3319303485965 -31.549103942653 -20.088428059396
1986 8 1.5110283586365 -8.529488856475 0.236700271507004
1986 9 -35.8356049486266 -12.768681917212 -15.002995642702
1986 10 -46.5809820263079 -27.494118756728 -11.6262284955484
1986 11 112.378976486861 -36.179054054054 5.0743243243243
1986 12 192.008724965298 -29.560856152514 0.74672156663257
1987 1 -100 -20.446898263028 -13.2596360628618
1987 2 124.96 -28.789690675897 -3.8204966049794
1987 3 -18.2466143977193 -28.317349607672 -10.6233653007847
1987 4 -25.5233494363929 -13.796431496431 -4.7136422136422
1987 5 131.472569778633 -35.297009547287 -4.148504773644
1987 6 39.625080801551 -9.58735909822899 -14.025080515298
1987 9 -2.11784441182647 -26.102015250545 -17.336328976035
1987 10 -78.2508283964253 14.118784469079 22.7286102141291
1987 11 -89.7648686030429 -19.845720720721 -6.0923423423424
1987 12 83.4225659329761 -22.464081958966 -2.31779456239968
1988 1 -30.5210918114144 -6.737220843673 -4.22737799834574
1988 2 -85.2 7.49109750144299 2.3863999467447
1988 3 -42.8605369446426 15.714908456844 -7.23626852659109
1988 4 522.624798711755 -18.538855738855 -0.880308880308895
1988 5 -91.097208854668 3.62004114395702 7.084214120366
1988 6 -100 -0.120692431561977 -2.558413848631
1988 7 -18.5024269373069 -12.312544802868 -7.64756784434201
1988 8 77.9576052706961 -19.013359824217 0.559280916668001
1988 9 25.8125393164184 -18.102015250545 -25.269662309368
1988 10 160.608494828798 -5.39734456317902 14.3415134399351
1988 11 -80.5532503457814 -12.512387387388 -0.425675675675699
1988 12 171.465397580805 -8.74245710830802 -7.06092478940088
1989 1 6.20347394540943 -18.027543424318 -4.38866832092638
1989 2 -57.376 3.35316646696 18.6795033950206
1989 3 23.069612734616 30.876198779424 31.4734088927637
1989 4 220.249597423511 39.461144261145 36.1196911196908
1989 5 15.7362848893166 6.910363724602 10.63260121714
1989 6 -100 8.21264090177102 -2.89174718196499
1989 7 -7.92912664200128 9.74121863799304 -1.05616999487999
1989 8 31.5883700945288 -8.690779179055 -13.634267470429
1989 9 -82.8894946529671 4.89798474945498 -3.50299564270198
1989 10 -14.1480068279948 -0.719925208340015 -2.91655107619361
1989 11 -100 3.154279279279 2.740990990991
1989 12 -78.7229823517748 -4.560856152514 -12.3177945623997
1990 1 -67.741935483871 -4.47915632754402 -15.1951199338296
1990 2 0.639999999999962 -24.503976390183 -7.03478231926511
1990 3 -64.8372535043954 -12.349607672189 -3.68788142981689
1990 4 26.6103059581321 5.12781092781101 16.7863577863578
1990 5 6.83349374398453 -14.121894339914 2.89066573326901
1990 6 -10.7950872656757 21.879307568438 24.608252818035
1990 7 98.3978819456231 -27.194265232975 -4.12068612391199
1990 8 -21.6735892294471 -31.916585630668 -16.860073922042
1990 9 18.2637869574333 -11.435348583878 5.66367102396502
1990 10 3.02239180640629 -0.719925208340015 -6.78751881812911
1990 11 107.261410788382 -13.179054054054 15.5743243243243
1990 12 2.71663692246663 -27.786662604127 9.94026995372935
1991 1 71.2158808933003 -24.801736972705 12.2242349048801
1991 2 30.2399999999999 -7.00397639018298 24.3937891093063
1991 3 -60.4419101924448 -34.285091543156 0.183086312118608
1991 4 -70.2093397745572 -3.205522405522 1.78635778635781
1991 5 -100 -10.896087888301 -3.883527815118
1991 6 54.3632837750481 -23.620692431562 -21.558413848631
1991 7 -79.8038084246971 -9.12974910394297 -2.830363543267
1991 8 89.8632197078201 -9.65852111453898 -2.82781585752502
1991 9 103.816313692598 -29.435348583878 -10.169662309368
1991 10 -84.737423436088 15.409107049724 1.27699731090319
1991 11 -59.0594744121714 -14.179054054054 0.574324324324302
1991 12 283.35316279992 -30.689888410578 16.8757538246971
1992 1 68.7344913151365 -44.479156327544 1.41778329197684
1992 2 -26 -25.095109395109 13.5932964984689
1992 3 220.860061772392 -24.123801220576 9.69921534437661
1992 4 -70.2093397745572 3.12781092781101 10.9530244530245
1992 5 914.918190567853 -16.863829823785 11.277762507462
1992 6 -34.0659340659342 -9.78735909822902 -12.891747181965
1992 7 -3.17708156545941 -6.54910394265301 -14.765847414235
1992 8 -6.00830707533657 -12.561746920991 -8.79555779300901
1992 9 -55.9656112392535 11.231318082788 -3.16966230936799
1992 10 -54.2122703082639 14.602655436821 1.27699731090319
1992 11 -43.7067773167357 -28.012387387388 -18.259009009009
1992 12 17.0235970652388 -26.17375937832 15.2628505988907
1993 1 346.650124069479 -19.963027295286 36.2564929693962
1993 2 6.55999999999996 -25.039690675897 4.9295033950206
1993 3 -38.465193632692 -0.575414123802034 2.1185701830863
1993 4 -100 7.29447759447801 3.61969111969111
1993 5 336.23676612127 1.68455727298902 11.439052830043
1993 6 -26.3089851325147 0.545974235104012 -3.55841384863101
1993 7 -7.92912664200128 -19.129749103943 -7.02391193036402
1993 8 2.13763964480093 -12.077875953249 2.17218414247498
1993 9 -82.3862444957014 -1.43534858387799 -11.169662309368
1993 10 -77.1061351541319 -3.62315101479201 0.63183602058059
1993 11 4.91009681881072 -22.512387387388 -0.425675675675699
1993 12 -80.5572080111045 -6.818920668643 10.10156027631
1994 1 -90.0744416873449 11.811166253101 -10.6789909015715
1994 2 -5.28000000000004 -10.218262104469 -3.641925176408
1994 3 -25.2791636968403 -4.44638186573702 17.6024411508282
1994 4 -100 5.29447759447802 9.1196911196911
1994 5 -19.8748796920116 -2.99286208184899 4.503568959075
1994 6 12.4757595345828 30.712640901771 31.274919484702
1994 7 -52.4795492345813 20.063799283154 7.008346134152
1994 8 -11.3971641363506 19.535027272558 14.268958336023
1994 9 103.816313692598 -3.10201525054499 4.33033769063201
1994 10 -92.368711718044 -12.816699401889 1.59957795606449
1994 11 288.934993084371 -27.012387387388 6.740990990991
1994 12 256.20662304184 -27.786662604127 21.5531731795358
1995 1 -57.8163771712159 -17.704962779157 14.9661703887511
1995 2 136.8 9.06745218124602 35.8223605378777
1995 3 -69.232596816346 -1.38186573670502 16.4734088927637
1995 4 -55.3140096618357 -15.872189072189 -16.7136422136422
1995 5 -100 -24.283184662495 -6.94804394415
1995 6 -100 -11.120692431562 -8.05841384863101
1995 7 -14.4631886222463 8.61218637992799 -0.572299027138001
1995 8 -2.24863935835003 13.244704691912 12.656055110216
1995 9 -15.7055986579997 3.56465141612201 10.497004357298
1995 10 -69.4748468721759 24.44136511424 0.470545697999896
1995 11 -33.4716459197786 16.487612612612 20.4076576576576
1995 12 -68.8181637913941 8.82624062167999 6.5531731795358
1996 1 -100 15.520843672456 -10.0338296112489
1996 2 -76.32 21.973856122132 34.6277792570896
1996 3 -96.4837253504395 5.71490845684398 1.15082824760241
1996 4 -100 21.127810927811 8.1196911196911
1996 5 -100 32.491008885893 18.374536701011
1996 6 334.389140271492 12.712640901771 18.941586151369
1996 7 33.0572621431724 -2.194265232975 3.45995903737801
1996 8 -25.4332569464337 -7.23916627583002 -1.860073922042
1996 9 98.7838121199411 -18.602015250545 -7.836328976035
1996 10 -65.6592027311979 -2.01024778898599 -4.36816397941941
1996 11 -82.088520055325 3.48761261261199 6.9076576576576
1996 12 -100 19.955272879744 3.48865705050354
1997 1 -67.741935483871 -10.124317617866 22.5468155500414
1997 2 33.1999999999999 -11.468262104469 1.5366462521635
1997 3 -69.232596816346 27.811682650392 16.6346992153444
1997 4 26.6103059581321 -11.705522405522 7.2863577863578
1997 5 158.180943214629 22.974879853634 24.342278636495
1997 6 -65.0937297996122 -3.95402576489602 2.774919484702
1997 7 -55.44957740742 19.741218637993 -0.249718381977004
1997 8 -19.1671440847895 5.18018856288002 8.78508736828099
1997 9 -33.3193541622982 20.064651416122 27.497004357298
1997 10 -77.1061351541319 -0.397344563179018 0.793126343161195
1997 11 86.7911479944679 -2.84572072072102 10.9076576576576
1997 12 142.117787031529 -50.528598087998 -1.02747198175452
1998 1 -97.5186104218362 12.295037220843 6.2564929693962
1998 2 110.16 -38.968262104469 -1.6776394621223
1998 3 136.469470182941 -15.897994768963 -0.300784655623394
1998 4 -29.9919484702093 -35.705522405522 -22.8803088803089
1998 5 -100 -0.573507243139986 -0.980302008666989
1998 6 -88.3645765998707 2.21264090177101 -6.22508051529799
1998 7 53.0158514646482 -4.45232974910397 8.62124935995901
1998 8 -19.7937553709539 10.341478885461 6.84960349731298
1998 9 -93.7093730341791 26.397984749455 28.663671023965
1998 10 -80.9217792951099 -14.60038061631 -2.65089642723732
2000 10 371.232051410784 -25.074763918018 11.4382876334841
2000 11 63.7621023513143 -41.179054054054 -30.0923423423424
2000 12 -100 23.664950299099 -11.3500526269158
2001 1 29.0322580645161 -21.414640198512 -18.5822167080231
2001 2 -94.08 9.75316646696001 -19.8204966049794
2001 3 -64.8372535043954 10.876198779424 -4.4943330427202
2001 4 93.6392914653785 17.127810927811 4.1196911196911
2001 5 6.83349374398453 35.878105660086 14.987439926817
2001 6 59.0174531350998 14.379307568438 14.608252818035
2001 7 82.8349343199484 -9.93620071684596 5.23415258576499
2001 8 -50.4977083930106 11.470511143525 8.94637769086199
2001 9 -75.0891172153492 31.697984749455 14.263671023965
2001 10 -100 33.079357945781 5.46457198234879
2001 11 -52.4066390041493 10.820945945946 11.240990990991
2001 12 -55.9785841760857 -0.689888410578021 -27.9629558527222
2002 2 112.528 14.424595038389 2.7866462521635
2002 3 -100 20.069747166521 -4.6556233653008
2002 4 -100 35.127810927811 28.9530244530248
2002 5 -100 24.910363724602 2.89066573326901
2002 6 -100 36.212640901771 22.308252818035
2002 7 -3.05828043854587 9.41863799283105 15.718023553507
2002 8 -19.4177885992552 6.309220820945 10.397990594087
2002 9 92.4931851541202 11.897984749455 13.497004357298
2002 10 -88.9346319911638 -7.01024778898599 7.4060295689681
2002 11 -75.9474412171507 16.487612612612 8.9076576576576
2002 12 -14.5250842752331 -6.33504970090101 11.0693022117939
2003 1 -100 72.778908188585 18.3532671629446
2003 2 47.9999999999999 11.031737895531 30.108074823592
2003 3 -38.465193632692 12.972972972973 1.63469921534441
2003 4 -100 6.62781092781103 5.6196911196911
2003 5 -100 23.781331466538 12.568085088108
2003 6 -96.1215255332903 9.87930756843802 20.608252818035
2003 7 -69.1117070024779 37.644444444444 13.298668714797
2003 8 -56.3878544829562 18.826501926935 20.927944511138
2003 9 -52.191235059761 27.397984749455 19.497004357298
2003 10 -37.0418716738628 43.151042533595 31.7608682786451
2003 11 35.6154910096822 18.654279279279 25.4076576576576
2003 12 -46.440610747571 31.700664584813 -2.62309410157019
2004 1 -11.6625310173697 19.875682382134 20.9339123242349
2004 2 -21.264 8.18075267385701 -5.88946212222078
2004 3 131.1950582086 46.198779424586 44.054054054054
2004 4 257.487922705314 -4.87218907218899 19.6196911196911
2004 5 -100 19.587783079441 20.79389153972
2004 6 -65.0937297996122 4.71264090177101 13.108252818035
2004 7 -73.8637520790197 11.354121863799 2.519098822324
2004 8 -28.8169578917216 5.77756012799398 -0.659357076163012
2004 9 19.5219123505975 10.897984749455 3.49700435729801
2004 10 -31.3184054623958 8.95749414649799 18.2124811818711
2004 11 -0.207468879667849 -4.84572072072101 1.9076576576576
2004 12 -44.9732302201072 16.700664584813 11.6626201841441
2005 1 265.75682382134 24.230521091811 37.3855252274607
2005 2 184.16 -5.03969067589701 47.4295033950206
2005 3 -47.2558802565931 9.585876198779 19.537925021796
2005 4 -25.5233494363929 17.127810927811 12.4530244530245
2005 5 60.2502406159768 18.458750821376 19.664859281656
2005 6 -100 5.54597423510401 15.608252818035
2005 7 -62.5776450222328 31.031541218638 20.556733230926
2005 8 27.8287023775423 4.85760791771902 10.720571239249
2005 9 -91.1931222478507 28.064651416122 17.830337690632
2005 10 -84.737423436088 46.376848985208 10.7931263431611
2005 11 -69.2946058091286 58.487612612612 13.740990990991
2005 12 -94.4973230220107 71.890756750712 12.5209151150197
2006 1 -77.667493796526 67.456327543424 1.57907361455749
2006 2 -82.24 55.674595038389 30.4652176807349
2006 3 -100 10.553618134263 12.7637314734089
2006 4 -100 31.794477594478 14.2863577863578
2006 5 -100 34.910363724602 21.439052830043
2006 6 -76.7291531997415 26.712640901771 35.941586151369
2006 7 57.4114931604494 11.51541218638 18.298668714797
2006 8 39.7343168146663 -11.916585630668 8.46250672311999
2006 9 37.1356678548961 -16.268681917212 0.330337690632003
2006 10 10.6536800883623 11.215558662627 11.9221586012261
2006 11 -100 49.320945945946 15.9076576576576
2006 12 -72.4866151100536 34.471401912002 0.90801188921322
2007 1 69.727047146402 -2.05980148883398 8.0306865177833
2007 2 -100 34.960309324103 8.3223605378777
2007 3 159.325255405084 32.166521360069 15.8282476024411
2007 4 -62.7616747181964 9.96114426114502 7.2863577863578
2007 5 -73.2916265640039 13.458750821376 25.148730249398
2007 6 62.8959276018095 18.545974235104 22.274919484702
2007 7 37.2153015851465 5.87025089605703 10.718023553507
2007 8 101.14222285878 9.85760791771902 15.397990594087
2007 9 -15.7055986579997 7.564651416122 17.663671023965
2007 10 -77.1061351541319 60.570397372305 7.08344892380609
2007 11 -7.37206085753784 67.487612612612 32.9076576576576
2007 12 -61.481261154075 20.044260643927 4.95695515951355
2008 1 -92.5558312655087 17.430521091811 29.5016542597188
2008 2 -88.16 43.008338880753 4.800193050193
2008 3 -100 24.424585876198 -2.3975588491718
2008 4 -100 31.794477594478 8.4530244530245
2008 5 -82.1944177093359 14.587783079441 12.245504442946
2008 6 -65.0937297996122 29.879307568438 14.441586151369
2008 7 6.92101422219207 -1.871684587814 9.266410650281
2008 8 17.8029217989115 14.212446627396 8.94637769086199
2008 9 -69.8049905640596 22.564651416122 3.66367102396502
2008 10 -100 57.667171565853 -9.04558333425811
2008 11 -38.5892116182571 56.154279279279 27.240990990991
2008 12 -77.9892920880429 33.109394743543 34.9761122476362
2009 1 -87.5930521091811 46.538213399503 11.132423490488
2009 2 -64.48 42.281737895531 -4.89192517640797
2009 3 84.6044191019241 40.231037489102 11.795989537925
2009 4 -100 7.55638235638301 9.6911196911197
2009 5 -64.3888354186718 35.466537250742 31.233268625371
2009 6 27.9896574014218 -10.309098228664 16.644484702093
2009 7 -23.9672787753301 27.46523297491 22.796876600102
2009 8 -47.9912632483529 28.500871674835 12.608616780046
2009 9 -73.5793667435521 26.603867102396 5.60484749455302
2009 10 -71.3826689426649 -4.89449826336902 10.8785153374691
2009 11 -84.6473029045643 43.779279279279 12.3243243243243
2009 12 -97.7989292088043 11.045902680051 19.817382088906
