"anio" "mes" "ppAcc" "mTmax" "mTmin"
1970 1 -5.91108275033089 -0.749886524440911 8.82002583516732
1970 2 -5.89580245321514 3.59355586273355 12.4034386742297
1970 3 1.50853824492336 -4.32346701954248 3.02635044765567
1970 4 -3.48070350638243 -1.95349322869732 6.51740762386008
1970 5 -3.58295117789916 7.03428971000743 -0.0491526111292876
1970 6 -1.5249478213042 2.24897122801276 2.36296049410491
1970 7 -8.66185276949554 -5.55451645428315 -4.94610732989106
1970 8 -0.503246429986431 -9.83447472755132 -3.01872299480396
1970 9 13.2328294364562 -17.6207121587032 -7.94342430656506
1970 10 -5.9605421415775 -10.9276121241825 -18.9419772772377
1970 11 -5.96809006211174 2.13969923472916 -5.91426324238997
1970 12 -3.07468034467414 -6.41419086142624 10.7298985225562
1971 1 -5.91108275033089 -13.3758140277608 -21.1082139808654
1971 2 -7.08214342870985 -11.8636940705987 -10.6016786252682
1971 3 -5.33648695019135 7.87982289933 -4.95946965989751
1971 4 -3.48070350638243 -16.7071053245953 -11.2744558813765
1971 5 -3.58295117789916 -12.7043870481494 -8.71627850156998
1971 6 -2.8975381195078 -16.6641240792022 -9.40082424506252
1971 7 -7.81279381001919 -6.94919874447126 3.17916383093264
1971 8 9.76520094657494 -19.4374901327618 -11.2457858829013
1971 9 -12.3409212955674 -11.3720214383405 -2.03570676694534
1971 10 14.0486311562932 -23.155962580527 -6.60552155092078
1971 11 -2.80087439143507 -16.032434297786 -7.71307692374496
1971 12 -3.10549826640179 -19.0562919338739 -5.03627672441226
1972 1 -3.38805149178392 -9.02602802814142 -2.85446110133488
1972 2 -7.08214342870985 0.295173118339009 -5.68703287660232
1972 3 -5.33648695019135 17.2856077284967 15.1427671625625
1972 4 -3.48070350638243 8.98337504208936 -3.60118773456828
1972 5 26.2446626888756 -0.0625666862559691 -2.96059024874517
1972 6 -3.44657423878924 -10.1154037402702 7.23483094163935
1972 7 8.69668595757663 -4.76241466577939 -3.51223594856904
1972 8 11.6708767660088 -17.7866572958072 -5.91408418288911
1972 9 -0.866180021440104 -1.69359821732823 -0.486141510651686
1972 10 16.524373743472 -6.70901705793613 14.0459985613854
1972 11 -4.10999020198143 -11.777597957416 -2.48452515660621
1972 12 12.6732776581557 1.9895179439576 12.9305938174449
1973 1 1.31987281540166 -11.1624273465384 -1.32094798679438
1973 2 21.1402839883221 -7.95391908746177 11.7881855371505
1973 3 8.24825536011322 -15.2051009905218 -1.37961926685646
1973 4 -0.293378755480725 -10.9931496565926 -10.2063819268754
1973 5 -2.12794562342235 0.321047173001609 3.98206873326154
1973 6 -3.44657423878924 -8.7225788920644 0.105264433053036
1973 7 12.7344330093086 -9.24011539833851 2.06393053434854
1973 8 8.50708487160886 -8.32456664497154 8.80988673700958
1973 9 -14.193345895875 -1.45868503235246 15.1063588808036
1973 10 -5.9605421415775 7.97243713737109 -3.08680412813412
1973 11 -5.96809006211174 3.10384934141372 -2.24468333242579
1973 12 -6.74201303026465 9.66246946191682 2.41981031946648
1974 1 -5.70299769807959 -3.84862787815168 3.62586851172375
1974 2 -7.08214342870985 3.52536211302758 -11.0831810803739
1974 3 -3.4409415115442 -0.336471576733648 12.6644091981502
1974 4 -3.48070350638243 9.38513754999579 6.51740762386008
1974 5 -3.58295117789916 -4.63105901013991 -0.138735307670957
1974 6 -1.0308153139509 -7.20757642559474 11.6313969552671
1974 7 8.8287617957174 -12.489051743823 3.49780191567053
1974 8 10.7642931237539 -6.55294116141037 2.63076225024182
1974 9 -3.71342524043134 -8.83495904059936 -1.84201110990864
1974 10 -5.9605421415775 -2.32316491857823 6.33833182575818
1974 11 49.057003523111 -14.6490884925426 6.14978051389775
1974 12 -5.17029902215443 -7.82089863971881 -12.0325169902543
1975 1 -3.90826412241216 -1.69298171904848 -4.53637871083093
1975 2 -7.08214342870985 -2.6120753605014 -5.33190175549939
1975 3 -3.4409415115442 -1.98854151159923 -8.26394694578096
1975 4 -3.48070350638243 -13.6715663759689 -21.3087296118179
1975 5 -3.58295117789916 -8.22307969227824 -18.7495405142766
1975 6 -3.44657423878924 -7.86733556421855 -0.48886610932963
1975 7 3.03629289440092 -16.7168342959599 1.10801628013487
1975 8 -9.6245879734905 -5.3047504798107 8.80988673700958
1975 9 1.15776537519222 -4.32462588905955 7.51994564686507
1975 10 -5.9605421415775 -0.799267141344137 -7.38047717379653
1975 11 -5.96809006211174 3.04096998662995 -2.41257260935201
1975 12 -6.43383381298814 -3.98442288073919 -3.98519837461442
1976 1 -5.18278506745135 5.25512777591919 -0.0842438621649059
1976 2 -4.52214448158969 6.15513257582339 10.4552908098943
1976 3 -5.33648695019135 0.280301198949004 -1.37961926685646
1976 4 -3.48070350638243 -12.8234010814995 2.86347041109457
1976 5 -3.58295117789916 -0.289247603089567 1.63052294903385
1976 6 -1.63475504516049 11.9254385944949 -0.845344434758925
1976 7 -2.32221253873875 -7.36572904517404 -1.75972648250917
1976 8 -8.58849238234196 1.74148723889687 2.98385507805684
1976 9 7.2982098836191 -18.0200645731627 -6.52298948829648
1976 10 -2.04369566036921 -15.6293942905279 1.31159265034892
1976 11 -1.49175858088871 -5.07046678047889 12.5055888546852
1976 12 -5.26275278733739 2.5375859095262 5.04750619396083
1977 1 -1.09911591701966 -8.17916703706487 10.4277411971853
1977 2 -7.08214342870985 15.8002370600862 5.23440212043303
1977 3 -0.597623353573476 -7.93599327711462 -6.74939485641761
1977 4 -3.48070350638243 -0.94908695893114 6.09579948392558
1977 5 -3.58295117789916 -5.86908555592582 -3.40850373145487
1977 6 -3.44657423878924 8.38228766484889 11.0372664128852
1977 7 9.48914098642123 3.15166104758053 3.65712095804
1977 8 0.0703064865422212 1.84214777773515 15.1655576376865
1977 9 -5.89173935375596 4.53160118453635 16.397663261048
1977 10 -5.31389295835915 0.631710039717499 21.942168016091
1977 11 -5.54579463935485 13.3741439560997 16.8227416899371
1977 12 -6.74201303026465 21.5372753825683 34.773315774182
1978 1 -5.91108275033089 5.48608986439423 15.7455689330921
1978 2 2.5334623726683 -0.11163787128547 4.03064598266848
1978 3 33.4168864621504 4.72987622351966 27.2591838774703
1978 4 -3.48070350638243 -6.19431970104301 0.333821571487468
1978 5 -3.58295117789916 -10.9258137006831 -5.08817929161801
1978 6 -2.8975381195078 -2.8580532154086 6.28422207382738
1978 7 1.52685474422073 -2.57563058708821 7.79941605963655
1978 8 -4.74013732950455 -6.41201640703612 4.92586563104106
1978 9 -7.50403483920882 -11.7948651712974 -0.389293682133315
1978 10 42.002351562275 -8.19574659670121 14.4020592529767
1978 11 9.99467691809868 -19.4279194561106 6.74938507434918
1978 12 9.77639301575646 -19.092829798245 3.56942726455736
1979 1 17.7325813117227 -24.2310321861034 -0.578925512016695
1979 2 -4.33482748545895 -12.954794065893 -6.13440584734237
1979 3 -5.33648695019135 -2.86964547686063 -7.16245451715314
1979 4 -3.48070350638243 7.64416668240116 -6.83351680739929
1979 5 40.0672154564054 -18.423720949806 -6.991811593136
1979 6 -2.12888755251378 -5.42378319894553 -7.38078040096257
1979 7 -6.43543149797977 -7.36572904517404 -3.99019307567641
1979 8 -12.3443389002554 -4.80144778561744 -3.01872299480396
1979 9 -10.4713446156274 -5.92203554689681 -1.68059806237871
1979 10 -5.9605421415775 -2.15590784546721 3.82496223805324
1979 11 -5.96809006211174 -15.1311635458852 -13.7570908930977
1979 12 -4.46148682241845 5.00389175458431 -13.5105959196576
1980 1 -5.286827593577 -2.44360850659341 -1.44461839925729
1980 2 -1.15043855123631 5.0577618909015 17.6870518214446
1980 3 -5.33648695019135 -10.4691671772416 -2.61879824906307
1980 4 -3.48070350638243 -2.62309740854138 -2.47689936140986
1980 5 19.6971376937299 -15.0235071972968 -18.6375621435988
1980 6 -3.44657423878924 0.0742096229192946 -8.33138926877455
1980 7 -9.19015612205861 4.19298679933816 1.90461149198009
1980 8 -5.22118171110922 -7.01597964006828 -6.90274410077248
1980 9 -2.83866917917499 1.71264296482398 4.29168469625354
1980 10 0.579852454402381 -7.30370887344215 -5.07655505173409
1980 11 -2.08297217274836 0.274278376143209 -9.55985896993633
1980 12 -2.79731904912528 13.3162558990404 3.56942726455736
1981 1 23.3508777225077 -5.38837513465455 11.4171044968887
1981 2 -3.52312050222573 7.95795584390987 1.75688438911363
1981 3 15.725129034777 -13.442893059999 -6.88708140999641
1981 4 47.0818573147401 -2.22133490063495 11.9983134430088
1981 5 27.6996682433524 -13.2798078370355 -11.6949031615921
1981 6 -3.44657423878924 -27.171399249877 -6.66782375010395
1981 7 1.41364688295722 -14.2384790067764 -8.83349196369713
1981 8 -6.29428071622735 -0.0704024601996025 -2.31253733917284
1981 9 7.48688275957635 -10.5028426539294 -6.0387503457047
1981 10 -5.42474710405372 -8.97627960455276 -3.54758855254672
1981 11 -5.46133555480348 9.09834783080206 2.67207406327762
1981 12 -6.74201303026465 15.5998724222425 -5.62750829617355
1982 1 -4.27241296385193 -1.92394380752353 -7.00978696008981
1982 2 -7.08214342870985 -2.7711941098151 -4.93064970957789
1982 3 -5.33648695019135 -9.91847719895334 -1.21439540256207
1982 4 -3.48070350638243 6.50583957666618 1.31757389800079
1982 5 -3.58295117789916 -10.699132783849 -13.9344705751427
1982 6 -3.44657423878924 -6.27902652679066 -17.9563040553661
1982 7 4.05516364577255 -5.01233284620156 -4.14951211804584
1982 8 3.64113593460771 -2.94929387098562 -7.25583692858749
1982 9 3.42183988667922 1.19583395787693 -1.84201110990864
1982 10 -5.9605421415775 1.93259838613709 -17.8528504558988
1982 11 19.5807830146801 -9.49298140027185 2.67207406327762
1982 12 16.4330641089291 -6.59688018328281 4.06212024102519
1983 1 2.6984362865665 3.46517159023506 3.37852768679733
1983 2 6.27980229528316 -8.29488783599099 -8.54191812287124
1983 3 37.2079773394447 -15.8659289644681 -6.06096208852532
1983 4 -1.16264914209028 -20.0328060844878 -20.1844412386595
1983 5 -3.58295117789916 -1.85857702732484 -6.991811593136
1983 6 -3.44657423878924 -7.01209223637265 -12.371476956973
1983 7 -4.43542594899101 -1.43017226015456 -18.8068640160018
1983 8 13.7245662413211 -10.3377774217452 -26.4993960445241
1983 9 10.1969113415078 -10.1504728764654 -9.91266348643891
1983 10 11.2033747501324 -9.21787315460231 -6.01906864712346
1983 11 -2.80087439143507 -6.85204849935271 -6.20207343140677
1983 12 -2.42750398839347 11.0326393758383 8.16789504492298
1984 1 6.78210543699819 -2.9825200463695 2.38916438709397
1984 2 -7.08214342870985 1.87538690462718 -6.33272582406215
1984 3 -5.33648695019135 4.50960023220448 -6.19864864210412
1984 4 1.15540522220187 -14.4527712524539 -13.5792470463515
1984 5 -3.58295117789916 0.146677236975647 6.10965777613507
1984 6 38.8292069458816 -15.6867031330932 -7.85608483486858
1984 7 14.7155705814201 -18.5079145889834 -33.7828539986967
1984 8 24.0670204458217 -15.068822747163 -25.793210388893
1984 9 -14.2791062940374 -6.03949213938507 -0.8735328247251
1984 10 -2.59796638884208 -19.2532975412682 -18.3764691200044
1984 11 -1.66067674999147 -6.11845602687496 -18.9136901129823
1984 12 31.9036608162101 -9.33722001112523 -2.50711944521118
1985 1 6.18386091177571 -5.09967252406031 -9.97787685920047
1985 2 -1.6499505409183 -14.0913565609907 -6.00065516536849
1985 3 -1.01885567327284 -16.5267569384143 -2.94924597765099
1985 4 7.24029792846877 -13.8278073512657 3.70668669096359
1985 5 -3.58295117789916 -3.02685559870006 3.15342879024837
1985 6 -3.44657423878924 -9.82217745643736 -3.9348232551461
1985 7 -9.28449600644487 -12.4265721987178 -8.61044530438032
1985 8 -7.16386094451273 -10.6800232537966 -5.13727996169627
1985 9 -13.4901106309434 -8.15371080416934 -12.8180983419896
1985 10 14.9724157037479 -10.0541585201579 -11.1295868087892
1985 11 2.68896610440449 -12.9303861284526 -13.9969327172782
1985 12 -6.74201303026465 3.9991004843754 -12.689440958878
1986 1 -5.75501896114242 18.49695418184 14.7562056333887
1986 2 0.66029241136087 -4.18053160373614 1.48938302516588
1986 3 -4.80994655056714 -2.64936948554545 8.25843948363803
1986 4 -3.48070350638243 12.3313959413098 4.69043901747691
1986 5 -3.58295117789916 -8.22307969227824 8.12526844833014
1986 6 -2.45830922408265 -15.7355741803982 4.38300433820483
1986 7 -4.34108606460475 -6.42853586859247 -3.03427882146172
1986 8 -9.84660845730804 -6.00937425168176 -8.13856899812667
1986 9 9.47652399694372 -9.56318991402555 -24.2784247166614
1986 10 5.71609453825099 -10.2771679509724 -20.5756675092456
1986 11 -2.50526759550525 1.32226762253991 1.3529440302842
1986 12 14.1217199793553 -11.6025676021418 -15.4813678255286
1987 1 -5.00071064673147 0.866848094886786 -16.1366633998551
1987 2 2.47102337395805 -5.90810659628525 -4.66314834563029
1987 3 -5.33648695019135 -7.60557929014151 -20.2426771071102
1987 4 3.76321638203054 -4.85511134135483 0.614893664776874
1987 5 -3.58295117789916 -18.1621660457668 -4.97620092094024
1987 6 -3.44657423878924 -4.56853987109963 -15.3421296688842
1987 7 -11.0392178560293 -1.22190710980253 -0.00721701644925724
1987 8 -4.35160148282385 -4.19748455258528 -9.19784748157175
1987 9 -10.1969113415078 -3.80781688211255 -8.29853301113266
1987 10 -5.9605421415775 12.52554634984 9.48004381038873
1987 11 -5.96809006211174 4.57103428636924 -4.76302248632277
1987 12 -5.87911122189041 2.72027523138221 -7.1055872255768
1988 1 -5.23480633051417 6.73713451030286 -11.7092626336817
1988 2 -6.76994843515861 4.50907654843993 -2.58770672879522
1988 3 -0.071082953949268 5.72111818443902 -8.81469316009531
1988 4 -3.19094671084591 -6.86392388088711 -4.16333192114791
1988 5 -3.58295117789916 -9.18211434042184 -8.33555204126651
1988 6 -3.44657423878924 -7.25644747290048 -16.4115646451721
1988 8 6.15736808453986 -8.62654826148762 -3.19526940871205
1988 9 -2.1525859938759 -1.92851140230405 -4.74744596545931
1988 10 -4.20535150141341 0.910471828236022 4.66275210062133
1988 11 -5.96809006211174 1.95106117037781 1.23302311819363
1988 12 6.20151409534891 2.08086260488588 -11.0471310373188
1989 1 -2.73778570349862 -10.3925537182873 -17.8927832568288
1989 2 29.7568658103363 2.95708086547868 2.82688984490392
1989 3 10.9862654381591 -1.21757554199573 1.64948491187026
1989 4 -3.48070350638243 15.4562154472491 14.668498329261
1989 5 -3.58295117789916 3.72126092551087 11.4846195686564
1989 6 -3.44657423878924 -1.88063226929878 -4.05364936362278
1989 7 15.1684020264742 1.17314211924073 3.49780191567053
1989 8 -0.521748136971228 -6.11003479052004 -2.84217658089591
1989 9 -13.1299169586614 11.9313665112814 -0.8735328247251
1989 10 -3.28156695395862 8.68138687113429 0.00448531847133374
1989 11 -0.3937904817208 15.3653235242526 1.7127067665552
1989 12 4.22916710477922 6.00868302479322 -1.68596448443153
1990 1 -2.9198601242185 -5.19590672759133 -19.5004986188471
1990 2 1.47199939459409 -20.8652690317746 -32.7507915601339
1990 3 0.981997845299148 -8.7950696432446 -20.3803636606888
1990 4 -3.48070350638243 3.29173951341455 -11.3306703000347
1990 5 -3.58295117789916 6.34598733095668 -8.87776309928389
1990 6 -3.44657423878924 13.9174649792286 0.172427016104425
1990 7 2.39478168057434 -21.0030912941571 -29.6405588971001
1990 8 1.14340549166035 -12.5379291992188 -25.2194345436932
1990 9 -0.71181130474781 -8.74099376660918 -22.3414681462943
1990 10 -3.00443158972219 -6.80193765410859 -7.48520090661778
1990 11 0.366341279241602 -1.24254816469357 -7.92514758933611
1991 2 4.46907133268598 21.824018284105 5.63565416635428
1991 3 -5.12587079034166 -6.28392334224904 -12.5322301067143
1991 4 -3.48070350638243 5.41215274958773 -24.1194505447144
1991 5 -3.58295117789916 -2.12013193136406 -22.332848375957
1991 6 -3.44657423878924 0.562920095974231 -26.9870882995749
1991 7 -4.7184456021498 -4.13761921472458 -8.5785814959066
1991 8 -1.46533519319579 7.07649579734688 3.86658714759492
1991 9 12.3580733751999 -5.56966576943279 -3.94038072780667
1991 10 -5.77578523208654 5.6494222330504 6.44305555857879
1991 11 7.46090438155735 -4.65127108192008 -12.5578817721942
1991 12 20.2236684814303 -7.78436077534773 3.07673428808955
1992 1 33.4950240197583 -17.8988215937372 8.44901459777844
1992 2 24.7617459135165 -14.8046475061899 11.4883995258297
1992 3 14.6720482355286 -14.6544110122335 7.57000671574575
1992 4 -3.48070350638243 2.73373603021136 17.4792192621575
1992 5 -3.58295117789916 -4.73568097175568 14.2840788355945
1992 6 -3.44657423878924 -0.292323231871673 5.33361320601611
1992 7 -12.0203526536465 -3.72108891402181 6.2062256359451
1992 8 13.1325116178077 -1.68097108161832 0.512205283349508
1992 9 6.7664954150123 10.4044308089376 2.67755422094729
1992 10 -3.00443158972219 7.78659594502559 -8.53243823482776
1992 11 -0.267101854893733 -7.16644527327166 -25.7491821021313
1992 12 0.900831558192879 -6.77956950513882 0.120576429283673
1993 1 -0.0586906557631795 -0.663275741262386 17.2007574530723
1993 2 10.9627271985517 -12.2728565688339 -2.7906387979968
1993 3 -5.33648695019135 9.0252580541695 0.685679036821235
1993 4 -2.75631151754114 10.0070228112764 -0.286475461979356
1993 5 -3.58295117789916 4.59311060564176 4.20602547461708
1993 6 -3.22695979107666 10.0927743205399 -2.6277360619055
1993 7 -13.7373385494764 4.60951710004158 0.757514386922278
1993 8 -10.5126699087607 2.94941370496124 5.98514411448723
1993 9 0.12864059724358 2.88720888970438 -14.4322288172949
1993 10 -0.658018839187031 4.72331362452812 0.0165091544622054
1993 11 13.4574993847052 0.483876225422919 3.15175771163919
1993 12 -6.74201303026465 3.74029061174573 16.954253125265
1994 1 -5.91108275033089 12.6074209257183 6.22294717344516
1994 2 -7.08214342870985 2.84342461596916 -7.20441130313296
1994 3 -5.33648695019135 3.95891025391619 -7.57551417788869
1994 4 -3.48070350638243 9.09497573873028 2.44186227116004
1994 5 -3.58295117789916 5.11622041372019 -4.52828743823053
1994 6 -1.08571892587905 7.28268910047593 8.89839646030926
1994 7 -11.5297852548379 5.55018136246298 9.37667457909017
1994 8 7.50799269442992 -1.37898946510224 -3.72490865043403
1994 9 12.9069399234392 2.88720888970438 1.3862498407029
1994 10 -4.55638962944623 5.4635810407049 -2.45846173120851
1994 11 6.57408399376788 -8.10963559502849 -5.84231069513577
1994 12 24.6306312884844 -12.8996617873205 5.2117371861171
1995 1 -0.969062759362601 -0.384196551021249 -1.81562963664617
1995 2 1.40956039588384 9.89011208557624 16.4694594062345
1995 3 -5.33648695019135 11.8888459412696 10.7367974480513
1995 4 -3.48070350638243 3.40334021005546 -12.5954947198382
1995 5 2.96457381724652 -4.47412606771647 -4.52828743823053
1995 6 -3.44657423878924 6.67180100915713 -10.3514331128738
1995 7 -5.17127704720386 16.7930283956085 5.56894946646931
1995 8 -10.3646562528823 13.2167886665062 10.0457116343638
1995 9 12.2208567381401 8.52512532912912 -1.68059806237871
1995 10 -5.9605421415775 12.8043081383585 -4.13404145634472
1995 11 -2.08297217274836 11.0252025417628 7.43169371210455
1995 12 -6.74201303026465 5.82599370293722 6.19712313905274
1996 1 -5.91108275033089 13.7622313680953 -6.88611654762683
1996 2 -7.08214342870985 17.1288394250453 8.64735055700622
1996 3 -5.33648695019135 13.1003638935041 1.51179835829232
1996 4 -2.03191952869984 13.670604300998 3.56615064431848
1996 5 -3.58295117789916 12.178202822778 12.0445114220439
1996 6 -3.44657423878924 12.0476162127588 15.4338324265136
1996 7 32.0363733547378 5.98059600652247 1.30982040046824
1996 8 -0.447741309032046 5.93232100588073 -3.60132616069912
1996 9 -14.7593645237467 -0.00725713946467903 -11.5152644583499
1996 10 -5.55407694069739 9.55208727230924 -2.66790919685037
1996 11 2.18221159709623 4.25663751245029 -4.40325975005178
1996 12 -6.74201303026465 6.00868302479322 -5.29904631186171
1997 1 -3.38805149178392 -3.27122265696316 -4.16536747344206
1997 2 -7.08214342870985 -6.81735659236399 -12.4206879001122
1997 3 -5.33648695019135 19.7086436329658 7.43232016216695
1997 4 34.6223151066698 -9.09593781370121 -5.00654820101694
1997 5 -3.58295117789916 15.7527865113132 15.6278192837243
1997 6 6.7105939679174 3.61736055256605 3.67004768734619
1997 7 -4.58636976400903 12.8359905389289 4.93167329699255
1997 8 17.0363717915995 7.57979849154013 5.45550487276416
1997 9 -2.95873373660234 7.58547258922524 14.9449458332727
1997 10 0.0255817259295098 0.724630635890531 0.578526520601431
1997 11 8.38995431162251 -1.71690119200969 10.7067751733302
1997 12 3.02726815740082 -18.8187958154607 -7.65302386609656
1998 1 -5.91108275033089 2.13713958150161 1.5234714998533
1998 2 1.03492640362236 -17.7283565453045 -3.72689357181358
1998 3 -5.12587079034166 -6.94475131619529 7.15694705501021
1998 4 -3.48070350638243 -8.64953502713824 -4.30386796779219
1998 5 -3.58295117789916 -2.03294696335081 0.95865272496858
1998 6 1.76926889438444 2.27340675166526 7.94778759249799
1998 7 -11.3033695323109 9.39961555812742 16.7212824323055
1998 8 0.865879886888417 9.79433034599101 7.57406183965648
1998 9 -6.9894724502345 7.93784236668927 15.7520110709253
1998 10 -5.9605421415775 8.71580190675362 14.9256779170824
1998 11 -5.96809006211174 6.24781708060319 4.35096683254276
1998 12 -6.74201303026465 -4.58729764286443 -9.73328310007145
1999 1 -5.91108275033089 12.2224841115925 -7.99915025979332
1999 2 -7.08214342870985 13.6407683194001 -5.0644003915517
1999 3 0.45545744567494 8.03401609325082 -4.54640999916197
1999 4 -3.48070350638243 -6.975524577528 -2.89850750134437
1999 5 -3.58295117789916 6.511179901929 -0.0491526111292876
1999 6 -3.44657423878924 9.35970861095793 4.62065655515747
1999 7 0.904211507271404 7.00456632908484 7.64009701726711
1999 8 1.08790037070596 15.1293389044416 13.2235470847011
1999 9 -7.57264315773873 17.9216527281702 14.4607066906809
1999 10 -2.17302549701288 21.3530029862587 10.3178336729568
1999 11 -5.96809006211174 16.8325084692081 6.14978051389775
1999 12 -6.74201303026465 1.07607133467699 -13.8390579039694
2000 1 -5.91108275033089 8.56558437739939 0.534108200149796
2000 2 -7.08214342870985 8.89855928812871 -6.0744486450782
2000 3 -0.597623353573476 -10.0286151946106 -15.1482746247063
2000 4 -1.30752753985854 25.9466809314735 4.83097506412203
2000 5 -3.58295117789916 28.5689768092332 -10.5751194548171
2000 6 -3.44657423878924 7.28268910047593 18.8797895723301
2000 7 -7.9260016712827 20.021138226058 11.7823921188637
2000 8 -11.6412740348332 10.9015962732164 4.74931921713413
2000 9 -4.1936834701407 15.3376076934343 8.64983697957956
2000 10 22.1409837919971 -4.01431976892388 8.22335901653625
2000 11 -5.54579463935485 -9.36722269070427 -11.8383562996522
2000 12 -6.74201303026465 16.970042336164 12.1094388566655
2001 1 -5.91108275033089 2.40659535138966 3.87320933664942
2001 2 -4.2723884867487 -2.15745036246202 -3.99439493576133
2001 3 -5.33648695019135 -1.32771353765298 4.40321598344024
2001 4 -3.48070350638243 -1.28388904885322 1.59864599129102
2001 5 -3.58295117789916 11.9166479187388 17.0835381025326
2001 6 -3.44657423878924 10.2149519388038 12.3443536061257
2001 7 7.99857081311829 4.19298679933816 8.11805414437444
2001 8 -9.82810675032325 14.2233940548934 10.7518972899938
2001 9 17.9153471761226 18.8613054680748 13.9764675480891
2001 10 -5.88663937778112 2.95472494403815 4.24385716933761
2001 11 -5.96809006211174 8.23899664875674 16.2231371294857
2001 12 -6.74201303026465 1.7154839611733 -7.43404920988864
2002 1 -5.78102959267383 4.23504521848622 -1.1972775743314
2002 2 2.59590137137855 11.0266745806747 6.57190894017107
2002 3 -5.33648695019135 5.72111818443902 -4.82178310631871
2002 4 -3.48070350638243 7.97896877232323 15.6522506557743
2002 5 -3.58295117789916 13.7475322470133 4.09404710393931
2002 6 -3.44657423878924 8.50446528311207 6.52187429078073
2002 7 18.8665254944157 10.3368087347096 -1.60040744013973
2002 8 -9.68009309444488 18.350476147279 11.2815365317169
2002 9 1.50080696784177 15.5725208784101 13.8150545005582
2002 10 -5.90511506873021 -2.7134314225043 -4.44821265480786
2002 11 -5.7569423507333 10.8589697647482 5.19041321717461
2002 12 -2.11932477111695 0.162624725395801 1.59865535868712
2003 1 -5.36485948817124 27.6199566766177 17.8479659449622
2003 2 7.40370427206762 -1.36185661589343 19.8132264555803
2003 3 -5.33648695019135 5.83125618009695 1.51179835829232
2003 4 7.09541953070051 1.28292697388229 4.54990297083262
2003 5 -3.58295117789916 9.12672894232063 5.88570103477953
2003 6 -2.07398394058564 6.67180100915713 -3.9348232551461
2003 7 -6.62411126675229 11.4822670616433 5.25031138173044
2003 8 -0.632758378879998 9.59300926831384 5.10241204494915
2003 9 2.32410679020068 2.41738251975209 1.22483679317197
2003 10 -3.59565370009325 9.18040488761825 12.9359269934824
2003 11 -5.88363097756037 6.35261600524306 5.67009686553618
2003 12 -6.74201303026465 8.93171217449222 -3.65673639030258
2004 1 29.4633761323895 -1.15407017927238 4.36789098650075
2004 2 1.3471213971736 -4.05041479395246 -5.55789428711031
2004 3 8.88010383966227 25.3256814115081 20.2371696449669
2004 4 3.76321638203054 -3.51590298166664 16.6360029822885
2004 5 -3.58295117789916 9.64983875039906 10.4768142325585
2004 6 -3.44657423878924 10.703662411858 2.24413438562893
2004 7 -0.265603059118244 8.87895268224862 -0.325855101187148
2004 8 3.56712910666853 13.2167886665062 8.80988673700958
2004 9 18.7557990781139 -12.0297783562739 -6.84581558335734
2004 10 -2.54253931599479 -10.2399997125034 1.20686891752766
2004 11 2.90011381578294 -17.3319409633178 -8.24072893694219
2004 12 -5.5092961611586 2.72027523138221 3.73365825671365
2005 1 12.0362530063434 5.96726088205113 16.2402505829434
2005 2 27.1344278645059 -10.7953253252069 10.4506787174125
2005 3 -5.33648695019135 1.75615034076229 6.05545462638239
2005 4 -3.48070350638243 4.63094787310276 7.78223204366363
2005 5 -3.58295117789916 -1.24828225123317 7.67735496562044
2005 6 -3.44657423878924 -9.08911174685542 -4.7666060144814
2005 7 6.24384896353382 4.92191482556898 7.00282084779035
2005 8 -0.429239602047251 6.97583525850798 5.27895845885611
2005 9 -0.00857603981623817 22.0326334652512 11.3938587875993
2005 10 -3.3739454087041 3.97685150193983 0.0549078564964314
2005 11 -5.96809006211174 14.5269321271357 4.47088774463261
2005 12 -6.6495592650817 13.1335665771844 5.54019917042864
2006 1 -5.91108275033089 9.7203948197764 -5.15473077314564
2006 2 -7.08214342870985 10.4583933331258 7.90941575990913
2006 3 -5.33648695019135 1.97642633207747 6.60620084069588
2006 4 -3.48070350638243 7.19776389583888 8.48491227688754
2006 5 -3.58295117789916 9.38828384635984 9.80494400849328
2006 6 7.25963008719884 19.8669837816327 14.0079191247964
2006 7 -2.41655242312501 12.5235928134015 8.43669222911234
2006 8 -11.4562569649852 7.27781687502405 9.69261880654875
2006 9 -10.1283030229779 1.83009955731224 0.740597650580184
2006 10 4.57060169940706 3.14056613638425 9.8989387416731
2006 11 -5.96809006211174 14.1077364285769 12.0259052063236
2006 12 -4.73884811796731 -1.48157917130999 -3.82096738245846
2007 1 1.97013860368696 -13.9532192489493 -6.26776448531213
2007 2 -7.08214342870985 5.11654960616475 2.1581364350349
2007 3 -4.28340615094293 9.79622402377365 7.70769326932455
2007 4 -3.48070350638243 -3.18110089174457 3.28507855102909
2007 5 -3.58295117789916 2.41348640531531 5.9976794054573
2007 6 -0.701393642382039 7.28268910047593 7.11600483316269
2007 7 -10.6995942722388 6.48390345320536 5.8875875512072
2007 8 -10.3276528389127 11.0022568120553 5.80859770057918
2007 9 22.7007773935837 -3.80781688211255 5.74440212402889
2007 10 -5.9605421415775 13.9193552924321 -5.07655505173409
2007 11 -0.478249566272178 8.13419772411687 15.3836907448531
2007 12 7.58832057309322 -13.5390744138174 -5.13481531970583
2008 1 -4.48049801610323 -3.27122265696316 -3.91802664851617
2008 2 -7.08214342870985 1.76564983613462 -7.49497312948992
2008 3 -5.33648695019135 1.42573635378918 -7.30014107073194
2008 4 -3.48070350638243 8.98337504208936 1.17703785135651
2008 5 -3.58295117789916 -0.55080250712878 1.51854457835605
2008 6 2.04378695402516 0.562920095974231 8.06661370097396
2008 7 2.82874514875114 -1.01364195945114 -3.03427882146172
2008 8 25.0476109160158 -6.61333748471392 -2.66563016698894
2008 9 -0.471682189893126 2.88720888970438 2.19331507835554
2008 10 -3.28156695395862 16.1494496005803 8.53753021499936
2008 11 -5.12349921659796 7.0862084777208 12.5055888546852
2008 12 -6.74201303026465 -1.84695781502202 11.4525148880414
2009 1 -5.39087011970265 6.73713451030286 4.73890222388963
2009 2 -7.08214342870985 7.27601834685145 2.1581364350349
2009 3 -2.1772445524461 0.434494392869849 7.57000671574575
2009 4 -3.48070350638243 -3.06950019510437 7.36062390372911
2009 5 3.69207659448493 9.21391391033388 17.4194732145653
2009 6 44.319568138696 4.1060710256202 1.41235162629363
2009 7 3.58346422384124 12.6277253885769 8.9146493562197
2009 8 -11.7707859837267 14.9280178267638 4.21967997541103
2009 9 -0.986244578867446 4.88397096200043 1.063423745642
2009 11 -3.01202210281352 4.67583321100846 9.38764514033673
2009 12 -6.43383381298814 -4.13057433822412 -3.98519837461442
