"anio" "mes" "ppAcc" "mTmax" "mTmin"
1970 1 -97.4798387096774 5.31760752688097 -13.72376344086
1970 2 -100 -1.292580049262 -13.743534482758
1970 3 336.853002070393 -32.633064516129 -27.41935483871
1970 4 -100 -25.933333333334 -28.741666666667
1970 5 -100 3.38306451612901 -26.91129032258
1970 6 33.3103922918098 -14.641025641025 -31.011965811966
1970 7 7.57091762907146 -17.935483870968 -4.93951612903199
1970 8 -2.73508315598644 -10.166559139785 -5.61182795698901
1970 9 89.1472868217054 -19.025833333333 -14.293333333333
1970 10 -100 -18.718775847808 -46.86517783292
1970 11 -100 12.880341880342 -27.299145299145
1970 12 -58.4664536741215 7.87427626137298 -9.67741935483801
1971 1 -100 15.193951612903 -28.4829032258063
1971 2 -100 -3.61400862069001 -30.5292487684727
1971 3 -100 24.141129032259 -22.41935483871
1971 4 -100 -13.766666666667 -44.075
1971 5 -100 -17.907258064516 -34.653225806451
1971 6 -35.5815554026154 -19.807692307692 -26.178632478633
1971 7 -42.0099926283889 -11.483870967742 -2.036290322581
1971 8 -8.80428785370852 -25.699892473119 -11.611827956989
1971 9 -14.391641388608 -6.025833333333 -9.293333333333
1971 10 130.87790110999 -30.654259718776 -24.44582299421
1971 11 -81.0385064177363 -8.61965811965799 -24.299145299145
1971 12 -51.5441959531417 -15.835401157982 -14.354838709677
1972 1 -64.7177419354839 10.962768817204 -8.078602150538
1972 2 -100 18.571951970443 -16.495997536946
1972 3 -21.3250517598344 25.431451612904 -3.38709677419399
1972 4 -100 14.566666666666 -23.908333333334
1972 5 143.928764166217 -6.133064516129 -17.556451612903
1972 6 -100 -14.974358974359 1.98803418803401
1972 7 -29.7785786441696 5.12903225806504 -0.262096774193985
1972 8 69.3071648143769 -23.904193548388 -8.05268817204301
1972 9 -44.994944388271 -8.69250000000001 -17.626666666667
1972 10 372.250252270433 -10.976840363937 -7.510339123242
1972 11 -96.2077012835473 -20.619658119658 -26.632478632478
1972 12 127.511537096201 -0.512820512820014 -5
1973 1 14.4153225806452 -26.779166666667 -22.1108602150536
1973 2 380.692890653194 -17.899722906404 -4.814963054187
1973 3 307.867494824017 -44.729838709677 -33.225806451613
1973 4 -72.89972899729 -26.766666666667 -42.741666666667
1973 5 -100 -9.84274193548394 -22.395161290322
1973 6 -100 -20.807692307692 -24.011965811966
1973 7 -14.0524749501734 -8.41935483870898 -10.262096774194
1973 8 -69.4963348309293 -8.90419354838798 -2.08494623655898
1973 9 -76.9464105156724 7.97416666666699 -6.45999999999997
1973 10 -100 18.861869313482 -28.316790736146
1973 11 -100 11.547008547009 -25.632478632478
1973 12 -100 24.325889164599 -19.354838709677
1974 1 -38.508064516129 3.059543010752 -14.046344086021
1974 2 -100 7.81456280788099 -24.9935344827584
1974 3 -93.7888198757764 0.915322580645999 -24.677419354839
1974 4 -100 10.9 -35.741666666667
1974 5 -100 -5.649193548387 -34.653225806451
1974 6 21.6792842395042 -6.47435897435898 -10.178632478633
1974 7 55.2952739782128 -19.548387096774 -5.58467741935498
1974 8 -19.9968471663908 -11.162258064516 -4.66559139784998
1974 9 -52.6794742163802 -13.6925 -7.29333333333297
1974 10 5.38176925664299 -0.654259718776018 -10.897435897436
1974 11 275.437572928821 -19.452991452991 -8.79914529914499
1974 12 -65.3887113951012 -16.319272125724 -26.612903225806
1975 1 -61.1895161290323 4.99502688171997 -25.1753763440859
1975 2 -100 -6.64972290640399 -31.6006773399013
1975 3 -75.1552795031056 -10.53629032258 -32.41935483871
1975 4 -100 -32.933333333334 -57.241666666667
1975 5 -100 -30.487903225807 -59.814516129032
1975 6 -100 -14.641025641025 -34.878632478633
1975 7 14.8879242089169 -36.3225806451609 -12.681451612903
1975 8 4.04350910380704 -8.90419354838798 -2.40752688172101
1975 9 -52.2750252780586 -12.025833333333 2.373333333333
1975 10 -100 0.958643507029961 -29.929693961952
1975 11 -37.8063010501751 12.547008547009 -21.299145299145
1975 12 -76.0028399006035 1.90653432588899 -19.838709677419
1976 1 -95.9677419354839 19.672446236559 -6.46569892473101
1976 2 -62.4684229520029 9.123676108374 3.84883004926101
1976 3 -100 0.754032258065003 -29.032258064516
1976 4 -100 -24.266666666667 -39.908333333334
1976 5 -100 -10.810483870968 -30.943548387096
1976 6 184.514796971782 5.35897435897503 -15.511965811966
1976 7 57.4794550468234 -11.6451612903219 -12.036290322581
1976 8 30.0543863797588 6.25709677419302 -6.92365591397898
1976 9 22.9524772497472 -25.859166666666 -16.293333333333
1976 10 88.4628321560711 -27.234904880066 -24.607113316791
1976 11 89.6149358226369 -3.11965811965802 -2.96581196581199
1976 12 -68.6190983315584 6.261373035567 -7.903225806451
1977 1 14.9193548387097 -12.101747311829 -4.530215053763
1977 2 -100 27.100277093596 -8.20782019704399
1977 3 -58.592132505176 -25.858870967742 -39.5161290322583
1977 4 -100 -19.433333333334 -33.075
1977 5 -100 -31.133064516129 -45.298387096774
1977 6 -64.2119752236752 -3.47435897435901 -15.345299145299
1977 7 70.3661233516259 -10.516129032258 0.0604838709680067
1977 8 -31.3470481595334 -1.64612903225795 3.07634408602102
1977 9 -89.2146949780924 9.8075 2.87333333333301
1977 10 -84.6955936764212 3.53928866832099 13.296112489661
1977 11 -87.8646441073512 16.047008547009 2.86752136752199
1977 12 -100 34.971050454922 17.25806451613
1978 1 -98.4879032258064 9.51115591397798 3.050430107527
1978 2 26.3081919884518 -11.471151477833 -5.886391625616
1978 3 372.049689440994 9.78629032258102 13.709677419355
1978 4 -100 -11.266666666667 -28.241666666667
1978 5 -100 -19.6814516129029 -28.201612903225
1978 6 105.781142463867 -4.47435897435895 3.154700854701
1978 7 -11.2130395609796 -2.129032258064 8.60887096774203
1978 8 -30.4800189170017 5.77322580645102 8.07634408602102
1978 9 9.8752949106842 -4.99250000000004 3.37333333333302
1978 10 485.940127817019 4.66832092638498 21.521918941274
1978 11 -54.4924154025672 -15.119658119658 2.86752136752199
1978 12 78.5942492012777 -21.964433416046 1.61290322580699
1979 1 450.403225806452 -39.359811827958 -2.75602150537601
1979 2 -100 -19.328294334976 -6.243534482758
1979 3 18.0124223602485 -13.278225806451 -2.25806451612899
1979 4 -100 -7.76666666666699 4.091666666666
1979 5 -63.302752293578 -33.713709677419 -1.75000000000001
1979 6 -55.264969029594 -4.47435897435895 4.15470085470098
1979 7 -8.26439511835531 7.38709677419401 11.028225806451
1979 8 -26.617797745724 4.16032258064504 8.882795698925
1979 9 -51.8705763397371 4.30749999999996 5.27333333333303
1979 10 -100 21.9263854425139 13.13482216708
1979 11 -100 -4.119658119658 -7.632478632478
1979 12 -70.4650337238197 13.035566583954 2.41935483871
1980 1 -88.4072580645161 -3.71465053763501 7.40526881720399
1980 2 -92.7823890292313 12.537469211822 26.607450738916
1980 3 -100 -12.471774193548 5.16129032258
1980 4 -83.739837398374 -3.93333333333402 6.25833333333299
1980 5 -93.5240151106314 -31.133064516129 -11.91129032258
1980 6 -70.4748795595321 3.69230769230803 10.488034188034
1980 7 29.1943102083163 10.935483870968 10.54435483871
1980 8 78.1350989201545 -20.1622580645169 -3.536559139785
1980 9 -32.8614762386249 4.97416666666702 5.706666666667
1980 10 126.942482341069 -9.68651778329203 -2.349048800662
1980 11 -31.7386231038507 -0.119658119658013 -5.63247863247799
1980 12 -96.3081292154775 27.712985938793 5.48387096774199
1981 1 676.209677419355 -10.811424731183 15.792365591398
1981 2 -87.7300613496932 11.207419950738 2.32789408866999
1981 3 179.503105590062 -24.729838709677 -5.80645161290299
1981 4 1065.31165311653 -5.76666666666704 23.591666666666
1981 5 -67.620075553157 -27.262096774194 2.604838709678
1981 6 65.5196145905021 -29.807692307692 5.15470085470099
1981 7 64.6872525732383 -19.387096774193 -1.22983870967797
1981 8 -73.7526602033578 4.96677419354803 -0.310752688172009
1981 9 58.5439838220425 -13.525833333333 -0.293333333332981
1981 10 54.7931382441976 -18.396195202647 0.0703060380480025
1981 11 -100 14.880341880342 13.867521367522
1981 12 -100 30.132340777502 11.612903225807
1982 1 -40.5241935483871 -8.06948924731202 4.50204301075299
1982 2 -100 4.42170566502401 5.006465517242
1982 3 -100 1.076612903226 10.483870967742
1982 4 -100 16.566666666666 27.591666666666
1982 5 -100 -16.616935483871 9.21774193548398
1982 6 -100 -4.97435897435899 -2.84529914529902
1982 7 -13.9432658967428 -3.90322580645098 4.09274193548402
1982 8 -21.8885473319146 -1.96870967741994 0.0118279569889879
1982 9 98.5844287158747 -2.02583333333301 0.206666666667026
1982 10 -100 3.70057899090199 -15.897435897436
1982 11 278.471411901983 -17.619658119658 2.03418803418801
1982 12 342.101526446574 -32.125723738627 -3.38709677419301
1983 1 78.9314516129032 -15.00497311828 7.727849462366
1983 2 105.701912666907 -20.935437192119 -6.243534482758
1983 3 676.39751552795 -23.600806451612 -0.161290322580996
1983 4 208.943089430894 -36.766666666667 -7.24166666666699
1983 5 -100 -0.971774193548995 10.991935483871
1983 6 -100 -4.47435897435895 -6.51196581196601
1983 7 -30.1062058044612 9.16129032258105 -0.907258064515979
1983 8 108.717584929455 -21.162258064516 -4.02043010752699
1983 9 28.4799460734749 -18.025833333333 5.04000000000001
1983 10 115.573494786411 -24.525227460711 2.16708023159601
1983 11 -39.3232205367562 -23.786324786324 2.200854700855
1983 12 -53.8516151934683 5.13234077750198 13.709677419355
1984 1 111.693548387097 -7.90819892473202 11.760107526882
1984 2 -42.2591122338506 -0.393565270935987 4.710899014779
1984 3 -100 12.04435483871 8.22580645161301
1984 4 -83.739837398374 -20.433333333334 10.925
1984 5 -78.4133837021047 13.70564516129 30.024193548387
1984 6 280.247763248451 -22.307692307692 6.488034188034
1984 7 23.7338575367898 -29.225806451613 -11.391129032258
1984 8 20.0441396705289 -22.452580645162 -8.536559139785
1984 9 -73.7108190091001 3.974166666667 2.70666666666703
1984 10 -51.9004372687522 -36.944582299421 -11.86517783292
1984 11 -31.7386231038507 -15.286324786324 -1.132478632478
1984 12 354.561590344337 -22.125723738627 12.096774193549
1985 1 189.314516129032 -38.553360215054 4.018172043011
1985 2 -78.347167087694 -28.61400862069 -7.493534482758
1985 3 -39.9585921325052 -15.375 6.129032258064
1985 4 198.10298102981 -8.26666666666704 11.425
1985 5 -100 1.44758064516104 9.54032258064597
1985 6 -100 -5.47435897435896 1.32136752136699
1985 7 -27.9220247358506 -7.61290322580599 -3.32661290322598
1985 8 -77.9301647355561 -4.54935483870997 2.91505376344102
1985 9 25.3791708796764 -8.19250000000004 -8.46
1985 10 -73.7638748738648 -18.557485525228 -5.09098428453299
1985 11 165.460910151692 -14.452991452991 0.700854700855
1985 12 -100 -1.803143093465 5.48387096774199
1986 1 -87.3991935483871 33.704704301075 24.018172043011
1986 2 -67.520750631541 6.38599137930999 10.899322660099
1986 3 -6.83229813664596 15.915322580646 19.354838709677
1986 4 306.50406504065 22.4 40.258333333333
1986 5 -100 -2.10080645161298 7.604838709678
1986 6 -10.5299380591881 -15.307692307692 7.321367521367
1986 7 -32.2903868730718 -17.774193548387 -5.26209677419399
1986 8 -33.3963900055175 -4.22677419354898 3.07634408602102
1986 9 160.869565217391 -7.52583333333298 -9.12666666666698
1986 10 18.0625630676083 -21.299421009098 -4.12324234904897
1986 11 -16.5694282380398 -9.28632478632402 15.867521367522
1986 12 105.360312389066 -22.125723738627 7.096774193549
1987 1 -100 -9.68239247311903 -4.691505376344
1987 2 -24.2150848069289 -15.578294334976 0.00646551724200251
1987 3 -100 -15.858870967742 -1.93548387096799
1987 4 143.90243902439 0.899999999999963 10.591666666666
1987 5 -100 -22.907258064516 0.346774193548995
1987 7 -60.6847407650094 14.806451612904 -6.875
1987 8 -12.1147631433751 -0.194516129032962 -1.76236559139799
1987 9 -92.5851027974385 10.640833333334 6.04000000000003
1987 10 -100 26.119933829611 25.876757650951
1987 11 -100 -2.78632478632399 -6.632478632478
1987 12 -70.0035498757544 -6.64185277088503 -5.64516129032199
1988 1 -87.3991935483871 6.12405913978399 -1.78827956989201
1988 2 -92.7823890292313 14.43402093596 11.952278325123
1988 3 -6.83229813664596 4.62500000000002 2.258064516129
1988 4 -72.89972899729 -6.93333333333399 4.59166666666601
1988 5 -100 -4.19758064516095 0.830645161290988
1988 6 -100 6.52564102564099 -4.345299145299
1988 7 39.7875883910776 -10.354838709677 -5.10080645161299
1988 8 2.07298809805312 4.48290322580604 4.205376344086
1988 9 -59.5551061678463 10.974166666667 5.87333333333302
1988 10 -93.4409687184662 11.603804797353 11.199338296112
1988 11 -100 5.880341880342 -3.465811965812
1988 12 160.738374156904 -5.83540115798201 -7.258064516129
1989 1 -26.9153225806452 -28.230779569893 -18.0786021505375
1989 2 293.359797906893 -2.542580049262 6.970751231527
1989 3 -79.296066252588 8.495967741936 9.35483870967701
1989 4 -100 28.233333333333 23.925
1989 5 -100 3.38306451612901 11.153225806452
1989 6 -100 -5.47435897435896 -6.17863247863301
1989 7 -37.2047942774456 7.870967741936 -0.907258064515979
1989 8 -26.3025143848033 -12.1299999999999 -9.34301075268799
1989 9 -61.577350859454 12.974166666667 2.70666666666703
1989 10 -95.6273124789775 13.055417700579 5.71546732837
1989 11 70.6534422403732 1.04700854700898 8.367521367522
1989 12 119.204827831026 -8.738626964433 -0.967741935483009
1990 1 -54.6370967741936 -5.32755376344102 -5.981827956989
1990 2 8.26416456153013 -24.328294334976 -18.207820197044
1990 3 -100 -6.504032258064 2.74193548387101
1990 4 -100 8.06666666666601 12.758333333333
1990 5 -100 3.22177419354801 6.79838709677497
1990 6 213.145216792842 12.025641025641 13.654700854701
1990 7 63.8135801457941 -31.3225806451609 -14.45564516129
1990 8 137.250729092772 -17.775161290323 -9.34301075268799
1990 9 32.1199865183687 -23.6925 -4.62666666666699
1990 10 -19.1052808610832 -9.68651778329203 7.812241521919
1990 11 89.6149358226369 -9.119658119658 15.200854700855
1990 12 218.423855165069 -13.254755996691 12.096774193549
1991 1 -44.5564516129032 -18.553360215054 6.27623655914
1991 2 94.8754962107542 -3.971151477833 19.470751231527
1991 3 -100 -28.439516129032 -0.483870967741993
1991 4 -100 3.56666666666598 -0.0750000000000028
1991 5 -100 -10.487903225807 -7.55645161290303
1991 6 -100 -8.64102564102495 -19.678632478633
1991 7 -41.5731564146668 -13.258064516129 -9.77822580645199
1991 8 -11.3265547410735 0.934516129032019 -2.40752688172101
1991 9 7.85305021907651 -27.025833333333 -4.95999999999999
1991 10 -100 4.34574028122398 13.941273779983
1991 11 104.784130688448 -15.952991452991 6.86752136752201
1991 12 176.89030883919 -31.803143093465 9.35483870967801
1992 1 -100 -40.488844086022 5.79236559139799
1992 2 -100 -29.876323891626 11.77986453202
1992 3 303.726708074534 -31.020161290322 6.129032258064
1992 4 -100 5.56666666666601 16.758333333333
1992 5 -100 -3.55241935483896 19.540322580646
1992 6 -100 7.85897435897503 4.32136752136699
1992 7 -55.224288093483 4.00000000000006 0.866935483871032
1992 8 -19.9968471663908 -10.517096774194 -0.149462365590978
1992 9 -0.910010111223454 9.8075 5.04000000000001
1992 10 -19.1052808610832 3.53928866832099 7.16708023159601
1992 11 -69.6616102683781 -22.452991452991 -7.13247863247799
1992 12 -49.2367767128151 -23.416046319272 9.35483870967801
1993 1 104.133064516129 -20.811424731183 21.437526881721
1993 2 387.188740526886 -35.756865763547 7.863608374384
1993 3 -100 -1.665322580645 12.903225806451
1993 4 -100 4.73333333333301 7.42500000000001
1993 5 1907.55531570426 -6.45564516129099 5.508064516129
1993 6 -100 2.19230769230805 -4.51196581196601
1993 7 -68.8754197722991 -5.51612903225795 -2.197580645161
1993 8 -71.2303933159927 10.45064516129 10.495698924731
1993 9 -12.3693966970003 -12.359166666666 -7.626666666667
1993 10 -32.2233434241508 -5.33167907361502 11.360628618693
1993 11 214.760793465577 -33.119658119658 14.534188034188
1993 12 -72.310969116081 -6.480562448304 18.225806451613
1994 1 -100 11.285349462365 20.308494623656
1994 2 -100 -5.57829433497599 1.07789408866999
1994 3 -100 -2.31048387096699 9.03225806451601
1994 4 -100 4.06666666666602 13.091666666666
1994 5 -100 1.28629032258104 1.95967741935497
1994 6 244.459738472126 -3.14102564102498 8.82136752136699
1994 7 -50.3098806891091 4.00000000000006 4.41532258064502
1994 8 2.86119650035469 -6.16225806451595 -6.43978494623699
1994 9 15.6723963599596 -10.859166666666 1.87333333333303
1994 10 -45.3414059872184 -10.976840363937 0.715467328369996
1994 11 434.714119019836 -25.952991452991 0.0341880341879985
1994 12 250.266240681576 -25.835401157982 10
1995 1 -64.7177419354839 -15.972715053764 1.27623655914
1995 2 1.04655359076145 19.243134236453 20.720751231527
1995 3 -100 16.560483870968 18.387096774193
1995 4 -100 -5.93333333333398 -4.575
1995 5 -100 -11.939516129032 -6.58870967741901
1995 6 -100 1.02564102564102 -9.84529914529901
1995 7 -31.6351325524886 15.935483870968 4.89919354838701
1995 8 58.1934263419248 6.74096774193501 3.07634408602102
1995 9 20.3909673070442 -7.19250000000002 -2.626666666667
1995 10 -100 12.571546732837 2.812241521919
1995 11 -8.98483080513429 10.380341880342 18.200854700855
1995 12 -95.3851615193468 6.261373035567 7.580645161291
1996 1 -100 19.188575268817 3.53430107526899
1996 2 -100 20.813331280788 18.331588669951
1996 3 -100 10.270161290323 9.03225806451601
1996 4 -45.7994579945799 12.9 9.92500000000001
1996 5 -100 16.608870967742 15.66935483871
1996 6 -100 8.52564102564102 19.988034188034
1996 7 119.510197395364 -8.41935483870898 -1.875
1996 8 50.3113423189091 -8.90419354838798 -4.02043010752699
1996 9 -35.9622514324233 -16.359166666666 -13.126666666667
1996 10 -66.3303060881265 3.37799834574 -0.0909842845329933
1996 11 80.5134189031503 2.71367521367598 -3.96581196581199
1996 12 -100 9.00330851943799 -4.67741935483801
1997 1 -69.2540322580645 -3.06948924731202 -7.433440860215
1997 2 -100 -8.43543719211901 -12.314963054187
1997 3 -37.888198757764 18.012096774194 14.354838709677
1997 4 387.80487804878 -14.6 -2.24166666666699
1997 5 374.905558553697 25.641129032258 29.862903225807
1997 6 83.4136269786645 0.692307692307992 5.654700854701
1997 7 -14.2708930570344 16.903225806452 1.67338709677402
1997 8 72.1447150626626 6.74096774193501 0.656989247312012
1997 9 -47.0171890798787 12.3075 10.873333333333
1997 10 -34.409687184662 1.92638544251395 -2.02646815549997
1997 11 180.630105017503 3.71367521367599 3.867521367522
1997 12 120.589279375222 -26.803143093465 -14.032258064516
1998 1 -100 3.220833333333 -6.949569892473
1998 2 127.354745579213 -29.328294334976 -16.957820197044
1998 3 -79.296066252588 -11.181451612903 -3.22580645161299
1998 4 -100 -10.6 -4.74166666666699
1998 5 -100 5.64112903225805 3.89516129032298
1998 6 92.3606331727457 8.02564102564105 5.15470085470099
1998 7 38.9139159636334 11.258064516129 6.67338709677402
1998 8 68.2824938913849 17.8700000000001 0.818279569892013
1998 9 -3.60633636670037 13.640833333334 4.54000000000001
1998 10 -93.4409687184662 20.152191894127 15.070306038048
1998 11 -100 19.380341880342 3.367521367522
1998 12 -90.7703230386937 1.422663358147 -13.387096774193
1999 1 -100 26.769220430107 -10.659247311828
1999 2 -100 32.814562807881 -0.707820197043993
1999 3 -85.5072463768116 5.59274193548401 -4.19354838709699
1999 4 -100 -9.76666666666702 -2.075
1999 5 -100 6.60887096774204 -1.42741935483802
1999 6 128.14865794907 3.02564102564105 -2.84529914529902
1999 7 59.1175908482813 -6.32258064516094 -6.22983870967797
1999 8 31.6308031843619 14.160322580645 -6.92365591397898
1999 9 -75.0589821368386 13.474166666667 2.87333333333301
1999 10 -3.80087453750433 28.539288668321 10.231596360629
1999 11 -100 34.713675213676 6.03418803418801
1999 12 -99.0770323038694 20.454921422664 -17.903225806451
2000 1 -100 41.607930107526 -3.239892473118
2000 2 -100 37.192641625615 9.193657635468
2000 3 3.51966873706004 9.62500000000002 -2.741935483871
2000 4 -100 34.233333333333 11.591666666666
2000 5 -100 31.286290322581 13.733870967742
2000 6 -95.5264969029594 13.525641025641 24.988034188034
2000 7 1.56441969039234 34.645161290323 13.770161290322
2000 8 -53.4957042642075 9.96677419354803 -0.955913978494998
2000 9 -95.2814290529154 32.8075 8.04000000000002
2000 10 332.896064581231 -19.20264681555 4.90901571546701
2000 11 -100 -31.952991452991 -24.299145299145
2000 12 -95.3851615193468 26.261373035567 2.580645161291
2001 1 -100 -4.03723118279601 -7.272150537634
2001 2 66.0050523276795 0.850277093596006 -2.493534482758
2001 3 -100 4.78629032258102 2.258064516129
2001 4 -100 7.73333333333298 4.59166666666601
2001 5 -100 29.512096774193 28.572580645162
2001 6 -100 17.525641025641 16.821367521367
2001 7 -18.4208370873945 8.35483870967806 5.70564516129
2001 8 -23.7014266572082 23.0312903225801 6.140860215054
2001 9 104.920795416245 35.8075 19.873333333333
2001 10 20.2489068281196 5.47477253928896 1.19933829611202
2001 11 -100 15.880341880342 12.367521367522
2001 12 -100 5.777502067825 -8.548387096774
2002 1 -100 18.704704301075 -1.30440860215
2002 2 1.04655359076145 20.13599137931 7.32789408866999
2002 3 -100 15.431451612904 3.709677419355
2002 4 -100 26.066666666666 23.591666666666
2002 5 -100 35.802419354839 12.120967741936
2002 6 -100 17.358974358975 6.65470085470098
2002 7 30.5048188494826 14.322580645162 -0.584677419354982
2002 8 -5.33617088358163 28.1925806451611 3.72150537634401
2002 9 -6.30266262217728 23.140833333334 9.70666666666702
2002 10 -100 1.76509511993395 -6.05872622001698
2002 11 -96.2077012835473 25.380341880342 7.70085470085501
2002 12 -15.0869719559817 5.45492142266397 -4.67741935483801
2003 1 -100 55.962768817204 23.534301075269
2003 2 138.181162035366 -3.792580049262 18.756465517242
2003 3 -100 14.46370967742 3.709677419355
2003 4 279.40379403794 13.9 7.42500000000001
2003 5 -100 25.963709677419 12.766129032258
2003 6 160.357880247763 18.192307692308 4.48803418803401
2003 7 -46.2691457121795 30.129032258065 4.41532258064502
2003 8 -3.91739575943879 23.999032258064 1.624731182796
2003 9 67.8463094034378 11.474166666667 1.37333333333302
2003 10 -82.5092499159099 22.0876757650949 15.392886683209
2003 11 -100 18.880341880342 5.034188034188
2003 12 -100 25.454921422664 -4.67741935483801
2004 1 391.431451612903 0.31760752688097 0.147204301075003
2004 2 250.054132082281 -15.56597906404 -18.73737684729
2004 3 386.542443064182 31.560483870968 19.838709677419
2004 4 469.105691056911 -7.26666666666702 11.091666666666
2004 5 -100 26.931451612903 18.733870967742
2004 6 -100 25.5256410256411 10.321367521367
2004 7 35.3100172004259 16.903225806452 -5.58467741935498
2004 8 -36.5492236147237 20.773225806451 5.49569892473102
2004 9 167.610380856084 -14.859166666666 -17.46
2004 10 195.593676421123 -5.81555004135701 -5.89743589743598
2004 11 32.7304550758458 -26.786324786324 -17.465811965812
2004 12 -49.2367767128151 -2.28701406120702 -2.419354838709
2005 1 310.786290322581 5.96276881720399 13.050430107527
2005 2 413.89390111873 -21.11400862069 5.720751231527
2005 3 -100 0.27016129032301 5.32258064516101
2005 4 -100 16.566666666666 14.258333333333
2005 5 213.005936319482 11.125 13.572580645162
2005 6 -100 6.69230769230801 -3.17863247863301
2005 7 33.9995085592596 24.483870967742 13.447580645161
2005 8 -20.7850555686924 9.32161290322504 3.72150537634401
2005 9 -95.9555106167846 35.140833333334 17.706666666667
2005 10 -100 17.0876757650949 7.00578990901601
2005 11 -100 43.213675213676 11.867521367522
2005 12 -100 34.809760132341 14.516129032259
2006 1 -93.4475806451613 35.801478494623 9.985913978495
2006 2 -100 30.13599137931 18.935036945813
2006 3 -100 11.560483870968 13.548387096774
2006 4 -100 28.566666666666 19.758333333333
2006 5 -100 27.415322580645 17.604838709678
2006 6 -91.0529938059188 17.358974358975 18.821367521367
2006 7 -5.09733256886995 20.290322580645 8.93145161290303
2006 8 -39.5444155434697 9.80548387096704 9.68924731182799
2006 9 63.3973710819009 -3.19250000000004 0.706666666666997
2006 10 28.9942818701646 2.732837055418 16.360628618693
2006 11 -100 27.713675213676 16.034188034188
2006 12 -100 6.58395368072799 5.806451612904
2007 1 41.1290322580645 -22.42432795699 -7.110860215054
2007 2 -45.8679177192349 0.493134236453017 3.399322660099
2007 3 -100 25.915322580646 19.193548387097
2007 4 -100 0.733333333333022 9.258333333333
2007 5 -100 11.770161290322 12.604838709678
2007 6 -82.1059876118376 13.525641025641 13.321367521367
2007 7 -19.1853004614082 12.548387096774 7.31854838709701
2007 8 -27.7212895089462 -1.96870967741994 5.33440860215002
2007 9 73.2389619143916 -5.35916666666601 2.54000000000001
2007 10 -100 18.055417700579 5.070306038048
2007 11 -26.4294049008169 22.380341880342 22.534188034188
2007 12 119.204827831026 -20.190239867659 5.161290322581
2008 1 -84.8790322580645 -10.166263440861 -0.981827956989001
2008 2 -100 9.261607142857 -4.599445812808
2008 3 -100 18.979838709678 2.74193548387101
2008 4 -100 27.9 12.091666666666
2008 5 -100 3.866935483871 5.02419354838697
2008 6 61.0461114934615 11.525641025641 15.154700854701
2008 7 0.581538209517568 -16.967741935484 0.221774193548008
2008 8 73.6423110270355 -12.936451612904 3.23763440860201
2008 9 43.3097404785979 -2.85916666666601 6.87333333333303
2008 10 -80.3229061553986 22.571546732837 13.941273779983
2008 11 -39.3232205367562 20.547008547009 21.867521367522
2008 12 -96.3081292154775 11.261373035567 18.870967741936
2009 1 -84.8790322580645 13.704704301075 17.243978494624
2009 2 -100 23.528848522167 15.363608374384
2009 3 -100 13.979838709678 15.322580645161
2009 4 -100 4.23333333333296 17.758333333333
2009 5 763.464651915812 18.383064516129 29.379032258065
2009 6 530.763936682724 3.19230769230799 8.82136752136699
2009 7 -87.9870041226418 19.0000000000001 16.834677419355
2009 8 -58.2249546780169 27.8700000000001 14.850537634409
2009 9 -15.0657229524772 10.140833333334 5.37333333333301
