"anio" "mes" "ppAcc" "mTmax" "mTmin"
1970 1 -100 -6.92390405293601 -11.5492142266336
1970 2 -100 20.553112906788 5.4006544138123
1970 3 261.874559548979 -35.227460711331 40.6079404466501
1970 4 -68.8694702348444 -42.618623481781 7.0060728744939
1970 5 -100 -26.721844934918 -24.9684493491794
1970 6 -29.7908506392728 -25.779612825167 -34.7180278281907
1970 7 -2.82683744433892 -13.082326992004 -11.991287565481
1970 9 10.4019399263375 -22.045056126907 -11.736909323116
1970 10 -100 -23.172043010753 -29.3341604631927
1970 11 -100 19.273873873874 26.6261261261262
1970 12 -92.8693973836586 -6.822727006615 -22.7716761313741
1971 1 -100 -28.956162117452 -39.2588916459884
1971 2 -43.4944237918216 7.338827192502 -36.5636313004734
1971 3 -100 34.449958643507 9.96277915632755
1971 4 -100 16.714709851552 5.8394062078272
1971 5 -100 -1.72184493491798 81.8057441992074
1971 6 68.6423767644668 -10.946279491833 45.948638838476
1971 7 6.96852954420363 56.2725117176729 58.008712434519
1971 8 -0.886690627218155 21.475821087758 42.124582869855
1971 9 -55.6653627067464 -0.711722793574019 20.263090676884
1971 10 35.1890756302521 -9.78494623655902 2.601323407775
1971 11 -100 8.44054054054101 17.6261261261262
1971 12 -37.2506969761956 -41.500146361454 17.0670335460453
1972 1 -57.110538553384 7.33416046319299 7.9991728701406
1972 2 -100 11.058039015162 -13.9774244039217
1972 3 30.5496828752645 35.578990901572 20.9305210918114
1972 4 -100 29.214709851552 -17.1605937921728
1972 5 173.560209424084 3.43944538766301 -7.7103848330504
1972 6 68.2211218683024 -13.1129461585 -11.551361161524
1972 7 61.5650172612196 2.724124620899 -65.507416597739
1972 8 62.6913933548903 -14.169340202564 -77.2302558398222
1972 9 60.8217235147436 -10.211722793574 -57.0702426564497
1972 10 170.936783804431 11.666666666666 -3.68899917287011
1972 11 63.2037144515379 -18.726126126126 1.7927927927928
1972 12 100.67553077418 -0.371114103388983 21.2605819331421
1973 1 167.140074153208 -27.504549214226 7.9991728701406
1973 3 9.93657505285428 -46.679073614557 6.73697270471465
1973 4 -100 -44.118623481781 -28.4939271255061
1973 5 23.6350037397159 -28.818619128466 -0.774900962082699
1973 6 -55.0661444091346 -29.6129461585 -13.684694494857
1973 7 -53.9500675439036 -21.792004411359 -10.539674662255
1973 8 -58.4708811699359 -14.169340202564 -3.35928809788701
1973 9 -88.6990140232883 -11.37838946024 -4.23690932311599
1973 10 -100 6.827956989247 -39.3341604631927
1973 11 -100 -22.892792792793 10.2927927927928
1973 12 -82.6828222174566 1.241789122417 7.3896141912066
1974 1 56.8528875761956 -8.794871794871 39.7733664185277
1974 2 -100 3.05311290678798 44.864940128098
1974 3 -100 0.0951199338300057 34.9627791563275
1974 4 -100 7.88137651821902 48.5060728744939
1974 5 -100 -14.62507074137 -10.2910299943407
1974 6 -50.8535954474909 -15.279612825167 -24.8846944948573
1974 7 7.71001150747975 -34.211359250069 -20.217094017094
1974 8 -53.9754610903929 -25.62095310579 -27.391546162403
1974 9 -57.4039759339328 -31.711722793574 -27.903575989783
1974 10 -32.0330404889228 -29.301075268818 -3.04383788254761
1974 11 -82.8206616366802 -19.892792792793 8.62612612612614
1974 12 -83.7014797340768 -22.790468942099 25.7767109654001
1975 1 -38.7293407905486 -0.569065343259005 32.6765922249793
1975 2 -71.7472118959108 -18.018315664641 32.364940128098
1975 3 -77.0965468639887 -5.38875103391202 37.5434243176179
1975 4 -100 -32.285290148448 4.1727395411606
1975 5 -100 -24.78636106395 22.1283248443689
1975 6 -94.3832680511418 -8.61294615849999 -29.3846944948573
1975 7 25.6616800920597 -24.437165701682 -23.604190791287
1975 8 -20.3668443052379 -13.685469234822 -22.230255839822
1975 9 -24.2833939560315 -27.211722793574 -24.7369093231163
1975 10 -100 -3.172043010753 -5.78577336641851
1975 11 -65.6413232733604 9.107207207207 12.4594594594595
1975 12 -71.4775895346344 -11.822727006615 44.3250980621743
1976 1 -65.6884308427072 12.172870140612 37.8378825475599
1976 2 -37.8438661710038 4.161487291024 55.8501618029749
1976 3 -100 -3.45326716294402 20.1240694789082
1976 4 252.812670671764 5.71470985155202 39.3394062078272
1976 5 361.854899027674 2.79428409734003 33.9025183927564
1976 6 69.9061414529599 68.053720508167 51.448638838476
1976 7 14.8126282083353 -30.179101185552 -14.894513371933
1976 8 -73.8837500140834 5.89517592646803 24.221357063404
1976 9 44.7395511632692 -36.511722793574 -13.403575989783
1976 10 28.4854851031322 -9.78494623655902 10.9884201819686
1976 11 50.3192106790481 -23.726126126126 28.2927927927928
1976 12 -91.8507398670384 -8.27433990984098 33.8412270944324
1977 1 165.914660969019 -23.794871794871 50.2572373862696
1977 2 -100 41.088827192502 50.7577972709552
1977 3 -7.01198026779408 -18.775847808106 32.2208436724566
1977 4 -100 -6.28529014844798 45.0060728744939
1977 5 -100 -12.528296547821 25.3541312959819
1977 6 -54.3640529155273 27.720387174833 11.781972171809
1977 7 19.0273677890628 37.240253653157 -22.959029500965
1977 8 -4.73990783825503 10.991950120016 -34.327030033371
1977 9 51.2593507652183 -4.37838946024002 -16.903575989783
1977 10 -59.0336134453782 -2.68817204301101 26.6335814722912
1977 11 -100 3.60720720720703 20.2927927927928
1977 12 -100 -19.720391077805 44.0358878285814
1978 1 -100 -19.278742762613 48.1604631927212
1978 2 1.14498141263928 -0.161172807497998 42.1863686995266
1978 3 165.680056377731 -7.64681555004103 56.7369727047146
1978 4 -100 17.714709851552 37.3394062078272
1978 5 -100 59.084606677985 44.5476796830784
1978 6 -36.3905106791811 63.220387174833 48.281972171809
1978 7 6.53925051283323 48.530576233802 45.75064791839
1978 8 -81.1192356659193 19.862917861952 -14.488320355951
1978 9 -69.3134765401597 9.62161053975997 11.763090676884
1978 10 281.918449197861 -18.978494623656 17.4400330851944
1978 11 106.152060359837 -54.859459459459 32.9594594594595
1978 12 203.967402959468 -83.4356302324215 7.0347754815292
1979 1 216.156601520769 -82.665839536807 30.5798180314309
1979 2 69.5167286245351 -10.339744236069 36.4720829852409
1979 3 92.389006342495 -47.808105872622 9.31761786600497
1979 4 -100 18.214709851552 11.0060728744939
1979 5 91.8474195961109 7.95557441992102 19.5476796830786
1979 6 76.9270563890326 9.88705384150002 11.615305505143
1979 7 -18.827237704508 7.88541494347999 -2.95902950096499
1980 7 -2.67073597838605 -7.11458505652001 4.944196305487
1980 8 14.3549241186611 -21.266114396113 8.4149054505
1980 9 110.372200489556 -9.54505612690703 17.42975734355
1980 10 14.1472498090145 -25.913978494624 -1.4309346567411
1980 12 -42.9551790692687 23.499853638546 14.8089690299163
1981 1 278.407591277572 -23.31100082713 29.612076095947
1981 2 280 2.51739862107399 -1.385059871902
1981 3 224.31289640592 -31.195202646815 10.1240694789082
1981 4 204.04150737302 -12.751956815114 8.8394062078272
1981 5 -68.0254300673149 -32.20571590266 0.515421618562497
1981 6 95.1814352228217 -17.1129461585 -4.218027828191
1981 7 78.5410516835941 -23.082326992004 2.04097049903501
1981 8 -24.8622643847809 -7.08925121479997 -7.80311457174701
1981 9 72.5573627982519 -15.37838946024 2.096424010217
1981 10 -58.1025592055004 -15.268817204301 13.5690653432589
1981 11 -100 22.940540540541 1.45945945945947
1981 12 -100 26.88695041274 -16.4813535507289
1982 1 31.119210708226 4.26964433416099 -6.3556658395368
1982 2 -100 5.01739862107399 -17.0993455861877
1982 3 -100 14.933829611249 -3.26302729528535
1982 4 -100 10.548043184886 -5.6605937921728
1982 5 -18.2872101720268 -22.904640633843 -28.4254385964913
1982 6 -89.4686275958909 1.64567453115499 -33.499637023593
1982 7 18.6371141241806 -10.340391508133 -8.604190791287
1982 8 -21.522809468549 -4.00804987998399 -3.197997775306
1982 9 -38.7138837416788 -4.54505612690703 -3.40357598978299
1982 10 -100 14.731182795699 -39.1728701406121
1982 11 312.304120719675 4.27387387387402 20.2927927927928
1982 12 129.197941239545 -29.854985071131 2.7121948363679
1983 1 9.06177339282349 -10.89164598842 -6.3556658395368
1983 2 -1.11524163568784 -20.339744236069 -16.5636313004734
1983 3 756.589147286823 -33.614557485525 -10.682382133995
1983 4 221.682140906608 -52.810931174089 -27.7246963562753
1983 5 -7.62902019446512 -9.46378041878898 -33.6781267685343
1983 6 -100 -10.279612825167 -38.551361161524
1983 7 -29.1689598238856 15.949931072512 -9.733223049352
1983 8 -7.522786935115 -1.26611439611299 -0.133481646274003
1983 9 142.362683869787 5.95494387309298 13.263090676884
1983 10 178.385217723453 -1.88172043010802 3.5690653432589
1983 11 33.1398723157283 -2.72612612612598 2.7927927927928
1983 12 -32.7686039030667 26.241789122417 -1.8039341958902
1984 1 -17.8973166593351 -0.246484698097014 -10.0653432588917
1984 2 -91.5241635687732 7.95459073929997 -29.6670795763355
1984 3 -100 14.933829611249 -26.6501240694789
1984 4 -37.7389404696887 -7.95195681511398 -12.3272604588394
1984 5 493.305908750936 4.08460667798501 6.3218732314657
1984 6 119.052546005469 -41.1129461585 -2.71802782819099
1984 7 18.0517336268573 -21.630714088778 -7.63644885580399
1984 8 26.2998974728754 -11.104824073532 -3.35928809788701
1984 9 -20.0237915494248 0.121610539759978 -11.403575989783
1984 10 72.2450343773873 -40.752688172043 -2.0760959470637
1984 11 -82.8206616366802 -107.392792792793 -23.7072072072072
1984 12 398.123525627278 -10.53240442597 19.8089690299163
1985 1 125.476025890781 -33.794871794871 3.1604631927212
1985 2 -40.6691449814127 -15.161172807498 -11.7422027290448
1985 3 37.4207188160679 -5.06617038875103 -1.48883374689826
1985 4 361.769524849809 -10.618623481781 5.8394062078272
1985 5 -100 -2.52829654782097 -5.4523203169214
1985 6 3.06703126154759 -13.946279491833 -6.551361161524
1985 7 -9.92945414519446 -10.017810862972 -9.088061759029
1985 8 -10.4769201302433 -4.49192084772598 0.995550611790996
1985 9 -62.0982316473361 -11.37838946024 -31.2369093231163
1985 10 -45.0677998472116 -12.043010752688 -14.656741108354
1985 11 119.036564132327 1.10720720720703 -16.2072072072072
1985 12 -100 25.435337509514 -29.0619987120192
1986 1 -59.5613649217621 35.398676592225 -20.0653432588917
1986 2 13.0111524163568 10.195970049645 -13.1707741576163
1986 3 -45.9478505990133 15.09511993383 -13.7468982630273
1986 4 24.5221190606226 18.048043184886 5.5060728744939
1986 5 -39.6035901271503 -1.56055461233699 -4.1619977362762
1986 6 35.5036582662036 -23.1129461585 2.94863883847601
1986 7 -35.8422974933708 -24.372649572649 -6.82999724289999
1986 8 -3.11299390470612 -5.13708213804797 -1.74638487208
1986 9 -22.8055727129231 -6.87838946024002 -10.403575989783
1986 10 71.3139801375096 -13.172043010753 -9.9793217535153
1986 11 111.305861868833 -4.39279279279297 -7.54054054054053
1986 12 98.0270212309671 -18.758210877583 -15.8361922604063
1987 1 -75.4917363162194 -1.69809760132303 -33.6137303556659
1987 2 13.0111524163568 -15.518315664641 -31.9207741576163
1987 3 -100 -11.195202646815 -38.7468982630273
1987 4 19.3336974330966 3.881376518219 -11.9939271255061
1987 5 237.509349289454 -27.528296547821 -16.7426428975665
1987 6 -58.9978567733353 -4.27961282516698 -16.384694494857
1987 7 -24.3298143793467 22.88541494348 -13.120319823545
1987 8 -0.586995955248625 -5.13708213804797 -7.714126807564
1987 9 -76.96337473978 13.454943873093 -19.7369093231163
1987 10 -72.0683728036669 18.763440860215 3.73035566583949
1987 11 -67.7887405687754 2.27387387387402 -31.8738738738738
1987 12 -13.4141110872829 2.04824073532002 -19.7071600023418
1988 1 -52.2088858166279 8.62448304383797 -19.7427626137304
1988 2 -100 -103.424719605527 7.4018859409059
1988 3 -8.38618745595477 -105.227460711332 12.5434243176179
1988 4 76.406335335882 -85.618623481781 39.0060728744939
1988 5 -100 -91.237973967176 33.0960667798528
1988 6 -79.6393466853891 -59.979612825167 38.281972171809
1988 7 -61.8722169410117 -33.974800110284 27.159250068928
1988 8 -65.791993870906 -26.104824073532 24.705228031146
1988 9 -74.0946629149224 -38.711722793574 24.763090676884
1988 10 -30.5433537051184 -60.591397849463 41.3110008271299
1988 11 -100 -111.059459459459 4.95945945945947
1988 12 -75.7559511044392 -91.6936947485506 11.744452900884
1989 1 -1.96694526487776 -3.31100082713 -28.9363110008271
1989 2 13.0111524163568 -80.729955876281 32.1400724032303
1989 3 -17.5475687103593 -80.066170388751 36.7369727047146
1989 4 -79.2463134898962 -71.285290148448 54.6727395411606
1989 5 6.58189977561717 -65.108941709111 61.4831635540464
1989 6 -52.9598699283128 -47.779612825167 54.615305505143
1989 7 -15.1198278881274 -25.017810862972 29.299035015164
1989 8 -3.71238324864519 -25.782243428371 27.285873192436
1989 9 -86.9604007961019 -49.711722793574 16.42975734355
1989 10 -83.2410236822001 -79.94623655914 20.6658395368073
1989 11 -18.3981427742311 -89.726126126126 33.2927927927928
1990 1 -59.3162822849243 0.721257237386972 -17.9685690653433
1990 2 114.721189591078 -18.732601378926 -23.1707741576163
1990 3 -23.5024665257222 -0.550041356493018 -6.00496277915632
1990 4 -100 1.381376518219 -7.4939271255061
1990 5 -85.7890800299177 -5.754102999434 -9.0007074136956
1990 6 38.3120242406326 9.38705384149998 13.281972171809
1990 7 66.0529344073646 -25.017810862972 4.944196305487
1990 8 -10.5197336548103 -23.846759557403 -15.294771968854
1990 9 29.7874774094661 -8.45246353431403 1.46679438058701
1990 10 -21.7914438502674 -0.913978494623997 -4.656741108354
1990 11 87.6842716192686 -4.226126126126 4.2927927927928
1990 12 272.013725069698 -6.500146361454 6.4218722557227
1991 1 -87.7458681581097 -101.859387923904 53.9669148056245
1991 2 188.17843866171 -1.05402995035501 15.5792258423837
1991 3 -77.0965468639887 -9.582299421009 -3.26302729528535
1991 8 58.7953626192863 -14.491920847726 1.47942157953299
1991 9 77.2516185116552 -15.045056126907 -3.903575989783
1991 10 -92.1791443850267 10.215053763441 -4.8180314309346
1991 12 123.493459146472 -23.435630232422 11.2605819331421
1992 1 129.397348080186 -36.214226633581 23.6443341604632
1992 2 67.256505576208 -21.528167881389 9.29843766504384
1992 3 124.453840732911 -22.48552522746 -8.424317617866
1992 4 250.737302020754 -3.11862348178099 5.6727395411606
1992 5 180.665669409125 -22.528296547821 0.0315506508205932
1992 6 -44.5347720050255 -8.279612825167 -19.551361161524
1992 7 -2.51463451243318 0.62735042735099 -4.733223049352
1992 8 59.2234978649571 -6.91127568643498 -4.16573971079
1992 9 -19.1544849358316 12.454943873093 1.096424010217
1992 10 -28.1226126814362 11.666666666666 -7.0760959470637
1992 11 -91.4103308183401 -7.89279279279299 -22.2072072072072
1992 12 147.126313532061 -6.01627539371201 26.744452900884
1993 1 124.49569534343 -14.923904052936 40.9023986765922
1993 2 237.055762081784 -21.946887093212 15.2220829852409
1993 3 -100 6.54673283705598 -7.94044665012406
1993 4 -53.3042053522665 -1.61862348178097 -15.1605937921728
1993 5 89.7157816005986 -4.46378041878898 -7.7103848330504
1993 6 -17.1532037543419 7.6870538415 -18.384694494857
1993 7 -13.4027117626458 -36.108133443617 2.29258340226101
1993 8 17.6515655103259 -1.42740471869299 -1.5850945495
1993 9 -5.50637110241822 -2.04505612690703 -6.903575989783
1993 10 12.285141329259 -12.043010752688 -5.6244830438379
1993 11 18.9669181659895 -17.559459459459 14.4594594594595
1993 12 -11.3767960540425 -1.500146361454 24.8089690299163
1994 1 -95.0983472632439 11.850289495451 -24.5814722911497
1994 2 -81.635687732342 6.80311290678798 -15.8493455861877
1994 3 -100 7.67576509511997 -9.7146401985112
1994 4 -16.9852539595849 4.54804318488602 -12.8272604588394
1994 5 -92.8945400149589 2.95557441992102 -21.5813525749859
1994 6 71.7315793363388 -0.11294615849998 10.148638838476
1994 7 -35.881322859859 1.43380204025398 -0.862255307415989
1994 8 27.6271167344547 3.41130495872601 8.25361512792
1994 9 -4.11548052066909 -4.37838946024002 1.096424010217
1994 10 -2.23930481283421 -1.23655913978499 -8.68899917287011
1994 11 247.881601857226 1.44054054054102 -0.873873873873862
1994 12 145.08899849882 -7.46788829693799 10.7767109654001
1995 1 -37.5039276063596 4.43093465674099 -9.0976013234078
1995 2 134.49814126394 3.588827192502 29.1506544138123
1995 3 -72.5158562367864 14.611248966088 5.76923076923077
1995 4 -100 -1.78529014844798 -30.9939271255061
1995 5 -100 -12.689586870402 -24.9684493491794
1995 6 -61.8062227477644 4.72038717483301 -31.7180278281907
1995 7 -48.8377445339471 14.498318169286 -6.184835952578
1995 8 40.0858523834739 9.70162753937103 11.318131256952
1995 9 46.6520257131743 6.54115076964498 15.061941251596
1995 10 -97.2068372803667 15.376344086021 -21.7535153019024
1995 11 106.152060359837 15.940540540541 5.7927927927928
1995 12 -77.5895346343556 2.69340202564301 -10.8361922604063
1996 1 -100 37.818031430935 -32.8072787427626
1996 2 -63.2713754646841 32.43734935999 -0.356734748749301
1996 3 -100 19.449958643507 -24.2307692307692
1996 4 -100 20.048043184886 -14.3272604588394
1996 5 -100 25.697509903792 -8.1942558007923
1996 6 46.0350306703126 0.220387174833014 15.781972171809
1996 7 9.27102616700844 0.949931072511987 -3.12031982354499
1996 8 -2.81329923273659 -7.71772729933897 -0.456062291435
1996 10 -51.585179526356 9.086021505376 -17.2373862696443
1996 11 22.4027858386534 26.607207207207 -17.2072072072072
1996 12 -100 28.661143961127 -24.3845793571805
1997 1 -97.5491736316219 -4.92390405293602 -22.0008271298594
1997 2 -57.6208178438662 -7.839744236069 -39.0636313004734
1997 3 -56.4834390415785 29.611248966088 -2.77915632754342
1997 4 413.653741125068 -28.285290148448 -19.1605937921728
1997 5 358.302169035154 2.47170345217903 -1.4200622524052
1997 6 76.9270563890326 -14.946279491833 -11.718027828191
1997 7 31.9057387301745 4.49831816928597 -18.765481113868
1997 8 23.30295075318 6.31453076517801 1.802002224694
1997 9 18.0518381259577 15.954943873093 18.42975734355
1997 10 -53.4472880061115 8.27956989247301 -12.8825475599669
1997 11 52.466627974463 23.607207207207 -15.7072072072072
1997 12 133.272571306026 -31.661436684034 -10.3523212926644
1998 1 -100 16.366418527709 -24.4201819685691
1998 2 -6.48327137546478 -33.732601378926 -27.9922027290448
1998 3 11.310782241015 -11.679073614557 -21.8114143920595
1998 4 -100 -9.78529014844799 -36.3272604588394
1998 5 -100 2.95557441992102 -31.097481607244
1998 6 -40.7434779395462 2.38705384150002 -10.551361161524
1998 7 -5.9488667633963 1.11122139509298 8.653873724842
1998 8 10.5445204321912 -1.42740471869299 7.93103448275799
1998 9 -3.68082721387248 16.288277206426 2.59642401021701
1998 10 -77.2822765469824 23.279569892473 20.343258891646
1998 11 -82.8206616366802 17.773873873874 -15.3738738738738
1998 12 -90.4246193437701 14.951466541772 -28.7394180668579
1999 1 -100 37.172870140612 -46.3556658395368
1999 2 -100 48.945970049645 -17.4564884433305
1999 3 -100 25.740281224152 -31.0049627791563
1999 4 -100 5.21470985155201 -4.4939271255061
1999 5 -100 7.63299377475899 -26.9039332201472
1999 6 29.6060897199025 -6.6129461585 -10.884694494857
1999 7 -56.6037924651024 -11.308133443617 -0.378384339673996
1999 8 -14.6298320132497 5.99195012001601 1.47942157953299
1999 9 60.8217235147436 12.62161053976 15.42975734355
1999 10 -78.2133307868602 32.956989247312 -12.2373862696443
1999 11 -100 39.107207207207 -21.2072072072072
1999 12 -83.0902852241047 8.661143961127 -44.0619987120192
2000 1 -95.5885125369195 59.753515301903 -34.5814722911497
2000 2 -100 69.161487291024 -33.1153554384044
2000 3 -19.8379140239604 47.837055417701 -21.8114143920595
2000 4 -100 57.381376518219 -18.3272604588394
2000 5 31.4510097232612 50.052348613469 -5.1297396717601
2000 6 91.9518143522282 8.053720508167 14.781972171809
2000 7 32.4130684945213 24.337027846706 -1.99128756548099
2000 8 -21.6512500422502 23.895175926468 -10.778642936596
2000 9 -48.4501178139227 38.954943873093 -3.903575989783
2000 10 236.110580595875 4.247311827957 26.9561621174524
2000 11 8.2298316889146 -0.0594594594589992 -16.8738738738738
2000 12 -100 50.112756864353 -22.7716761313741
2001 1 -29.416200590712 13.785773366419 -15.8717948717949
2001 2 102.007434944238 16.981684335359 -15.3136313004734
2001 3 -84.8837209302325 26.224152191894 -14.3920595533499
2001 4 -100 43.048043184886 -7.3272604588394
2001 5 -70.8676140613313 42.310413129598 -9.8071590265988
2001 6 28.3423250314094 21.720387174833 0.615305505143002
2001 7 24.2567668984839 11.917673007996 -0.0558036945129992
2001 8 -26.3179242200615 34.862917861952 -0.456062291435
2001 9 -0.116670098140321 40.288277206426 3.42975734355001
2001 10 -90.8756684491979 38.602150537634 -17.0760959470637
2001 11 -100 39.440540540541 -1.87387387387386
2001 12 -83.7014797340768 30.274047186933 -35.997482582987
2002 1 -40.1998366115754 37.979321753516 -31.5169561621175
2002 2 19.7918215613381 23.588827192502 -6.5636313004734
2002 3 -100 35.09511993383 -23.424317617866
2002 4 -100 45.714709851552 7.6727395411606
2002 5 -92.8945400149589 37.955574419921 -22.3878041878891
2002 6 -58.7170201758924 32.220387174833 2.11530550514301
2002 7 -20.0370240656427 15.788640749931 7.686131789358
2002 8 5.15001633673961 15.830659797436 6.156840934371
2002 9 28.0488641822796 26.288277206426 1.92975734355
2002 10 -73.9304812834225 16.344086021505 3.2464846980976
2002 11 -94.8461984910041 54.440540540541 -29.5405405405405
2002 12 47.2978769032811 7.53211170306201 -23.255547099116
2003 1 -55.885125369195 63.624483043838 -3.6137303556659
2003 2 166.423791821561 -2.12545852178401 12.1863686995266
2003 3 -60.1479915433403 11.385442514475 -22.6178660049628
2003 4 112.725286728564 14.548043184886 -13.1605937921728
2003 5 -58.0777860882572 40.21363893605 -13.8394170911149
2003 6 6.71790702830539 16.720387174833 -15.384694494857
2003 7 -3.52929404112684 17.562834298318 -0.217094017093995
2003 8 23.5598319005825 23.733885603887 9.221357063404
2003 9 -19.3283462585502 22.788277206426 4.92975734355001
2003 10 -19.7431245225363 37.150537634408 11.9561621174524
2003 11 -75.0899593731863 47.273873873874 -4.2072072072072
2003 12 -100 56.725660090159 -31.9652245184708
2004 1 65.9209451391944 5.39867659222498 2.0314309346567
2004 2 20.074349442379 -13.252305812424 -29.8394933694389
2004 3 185.835095137421 37.353184449959 5.93052109181142
2004 4 518.459858001092 -4.28529014844798 15.8394062078272
2004 5 -75.130890052356 23.278155065082 1.16058290888509
2004 6 -46.6410464858473 13.720387174833 -4.218027828191
2004 7 20.1981287837093 14.820898814448 3.33129307968001
2004 8 -11.5472582444202 14.217756571629 5.35038932146799
2004 9 -0.46439274357761 9.12161053976 4.09642401021701
2004 10 161.812452253629 12.150537634408 5.343258891646
2004 11 232.849680789321 -10.559459459459 5.95945945945947
2004 12 -15.4514261205233 14.628885896611 3.6799367718517
2005 1 220.56808898385 13.947063688999 27.8378825475599
2005 2 201.174721189591 -12.661172807498 19.864940128098
2005 3 -2.88935870331206 -13.130686517783 -13.1017369727047
2005 4 -100 20.881376518219 -21.3272604588394
2005 5 44.2408376963352 14.407187323147 -1.2587719298246
2005 6 -63.2104057349789 18.3870538415 -6.051361161524
2005 7 -11.3343673387703 23.207995588641 19.621615660326
2005 8 75.7067048232815 -3.362888589661 7.60845383759699
2005 9 -29.5861642989501 20.62161053976 13.42975734355
2005 10 28.6716959511077 14.247311827957 2.76261373035569
2005 11 -100 36.273873873874 -14.7072072072072
2005 12 -77.7932661376796 28.564369767578 -10.513611615245
2006 1 -96.8139257211085 31.366418527709 -22.9685690653433
2006 2 -88.1338289962825 3.94597004964499 3.7935115566695
2006 3 -80.3030303030303 13.966087675765 -18.2630272952854
2006 4 -100 10.048043184886 -7.3272604588394
2006 5 -55.2356020942408 10.21363893605 -5.4523203169214
2006 6 78.1908210775257 1.88705384150001 14.115305505143
2006 7 -7.62695752238965 -4.695230217811 9.13774469258401
2006 8 5.32127043500792 -5.943533750951 15.83426028921
2006 9 -9.24438954086901 -2.71172279357401 15.263090676884
2006 10 29.6027501909855 -9.78494623655902 13.4077750206783
2006 11 -100 -5.22612612612598 -9.70720720720723
2006 12 -51.3081707055544 1.72566009015902 -16.1587729055676
2007 1 187.972098284422 -40.246484698097 0.741108354011599
2007 2 -100 -9.26831566464102 -21.7422027290448
2007 3 -42.2832980972515 11.708023159636 -12.9404466501241
2007 4 -100 -9.451956815114 -14.3272604588394
2007 5 -100 21.020090548953 -7.7103848330504
2007 6 19.0747173157934 10.9870538415 -5.718027828191
2007 7 43.3791964777104 7.56283429831797 8.17000275710001
2007 8 26.0002028009058 20.669369474855 10.027808676307
2007 9 46.6520257131743 16.788277206426 22.42975734355
2007 10 -100 49.086021505376 -0.6244830438379
2007 11 165.850261172374 52.273873873874 -6.04054054054053
2007 12 61.3553506326399 24.306305251449 14.1638077395937
2008 1 -45.836737258845 15.721257237387 9.4507857733664
2008 2 -87.5687732342008 32.782176946197 -4.6670795763355
2008 3 -100 39.127377998346 -17.4565756823821
2008 4 -100 46.048043184886 -17.1605937921728
2008 5 -100 15.536219581211 -12.3878041878891
2008 6 -22.6295174044786 24.720387174833 15.115305505143
2008 7 -25.3054485415521 3.53057623380199 14.137744692584
2008 8 32.9788073053393 2.28227270066103 12.931034482758
2008 9 8.48946537643244 15.788277206426 14.596424010217
2008 10 -96.2757830404889 34.731182795699 3.5690653432589
2008 11 -31.2826465467209 39.273873873874 -10.7072072072072
2008 12 -94.906712416899 35.757918154675 17.7121948363679
2009 1 -68.8745051215987 52.172870140612 15.095947063689
2009 2 -69.7695167286246 54.660255763931 -5.3136313004734
2009 3 -24.4186046511627 47.353184449959 13.5111662531017
2009 4 -100 27.881376518219 1.8394062078272
2009 5 -28.2348541510844 33.116864742501 11.1605829088851
2009 6 33.9590569802676 7.553720508167 -0.551361161524007
2009 7 0.56836944013598 23.04670526606 18.815164047422
2009 8 9.21730117061187 25.024208184532 8.576195773081
2009 9 8.40253471507312 29.288277206426 5.596424010217
2009 10 341.878342245989 1.02150537634401 33.085194375517
2009 11 -45.0261172373767 36.440540540541 13.2927927927928
2009 12 -49.270855672314 12.209531057901 -0.674901937825703
