"anio" "mes" "ppAcc" "mTmax" "mTmin"
1970 1 0 25.0645161290323 6.96774193548387
1970 2 0.5 26.875 8.30357142857143
1970 3 8 27.6451612903226 9.19354838709677
1970 5 0 36.2741935483871 14.6129032258065
1970 6 4 37.1333333333333 19.5833333333333
1970 7 37 37.5645161290323 24.6774193548387
1970 8 50.5 37 24.5645161290323
1970 9 123 35.4333333333333 23.1333333333333
1970 10 0 34.0806451612903 15.2258064516129
1970 11 0 31.2666666666667 10.5166666666667
1970 12 9.5 26.6612903225806 8.79032258064516
1971 1 0 25.6774193548387 4.91935483870968
1971 2 0 26.5178571428571 5.94642857142857
1971 3 0 31.6774193548387 7.30645161290323
1971 4 0 32.2666666666667 9.01666666666667
1971 5 0 35.2903225806452 13.4032258064516
1971 6 1 36.8166666666667 19.6166666666667
1971 7 29.5 36.9516129032258 24.5967741935484
1971 8 99.5 35.0161290322581 23.9032258064516
1971 9 19 36.85 23.3166666666667
1971 10 98 33.1612903225806 16.5645161290323
1971 11 3 30.0833333333333 10.4833333333333
1971 12 7 24.4838709677419 7.62903225806452
1972 1 11.5 25.3870967741935 7.29032258064516
1972 2 0 28.6551724137931 7.17241379310345
1972 3 0 32.0161290322581 10.7096774193548
1972 4 0 35.4833333333333 9.73333333333333
1972 5 2 36.2258064516129 14.6774193548387
1972 6 2 37.0333333333333 22
1972 7 95 37.3225806451613 24.4354838709677
1972 8 233 34.9838709677419 24.2258064516129
1972 9 61 36.3666666666667 22.65
1972 10 146 34.3870967741936 19.258064516129
1972 11 4.5 28.8833333333333 10.6666666666667
1972 12 48.5 25.4354838709677 9.80645161290323
1973 1 26.5 23.1612903225806 6.48387096774194
1973 2 49 26.1785714285714 9.44642857142857
1973 3 8.5 26.1935483870968 8.33870967741935
1973 4 3 31.0666666666667 8.9
1973 5 0 35.4838709677419 14.8225806451613
1973 6 0 36.8 19.8333333333333
1973 7 229 36.5322580645161 23.7741935483871
1973 8 70.5 36.8387096774194 24.5806451612903
1973 9 1 38.7166666666667 23.7333333333333
1973 10 0 37.1612903225806 15.4516129032258
1973 11 0 31.6833333333333 9.98333333333333
1973 12 0 27.6129032258065 6.54838709677419
1974 1 0 25.5645161290323 7.2741935483871
1974 2 0 27.5178571428571 5.42857142857143
1974 3 1.5 28.9838709677419 9.7258064516129
1974 4 0 34.9230769230769 10.5769230769231
1974 5 0 34.5645161290323 13.7741935483871
1974 6 11 37.0333333333333 21.2666666666667
1974 7 37.3 36.1290322580645 24.2096774193548
1974 8 71.5 36.3225806451613 24.2096774193548
1974 9 251 35.8 22.6
1974 10 0 35.8064516129032 18.5322580645161
1974 11 141 28.6833333333333 12.0333333333333
1974 12 4.5 23.4838709677419 6.38709677419355
1975 1 7 22.1875 6.09375
1975 2 0 25.375 6.5
1975 3 0 28.2105263157895 7.68421052631579
1975 4 0 29.1833333333333 8.08333333333333
1975 5 0 33.7741935483871 11.7258064516129
1975 6 0 37.2666666666667 18.95
1975 7 27 35.6451612903226 24.3709677419355
1975 8 31 37 24.3064516129032
1975 9 84.5 36.85 23.4333333333333
1975 10 0 35.0645161290323 14.2258064516129
1975 11 0 30.8833333333333 10.1833333333333
1975 12 0 25.6935483870968 7.85483870967742
1976 1 2.5 25.5967741935484 6.30645161290323
1976 2 4.5 26.8448275862069 8.20689655172414
1976 3 0 28.0483870967742 7.20967741935484
1976 4 0 31.0166666666667 9.85
1976 5 1 35.2741935483871 13.0322580645161
1976 6 2.5 39.2833333333333 20.7
1976 7 137 37.7290322580645 24.0322580645161
1976 8 54.1 37.1129032258064 24.3387096774194
1976 9 176.5 37.1333333333333 22.5
1976 10 2 32.9333333333333 17.1333333333333
1976 11 17.5 30.8333333333333 12.1666666666667
1976 12 13.5 26 8.64516129032258
1977 1 12 24.4838709677419 9.12903225806452
1977 2 0 28.25 7.07142857142857
1977 3 5.5 27.4838709677419 6.74838709677419
1977 4 0 32.4333333333333 10.0166666666667
1977 5 0 34.9032258064516 12.5967741935484
1977 6 0 38.7833333333333 22.1
1977 7 51.5 38.6935483870968 25.0806451612903
1977 8 47.5 38.1451612903226 25.6290322580645
1977 9 10.5 39.4166666666667 24.6333333333333
1977 10 23.5 36.741935483871 21.7741935483871
1977 11 0 33.5166666666667 13.95
1977 12 0 29.8965517241379 10.8448275862069
1978 1 0 26.9032258064516 8.69354838709677
1978 2 32 26.75 7.875
1978 3 21.3 30.1612903225806 11.5806451612903
1978 4 0 32.9833333333333 10.1
1978 5 0 35.8387096774194 13.3387096774194
1978 6 24 39.4333333333333 22.1333333333333
1978 7 30 39.4838709677419 25.2258064516129
1978 8 46.7 39.4677419354839 24.8064516129032
1978 9 92.5 38.1333333333333 23.4166666666667
1978 10 95 36.2903225806452 19.741935483871
1978 11 27.5 29.2666666666667 12.6833333333333
1978 12 44 24.0483870967742 8.40322580645161
1979 1 89 22.2258064516129 7.64516129032258
1979 2 1.5 26.6964285714286 7.32142857142857
1979 3 0 28.3548387096774 8.08064516129032
1979 4 0 33.1 10
1979 5 6 33.0322580645161 14.2903225806452
1979 6 3.5 37.4333333333333 19.7333333333333
1979 7 34 37.9677419354839 24.0645161290323
1979 8 22 37.9677419354839 23.6129032258065
1979 10 0 38.6935483870968 16.8387096774194
1979 11 0 31.4166666666667 9.76666666666667
1979 12 8.3 27.5806451612903 7.12903225806452
1980 1 0 26.5161290322581 7.12903225806452
1980 2 5.5 28.1724137931034 10.6034482758621
1980 3 0 30.4516129032258 8.16129032258065
1980 4 0 34.7666666666667 9.85
1980 5 0.5 34.4838709677419 11.258064516129
1980 6 0 39.7142857142857 20.9285714285714
1980 7 5.5 44.2258064516129 25.5806451612903
1980 8 56.3 44 23.3225806451613
1980 9 93.5 42.4833333333333 25.2166666666667
1980 10 19 37.4354838709677 19.2903225806452
1980 11 4.5 33.2 12.4
1980 12 0 28.6129032258065 7.80645161290323
1981 1 95.8 27.1935483870968 13.8225806451613
1981 2 4.5 28.0535714285714 14.3928571428571
1981 3 14 30.1612903225806 12.2903225806452
1981 4 15.5 32.6333333333333 11.1333333333333
1981 5 20 32.3870967741936 11.2258064516129
1981 6 0 33.9666666666667 13.0666666666667
1981 7 61.5 38.9032258064516 18.8064516129032
1981 8 42 41.3225806451613 20.3870967741935
1981 9 124 37.0333333333333 20.2333333333333
1981 10 0.5 34.7096774193548 21.6774193548387
1981 11 0 34.0666666666667 14.5166666666667
1981 12 0 28.9354838709677 9.38709677419355
1982 1 4.5 23.9193548387097 5.59677419354839
1982 2 0 27.7142857142857 5.57142857142857
1982 3 0 29.1333333333333 6.86666666666667
1982 4 0 34.4333333333333 10.9
1982 5 0 34.4838709677419 13.5161290322581
1982 6 0 38.5 18.5333333333333
1982 7 91.8 38.4516129032258 24.3225806451613
1982 8 23.5 38.0967741935484 24.0322580645161
1982 9 37.3 40.9666666666667 23
1982 10 0 37.6129032258064 15.7741935483871
1982 11 51.1 34.8666666666667 10.2833333333333
1982 12 54.8 27.1935483870968 6.56451612903226
1983 1 27.5 28.6129032258065 7.25806451612903
1983 2 30.5 27.875 4.64285714285714
1983 3 32 31.5161290322581 5.09677419354839
1983 4 2 31.1333333333333 7.53333333333333
1983 5 0 37.5806451612903 11.4838709677419
1983 6 0 39.3666666666667 16.4
1983 7 49.2 39.2903225806452 21.2903225806452
1983 8 136.3 37.7096774193548 20.2903225806452
1983 9 89.6 38.8666666666667 21.7666666666667
1983 10 81.5 36.4193548387097 17.7903225806452
1983 11 8 30.1 11.2166666666667
1983 12 85.4 29.258064516129 5.64516129032258
1984 1 40 26.8064516129032 5.41935483870968
1984 2 0 28.4137931034483 4.6551724137931
1984 3 0 31.5645161290323 6.20967741935484
1984 4 8.5 33 8.88333333333333
1984 5 0 38.2096774193548 14.4516129032258
1984 6 4 37.5 19.35
1984 7 152.9 36.9032258064516 21.1774193548387
1984 8 75.3 37.8387096774194 20.8064516129032
1984 9 0 39.2 20.75
1984 10 15.5 36.4193548387097 14.241935483871
1984 11 10.5 30.4333333333333 7.73333333333333
1984 12 65.5 26.4666666666667 7.9
1985 1 40 23.9677419354839 5.12903225806452
1985 2 4.5 27.5 3.875
1985 3 2 29.1612903225806 6.61290322580645
1985 4 7.5 33.5666666666667 9.8
1985 5 0 38 12.9193548387097
1985 6 0 39 19.5
1985 7 15.4 35.8064516129032 22.2096774193548
1985 8 49 34.1290322580645 22.3225806451613
1985 9 5.5 36 19.4333333333333
1985 10 105.5 34.1612903225806 14.1290322580645
1985 11 14.3 28.7333333333333 8.58333333333333
1985 12 0 26.6451612903226 5.06451612903226
1986 1 0 28.8548387096774 6.82258064516129
1986 2 5.5 25.9285714285714 5.60714285714286
1986 3 0 30.1612903225806 7.7741935483871
1986 4 0 34.1166666666667 11.4166666666667
1986 5 0 35.258064516129 13.741935483871
1986 6 0 37.4 20.9333333333333
1986 7 30 37.5483870967742 22.3870967741935
1986 8 11.5 38.0645161290323 23.0483870967742
1986 9 103.5 35.7333333333333 20.6333333333333
1986 10 21 33.0645161290323 15.258064516129
1986 11 2 29.7166666666667 10.5333333333333
1986 12 64 24.8064516129032 5.17741935483871
1987 1 2.5 25.3870967741935 3.48387096774194
1987 2 18.8 26.6964285714286 4.80357142857143
1987 3 0 27.7096774193548 5.32258064516129
1987 4 2 32.55 9.85
1987 5 0 32.9354838709677 12.8387096774194
1987 6 0 38.3448275862069 17.9655172413793
1987 7 4 38.9354838709677 22.5483870967742
1987 8 104 37.6333333333333 22.25
1987 9 13 36.2333333333333 20.8333333333333
1987 10 0 33.2258064516129 17.8870967741935
1987 11 0 29.8666666666667 8.56666666666667
1987 12 0 24.741935483871 5.08709677419355
1988 1 0 25.3548387096774 4.2258064516129
1988 2 0 27.2068965517241 6.25862068965517
1988 3 20 27.741935483871 5.70967741935484
1988 5 0 30.1290322580645 12.258064516129
1988 6 0 35.7766666666667 18.5
1988 7 81.8 32.2258064516129 23.0645161290323
1988 8 33 35.1935483870968 23.7741935483871
1988 9 12.5 37 21.6166666666667
1988 10 0 35.6774193548387 17.1935483870968
1988 11 0 28.2241379310345 8.91379310344828
1988 12 11.5 22.5806451612903 5.09677419354839
1989 1 15 22.6129032258065 3.20967741935484
1989 2 79.5 24.3571428571429 6.375
1989 3 0 26.4354838709677 7.53225806451613
1989 4 0 32.6333333333333 11.7666666666667
1989 5 0 36.75 18.2
1989 6 0 39.2 21.5666666666667
1989 7 47.5 39.741935483871 25.258064516129
1989 8 85.3 37.258064516129 24.7741935483871
1989 9 1 40.3 23.2833333333333
1989 10 39 36.9354838709677 18.9677419354839
1989 11 8 31.7333333333333 13.9666666666667
1989 12 18.5 25.9 9.25
1990 1 0 24.1666666666667 7.33333333333333
1990 2 2 25.0357142857143 7
1990 3 1 29.1612903225806 9.2258064516129
1990 4 0 33.9 12.9666666666667
1990 5 0 37.6451612903226 16.4516129032258
1990 6 36 40.7333333333333 24.5666666666667
1990 7 128 36.4516129032258 25.3870967741935
1990 8 35 38.0645161290323 24.4193548387097
1990 9 119.2 37.1666666666667 24.1666666666667
1990 10 14 35.5806451612903 19.4838709677419
1990 11 22 30.2333333333333 13.4333333333333
1990 12 93.5 24.3870967741935 9.61290322580645
1991 1 2.5 24.6451612903226 8.80645161290323
1991 2 15 28.6071428571429 9.67857142857143
1991 3 0 28.5645161290323 10.0645161290323
1991 4 0 33.45 11.4333333333333
1991 5 0 35.3548387096774 14.5645161290323
1991 6 0 37.4666666666667 19.0333333333333
1991 7 3.5 36.9193548387097 25
1991 8 49.5 38.3548387096774 25.6451612903226
1991 9 212 36.7666666666667 24.4
1991 10 0 36.0322580645161 20.9677419354839
1991 11 25 29.1666666666667 12.7666666666667
1991 12 116.5 23.1612903225806 11.3548387096774
1992 1 151 22.2903225806452 10.9677419354839
1992 2 57 25.1724137931034 11.5862068965517
1992 3 20 28.0645161290323 11.741935483871
1992 4 0 33.0666666666667 13.9
1992 5 0 35.6451612903226 17.8709677419355
1992 6 0 38.6071428571429 21.5714285714286
1992 7 11.3 38.2258064516129 25.3548387096774
1992 8 51.2 37.5161290322581 23.9677419354839
1992 9 132 39.0666666666667 25.4833333333333
1993 1 0 24.75 8.66666666666667
1993 2 25.5 22.8518518518519 8.25925925925926
1993 3 0 28.8387096774194 9.35483870967742
1993 4 0 33.6 11.0333333333333
1993 5 0 34.9838709677419 15.4677419354839
1993 6 14 37.8833333333333 21.0333333333333
1993 7 3.5 37.5 24.4354838709677
1993 8 36.3 37.5967741935484 24.9193548387097
1993 9 28 36.6333333333333 22.1
1993 10 4.2 35.3548387096774 18.9032258064516
1993 11 26.5 27.6 13.2
1993 12 0 24.4838709677419 9.93548387096774
1994 1 0 26.0161290322581 7.58064516129032
1994 2 0 25.6071428571429 7.35714285714286
1994 3 0 27.8709677419355 9.66129032258065
1994 4 0 32.0666666666667 11.8333333333333
1994 5 0 35.1290322580645 14.6451612903226
1994 6 2.5 38.2666666666667 22.8333333333333
1994 7 18 38.1774193548387 24.9516129032258
1994 8 105.5 36.7258064516129 24.4677419354839
1994 9 69 36.5166666666667 23.4333333333333
1994 10 0 34.1290322580645 19.741935483871
1994 11 33.5 26.948275862069 10.3448275862069
1994 12 104 21.9838709677419 9.98387096774194
1995 1 11.5 24.1935483870968 7.32258064516129
1995 2 7 26.8928571428571 10.1964285714286
1995 3 0 28.8548387096774 10.2096774193548
1995 4 0 30.9833333333333 9.56666666666667
1995 5 0 35.3387096774194 13.5322580645161
1995 6 0 38.4166666666667 19.8333333333333
1995 7 17 39.3548387096774 24.8225806451613
1995 8 71.5 38.3709677419355 25.3225806451613
1995 9 165 36.7413793103448 24.0172413793103
1995 10 0 36.1774193548387 17.241935483871
1995 11 6.5 30.6666666666667 13.1166666666667
1995 12 0 26.8870967741935 7.45161290322581
1996 1 0 27.9838709677419 5.66129032258065
1996 2 0 29.6034482758621 9.32758620689655
1996 3 0 30.8387096774194 8.41935483870968
1996 4 0 33.9 11.2166666666667
1996 5 0 36.6774193548387 16.1612903225806
1996 6 0 38.45 23.2666666666667
1996 7 273.8 38.0161290322581 24.0967741935484
1996 8 98.5 36.4516129032258 24.5322580645161
1996 9 19.5 36.0666666666667 22.2833333333333
1996 10 0 35.4354838709677 16.6129032258065
1996 11 14.5 31 10.8666666666667
1996 12 0 26.5161290322581 8.06451612903226
1997 1 8 24.5161290322581 7.40322580645161
1997 2 0 26.0714285714286 7.82142857142857
1997 3 0 31.9032258064516 11.1612903225806
1997 4 28 31.4333333333333 12.5166666666667
1997 5 0 37.9516129032258 17.8064516129032
1997 6 0 38.1333333333333 21.1833333333333
1997 7 31 40.1774193548387 24.9516129032258
1997 8 178.5 38.8870967741936 24.8548387096774
1997 9 40 36.75 23.8666666666667
1997 10 44 33.5645161290323 20.258064516129
1997 11 48.5 30.1166666666667 15.4
1997 12 21.5 22.758064516129 7.03225806451613
1998 1 0 27.6290322580645 8.5
1998 2 14 26.0178571428571 7.89285714285714
1998 3 0 28.4677419354839 9.09677419354839
1998 4 0 31.35 10.3666666666667
1998 5 0 35.9354838709677 13.1129032258065
1998 6 0 38.4833333333333 20.35
1998 7 0 39.9193548387097 25.3387096774194
1998 8 73 39.6935483870968 25.2096774193548
1998 9 11.5 38.5 23.7333333333333
1998 10 17 36.7741935483871 20.9354838709677
1998 11 0 31.8333333333333 12.4333333333333
1998 12 1.5 25.7258064516129 7.95161290322581
1999 1 0 27.1612903225806 6.12903225806452
1999 2 0 28.9642857142857 7.64285714285714
1999 3 4 30.8870967741935 8.69354838709677
1999 4 0 32.1 10.85
1999 5 0 36.8548387096774 14.4516129032258
1999 6 0 39.1666666666667 17.8333333333333
1999 7 98.7 39 23.8064516129032
1999 8 64 38.8870967741936 24.6290322580645
1999 9 8.5 39.3666666666667 24.0666666666667
1999 10 17.5 38.2258064516129 18.9032258064516
1999 11 0 33.25 12.6333333333333
1999 12 0 25.9677419354839 6.69354838709677
2000 1 0 29.1451612903226 6.95161290322581
2000 2 0 30.7586206896552 9.10344827586207
2000 3 7.5 31.0483870967742 9.61290322580645
2000 4 0 35.2166666666667 12.15
2000 5 0 38.4032258064516 16
2000 6 0 39.8333333333333 22.2
2000 7 32.5 41.9354838709677 24.1451612903226
2000 8 47.5 41.5322580645161 18.2903225806452
2000 9 44.5 36.551724137931 20.9206896551724
2000 10 88 32.2741935483871 18.5161290322581
2000 11 1 27.6666666666667 10.2666666666667
2000 12 0.5 27.8225806451613 8.46774193548387
2001 1 1.5 26.2741935483871 7.96774193548387
2001 2 4 26.3571428571429 7.44642857142857
2001 3 0 28.7258064516129 9.06451612903226
2001 4 0 32.3333333333333 11.8666666666667
2001 5 0 37.8709677419355 17.1290322580645
2001 6 0 39.6666666666667 22.9833333333333
2001 7 139.7 39.1290322580645 24.8225806451613
2001 8 20.5 39.6612903225806 25.6290322580645
2001 9 195.2 39.85 25.15
2001 10 10.5 35.6935483870968 19.7096774193548
2001 11 0 31.85 14.6333333333333
2001 12 0 26.2096774193548 6.11290322580645
2002 1 0 26.9032258064516 6.2258064516129
2002 2 14.5 28.0714285714286 8.14285714285714
2002 3 0 30.8225806451613 7.62903225806452
2002 4 0 34.1166666666667 12.5166666666667
2002 5 0 39.5322580645161 14.4354838709677
2002 6 0 38.6666666666667 19.4166666666667
2002 7 125.5 39.1129032258064 22.6612903225806
2002 8 15.4 39.9516129032258 23.2903225806452
2002 9 53 38.75 22.7333333333333
2002 10 0 34.3387096774194 16.9354838709677
2002 11 0 32.3333333333333 11.95
2002 12 5.3 24.5483870967742 8.33870967741935
2003 1 2.1 29.1774193548387 8.95161290322581
2003 2 16.6 26.1428571428571 10.9821428571429
2003 3 0 29.2741935483871 8.69354838709677
2003 4 0 32.8166666666667 10.5833333333333
2003 5 0 36.5806451612903 15.1935483870968
2003 6 3.3 38.9666666666667 19.7833333333333
2003 7 47.5 39.0967741935484 25.758064516129
2003 8 99.9 38.9516129032258 24.741935483871
2003 9 67.6 37.2833333333333 23.9333333333333
2003 10 22.8 36.3709677419355 20.5483870967742
2003 11 0 30.9166666666667 12.0666666666667
2003 12 0 25.2741935483871 6.11290322580645
2004 1 133.2 23.7903225806452 8.64516129032258
2004 2 36.9 25.6379310344828 6.86206896551724
2004 3 15 32.3709677419355 10.8387096774194
2004 4 7.3 32.3666666666667 12.95
2004 5 0 38.5 16.9516129032258
2004 6 0 40.8166666666667 22.1166666666667
2004 7 34.4 40.5 24.7258064516129
2004 8 49.1 39.1774193548387 25.7258064516129
2004 9 214.9 35.0666666666667 23.1333333333333
2004 10 23.9 33.9838709677419 18.5483870967742
2004 11 17.3 26.6666666666667 10.8166666666667
2004 12 5.7 24.7741935483871 9
2005 1 69.6 25.6774193548387 10.5161290322581
2005 2 50.6 24.9464285714286 9.80357142857143
2005 3 0 30.3064516129032 9.2258064516129
2005 4 0 33.7333333333333 11.1166666666667
2005 5 0 36.0645161290323 15.8064516129032
2005 6 0 37.7333333333333 20.5833333333333
2005 7 85.9 39.758064516129 25.0806451612903
2005 8 46.3 39.6774193548387 25.1612903225806
2005 9 35.6 39.3833333333333 24.6333333333333
2005 10 17.2 35.5 18.6290322580645
2005 11 0 32.2666666666667 12.4166666666667
2005 12 0 27.741935483871 8.58064516129032
2006 1 0 27.3064516129032 6.5
2006 2 0 29.9285714285714 9.51785714285714
2006 3 0 30.2903225806452 9.61290322580645
2006 4 0 35 11.5166666666667
2006 5 0 37.9666666666667 16.2
2006 6 29.3 40.6666666666667 22.8
2006 7 46.1 39.2903225806452 24.741935483871
2006 8 59.7 38.258064516129 24.9354838709677
2006 9 55.5 37.7333333333333 23.1833333333333
2006 10 47 35.3870967741936 19.6451612903226
2006 11 0 32.8333333333333 13.9333333333333
2006 12 0 25.3870967741935 7.64516129032258
2007 1 21.8 23 6.96774193548387
2007 2 0 27.5357142857143 8.24285714285714
2007 3 0 31.4838709677419 9.58064516129032
2007 4 0 32.6666666666667 11.5
2007 5 0 36.1774193548387 15.1935483870968
2007 6 0 39.8166666666667 21.0333333333333
2007 7 65.8 38.741935483871 24.7258064516129
2007 8 21 38.8548387096774 24.9193548387097
2007 9 144.5 36.5 23.8166666666667
2007 10 0 36.741935483871 16.3870967741935
2007 11 29 32.8 14.1833333333333
2007 12 41 23.8225806451613 8.75806451612903
2008 1 6 25.0322580645161 6.83870967741935
2008 2 0 27.2586206896552 7.29310344827586
2008 3 10 30.5322580645161 8.33870967741935
2008 4 0 34.8833333333333 10.8
2008 5 0 35.8225806451613 14.8225806451613
2008 6 9.5 38.5166666666667 22.9333333333333
2008 7 21 37.5483870967742 24.7096774193548
2008 8 129.5 36.6935483870968 24.1935483870968
2008 9 89 36.1 23.85
2008 10 25 36.5967741935484 18.6451612903226
2008 11 0.3 31.45 14.15
2008 12 1 26.2741935483871 10.4193548387097
2009 1 2 25.9516129032258 8.74193548387097
2009 2 0 29.1964285714286 8.08928571428571
2009 3 0 31.1774193548387 10.8709677419355
2009 4 0 33.5666666666667 11.3666666666667
2009 5 0 38.2903225806452 17.7741935483871
2009 6 61.5 39.4666666666667 20.8166666666667
2009 7 136 40.1129032258064 26
2009 8 19 39.6129032258064 24.8548387096774
2009 9 64 38.0333333333333 23.2333333333333
2009 10 257 31.5 19.1451612903226
2009 11 12 30.9666666666667 13.4833333333333
2009 12 8 24.7903225806452 8.98387096774194
