"anio" "mes" "ppAcc" "mTmax" "mTmin"
1970 2 -79.3973731650785 -15.362941297209 11.8709804324028
1970 3 101.892744479495 -25.402995391705 6.61808755760369
1970 4 -100 -36.398530588185 8.93920255989201
1970 5 -100 -15.086157913599 11.869217583103
1970 6 -46.236559139785 -26.54525862069 3.00310344827498
1970 7 -72.400197141449 -16.371505376344 20.38440860215
1970 8 -68.9321794546837 -20.002078250655 14.719316841708
1970 9 42.4339819318972 -30.344298245614 13.839382940109
1970 10 -100 -19.009707287933 -14.354002389486
1970 11 -100 1.388888888889 -7.28461538461501
1970 12 -24.5742092457421 -7.81115591397899 10.7110215053764
1971 1 -100 -19.667377672383 -17.8732521958328
1971 2 -100 -17.862941297209 -17.4147338533115
1971 3 -100 -2.101920122888 -9.8980414746544
1971 4 -100 -22.398530588185 -10.060797440108
1971 5 -100 -19.279706300696 -6.840459836252
1971 6 115.05376344086 -22.280890804598 -3.50264367816102
1971 7 6.45638245441104 -14.274731182796 11.836021505376
1971 8 56.7512763877322 -24.518207282913 1.170929744933
1971 9 -46.8554551772064 -6.43625226860202 6.39110707804001
1971 10 73.7299289286654 -26.751642771804 -10.48303464755
1971 11 -90.2010050251256 -2.94444444444402 -10.284615384615
1971 12 -85.4014598540146 -15.467069892473 -3.80510752688171
1972 1 31.5789473684211 -12.764151865931 -0.152822088305999
1972 2 -100 4.05824096880099 2.30201491516139
1972 3 -100 18.865821812596 17.5213133640557
1972 4 -100 6.93480274514798 -7.89413077344099
1972 5 265.625 -2.860351461986 11.718679948694
1972 6 195.698924731183 -17.614224137931 27.830689655172
1972 7 49.8275012321341 -0.296236559140013 12.502688172043
1972 8 228.330376217547 -27.098852444203 2.46125232557798
1972 9 -69.4666435024322 -2.34429824561403 0.506049606775996
1972 10 402.763885232956 -13.20325567503 15.645997610514
1972 11 -31.4070351758794 -21.277777777777 -10.284615384615
1972 12 121.411192214112 -2.649865591398 10.3884408602151
1973 1 0.657894736842115 -24.377055091738 -7.41088660443499
1973 2 317.203193407159 -15.481988916256 12.1487582101806
1973 3 177.602523659306 -41.779339477727 -2.96255760368661
1973 4 -100 -30.065197254852 -15.394130773441
1973 5 -100 -13.473254687792 11.546636937942
1973 6 -100 -22.614224137931 0.164022988504975
1973 7 53.7703302119271 -19.113440860215 -0.422043010753015
1973 8 0.264329941702601 -11.260142766784 3.92361791697599
1973 9 -100 7.32236842105301 16.172716273442
1973 10 -100 17.441905615293 -15.751851851851
1973 11 -100 1.388888888889 -11.951282051282
1973 12 -100 6.05981182795702 -17.6760752688172
1974 1 -80.2631578947368 -10.506087349802 2.4278230729844
1974 2 -100 -6.43436986863698 -20.6290195675972
1974 3 -100 -1.77933947772701 10.1019585253457
1974 4 -100 7.93480274514799 -4.72746410677399
1974 5 -100 -12.505512752309 2.836959518587
1974 6 276.344086021505 -9.28089080459799 13.164022988505
1974 7 -10.3006407097092 -17.177956989247 4.73924731182798
1974 8 -71.0504399464098 -11.937562121623 1.49351039009499
1974 9 18.007296733843 -10.919010889292 -3.60889292195999
1974 10 -100 10.990292712067 5.64599761051401
1974 11 502.638190954774 -19.611111111111 6.715384615385
1974 12 -95.1338199513382 -13.467069892473 -11.8051075268817
1975 1 -76.9736842105263 3.29813956899599 -8.5399188624995
1975 2 -100 0.351344417077009 -11.7004481390258
1975 3 -100 -4.49823348694299 -12.5247695852534
1975 4 -100 -31.16043535009 -19.6322260115362
1975 5 -100 -24.46904711416 -19.266827297682
1975 6 -100 -10.114224137931 -9.66931034482801
1975 7 106.012814194184 -16.855376344086 -15.583333333334
1975 8 -62.5773979795054 -9.90720159031298 0.943225760114004
1975 9 -82.6702571230021 6.65570175438603 6.839382940109
1975 10 -100 3.570937873357 -25.966905615292
1975 11 -100 10.388888888889 -4.951282051282
1975 12 -100 5.092069892473 -7.03091397849461
1976 1 -90.1315789473684 3.33262232761697 -5.87325219583279
1976 2 -22.7401493690445 4.40306855500801 6.0951183634373
1976 3 -100 -10.16643625192 -6.3496543778802
1976 4 -100 -17.065197254852 -7.06079744010799
1976 5 143.75 -2.82809339746997 0.256314357296006
1976 6 -46.236559139785 16.719109195402 11.164022988505
1976 7 31.0990635781173 -12.661827956989 4.73924731182798
1976 8 -57.6347901654778 7.73985723321601 4.39673619654599
1976 10 -100 -23.669205495818 8.69259259259302
1976 11 -6.90954773869343 14.222222222223 7.38205128205101
1976 12 -61.0705596107056 18.317876344086 4.42069892473119
1977 1 -27.6315789473684 8.975479470474 18.6029382803576
1977 2 -100 32.494201559934 -0.986162424740105
1977 3 0.946372239747636 -15.327726574501 -15.3819124423963
1977 4 -100 -9.39853058818503 -4.72746410677399
1977 5 -100 -16.343110082676 -13.614653384639
1977 6 115.05376344086 1.385775862069 6.83068965517197
1977 7 7.44208969935929 4.11236559139802 8.287634408602
1977 8 143.599956548503 -4.19562663775196 6.97738135783698
1977 9 -79.3693537178596 17.155701754386 11.006049606776
1977 10 -55.2513819426165 7.28061529271201 32.904062126643
1977 11 -100 18.388888888889 18.215384615385
1977 12 -100 40.253360215054 27.8077956989243
1978 1 -100 26.913267488907 15.9762101697586
1978 2 111.176925057945 -0.362941297209005 -6.34330528188291
1978 3 884.227129337539 16.607757296467 25.1987327188937
1978 4 -100 1.60146941181495 -3.394130773441
1978 6 -100 7.55244252873602 19.664022988505
1978 7 -71.4144898965007 3.70376344085997 19.502688172043
1978 8 -64.6956584712315 6.77211529773203 10.525768454611
1978 9 13.0559416261293 -8.17763157894703 1.50604960677601
1978 10 73.7299289286654 12.812275985663 20.544444444445
1978 11 208.668341708543 -6.61111111111101 2.38205128205101
1978 12 311.192214111922 -26.198252688172 -2.19220430107521
1979 1 400 -25.344797027222 5.81491984717791
1979 2 -100 -11.077227011494 -9.9147338533115
1979 3 -100 -8.87611367127498 -8.93029953917051
1979 4 -100 1.07273377963097 -1.118268704475
1979 5 2337.5 -30.892609526502 4.61115306697401
1979 6 -100 -8.28089080459797 -1.83597701149502
1979 7 -82.2572695909315 3.14462365591396 6.352150537634
1979 8 -52.6921823514502 1.93340562031302 -2.37745735184099
1979 10 -100 21.151583034648 -6.09593787335697
1979 11 -100 -2.94444444444402 -13.017948717949
1979 12 -70.8029197080292 21.543682795699 0.71102150537639
1980 1 -100 14.493912650198 6.62137146008111
1980 2 -63.9454030388875 16.472034072249 29.7158080186098
1980 3 -100 -3.618049155146 5.74711981566869
1980 4 -100 11.101469411815 -2.22746410677399
1980 5 -100 -5.24744823618001 -6.51787919109099
1980 6 -100 11.385775862069 20.830689655172
1980 7 -100 23.628494623656 18.932795698924
1980 8 -11.0330593475033 -4.51820728291295 2.62254264815901
1980 9 40.2883947185546 19.155701754386 13.339382940109
1980 10 52.6717557251908 6.95803464755102 -1.128195937873
1980 11 17.5879396984925 9.55555555555598 -10.451282051282
1980 12 -65.9367396593674 27.995295698925 6.84005376344089
1981 1 337.5 -4.37705509173803 30.4923392020165
1981 2 -100 12.851344417077 5.7995518609742
1981 3 -100 -5.48901689708199 -0.86578341013821
1981 4 1749.13793103448 5.10146941181496 13.105869226559
1981 5 387.5 -7.66680307488897 5.095024034716
1981 6 -100 -10.447557471264 12.997356321839
1981 7 81.3701330704781 7.98333333333296 10.061827956989
1981 8 -18.093927653257 17.255986265474 5.04189748686901
1981 9 60.0938151494094 6.65570175438603 1.67271627344203
1981 10 -81.5740984469597 -3.52583632019098 -0.160454002388981
1981 11 -100 19.722222222223 1.882051282051
1981 12 -100 25.092069892473 0.227150537634397
1982 1 -30.9210526315789 -3.40931315625401 -1.4431446689511
1982 2 -100 10.172772988506 1.8709804324028
1982 3 -100 -0.972887864823981 -3.60771889400921
1982 4 -100 17.101469411815 9.43920255989202
1982 5 -100 -4.60228694585702 -2.001750158833
1982 6 -100 -0.780890804597973 -16.169310344828
1982 7 81.3701330704781 -0.887634408601983 6.029569892473
1982 8 -47.7495745374226 7.41727658805502 4.55802651912698
1982 9 -80.1945795691452 15.822368421053 3.17271627344201
1982 10 -100 13.893518518519 -33.063679808841
1982 11 241.005025125628 -1.61111111111101 7.04871794871799
1982 12 257.664233576642 -11.198252688172 5.2271505376344
1983 1 28.2894736842105 5.62294490826197 3.2342746858876
1983 2 85.4236415142931 1.42277298850601 6.8709804324028
1983 3 631.86119873817 -9.03740399385597 -0.220622119815701
1983 4 572.413793103448 -26.065197254852 -15.394130773441
1983 5 -100 5.07513240898199 -20.227556610445
1983 6 -100 6.385775862069 -53.902643678161
1983 7 28.7333661902415 9.27365591397901 -71.873655913979
1983 8 27.0956295035667 -5.80852986355801 -12.700037997002
1983 9 -14.176511466296 1.65570175438603 -1.66061705989097
1983 10 302.737562516452 -8.36454599760998 1.29115890083703
1983 11 208.668341708543 -9.777777777777 -18.951282051282
1983 12 -65.9367396593674 18.156586021505 6.51747311827959
1984 1 166.447368421053 5.13907394051998 4.6858875891134
1984 2 -89.6986865825393 5.88705870279099 -4.7361624247401
1984 3 -100 15.801305683563 -4.8980414746544
1984 4 -43.9655172413793 -2.73186392151899 -2.89413077344099
1984 5 -100 22.817067892853 -8.77594370721999
1984 6 -19.3548387096774 -3.28089080459797 -8.669310344828
1984 7 133.415475603746 -18.468279569892 -14.938172043011
1984 8 212.796465944889 -13.550465347429 -19.312941222809
1984 9 -74.0879082696317 -104.927631578947 -109.160617059891
1984 10 39.5103974730192 -34.170997610513 -43.547550776583
1984 12 194.890510948905 -10.55309139785 12.9690860215054
1985 1 248.684210526316 -19.054474446577 -2.73346724959629
1985 2 -69.0960597476178 -12.505798440066 -16.1647338533115
1985 3 -36.9085173501577 -16.456758832566 -2.4786866359447
1985 4 -43.9655172413793 -2.39853058818504 0.439202559892014
1985 5 -100 3.30093886059501 -12.969492094316
1985 6 -100 -9.94755747126398 5.497356321839
1985 7 -20.1577131591917 -13.468279569892 1.029569892473
1985 8 -63.5659195423109 -3.71175567000996 -1.08713477119601
1985 9 -90.9225156358582 4.15570175438603 -14.327283726558
1985 10 36.8781258225849 -2.71938470728799 -19.192712066905
1985 11 76.3819095477388 -11.444444444444 -8.78461538461501
1985 12 -100 6.70497311827901 -24.6115591397849
1986 1 -94.7368421052632 40.13907394052 19.0407262987908
1986 2 -22.7401493690445 9.27991584564801 -0.0933052818828983
1986 3 -100 22.736789554531 8.65034562211969
1986 4 -100 20.934802745148 21.605869226559
1986 5 -100 -0.0861579135990098 17.353088550845
1986 6 -100 -11.614224137931 23.164022988505
1986 7 -19.1720059142435 -5.24247311827899 -8.16397849462401
1986 8 -71.7565267769852 -2.58272341194498 -11.409715416357
1986 9 -9.72029186935368 -2.67763157894699 -3.993950393224
1986 10 -45.248749670966 -7.88067502986799 -5.80561529271197
1986 11 -55.9045226130653 2.722222222223 15.048717948718
1986 12 153.041362530414 -2.165994623656 -2.03091397849461
1987 1 -100 -3.24802283367301 -15.4754027334672
1987 2 -15.529229976822 -1.25579844006598 -2.5933052818829
1987 3 -100 -7.101920122888 -11.0270737327189
1987 4 -100 5.76813607848095 6.27253589322601
1987 5 -100 -11.537770816825 -7.485621126574
1987 6 -100 8.55244252873597 -1.66931034482801
1987 7 -78.3144406111385 7.17688172042998 3.610215053763
1987 8 -34.0514900242604 6.12695400741003 -9.474231545389
1987 9 -58.7387074357192 9.32236842105297 -7.99395039322398
1987 10 -15.7673071861016 20.990292712067 19.51696535245
1987 11 -100 3.888888888889 -11.451282051282
1987 12 -65.9367396593674 0.092069892472999 -10.2567204301075
1988 1 -100 6.106815876004 -10.6366930560479
1988 2 -94.8493432912696 12.50651683087 5.40546319102349
1988 3 -49.5268138801262 6.60775729646701 -8.93029953917051
1988 4 12.0689655172414 -2.06519725485201 -1.06079744010799
1988 5 -100 -15.892609526502 4.93373371213501
1988 6 -100 -0.947557471263991 -15.502643678161
1988 7 -21.14342040414 -7.33924731182803 -4.61559139785003
1988 8 -61.87131114893 1.93340562031302 8.428994261062
1988 9 -58.7387074357192 11.155701754386 2.33938294010901
1988 10 -100 6.79674432497002 7.42019115890102
1988 11 -100 0.722222222222975 -17.784615384615
1988 12 162.773722627737 -8.61760752688198 -10.9018817204301
1989 1 19.7368421052632 -24.377055091738 -25.9592737012092
1989 2 384.161730620654 -7.68436986863698 -5.6290195675972
1989 3 -100 2.41420890937 8.32776497695869
1989 4 -100 21.434802745148 15.105869226559
1989 5 -100 4.107390473498 18.482120808909
1989 6 -100 -9.44755747126401 -5.50264367816101
1989 7 6.45638245441104 -3.30698924731202 -0.422043010753015
1989 8 123.123438461817 -14.034336315171 -12.21616702926
1989 9 -96.6990965948576 13.322368421053 -0.327283726558001
1989 10 6.34377467754671 6.63545400239002 -7.74109916367898
1989 11 -70.6030150753769 1.22222222222298 10.215384615385
1989 12 126.277372262774 0.414650537633996 0.388440860215091
1990 1 -96.7105263157895 -5.82866799496401 -11.4431446689511
1990 2 -12.4388359515838 -15.362941297209 -20.4504481390258
1990 3 -100 -2.263210445469 -1.0270737327189
1990 4 -100 4.93480274514795 0.772535893226003
1990 5 -100 5.39771305414298 -9.74368564270399
1990 6 34.4086021505376 6.55244252873601 9.164022988505
1990 7 179.940857565303 -19.758602150537 -3.48655913978501
1990 8 51.1025817431293 -5.00207825065502 -12.21616702926
1990 9 117.034398888117 -9.34429824561398 -1.82728372655799
1990 10 -73.6772834956568 4.05480884109899 -4.192712066905
1990 11 -11.8090452261306 -7.44444444444401 -0.784615384615002
1990 12 294.160583941606 -9.63373655913998 7.52822580645159
1991 1 -30.9210526315789 -10.183506704641 7.9116940407263
1991 2 116.327581766675 11.601344417077 17.9424090038318
1991 3 -100 -28.230952380953 4.61808755760369
1991 4 -100 -4.56519725485201 -7.394130773441
1991 5 -100 -14.118415978115 -16.517879191091
1991 6 -73.1182795698925 -5.280890804598 -28.169310344828
1991 7 -68.0630852636767 -10.242473118279 -9.45430107526899
1991 8 -13.1513198392294 4.030179813861 -3.990360577647
1991 9 177.275886031967 -8.51096491227999 -0.327283726558001
1991 10 -100 1.47416367980902 5.48470728793401
1991 11 125.376884422111 -9.27777777777703 -6.11794871794899
1991 12 128.710462287105 -6.03696236559198 3.130376344086
1992 1 406.578947368421 -17.602861543351 13.7181456536295
1992 2 523.229461756374 -5.25210385878498 14.1985666392993
1992 3 505.678233438486 -16.940629800307 13.9729262672807
1992 4 -100 4.76813607848101 13.439202559892
1992 5 -100 2.97835821543302 9.449862744393
1992 6 -100 3.71910919540198 -7.66931034482802
1992 7 10.399211434204 -1.85537634408604 -6.712365591398
1992 8 -82.3478292356157 -2.42143308936498 -5.28068315829199
1992 9 -61.2143849895761 16.155701754386 5.00604960677602
1992 10 -92.103185048697 13.087066905616 -3.547550776583
1992 11 -85.3015075376884 -15.444444444444 -21.7846153846153
1992 12 -70.8029197080292 -7.81115591397899 0.872311827956995
1993 1 61.1842105263158 -0.989958317544009 27.7504037181455
1993 2 301.751223280968 -21.077227011494 4.7281232895457
1993 3 -100 10.317434715822 11.8761520737327
1993 4 -100 11.934802745148 -2.06079744010799
1993 5 143.75 -1.37648049424399 -2.163040481413
1993 6 -73.1182795698925 1.05244252873597 -29.669310344828
1993 7 -99.0142927550517 -3.62956989247301 -6.87365591397903
1993 8 48.9843212514032 -1.614981476461 -12.861328319583
1993 9 59.2685892981238 -7.01096491228 -14.660617059891
1993 10 -4.18531192419058 3.570937873357 5.32341696535301
1993 11 355.653266331658 -20.277777777777 2.71538461538499
1993 12 -90.2676399026764 4.44690860215001 8.61424731182799
1994 1 -100 14.97778361794 2.58911339556501
1994 2 -100 1.77991584564801 -7.59330528188291
1994 3 -100 6.12388632872502 2.03744239631339
1994 4 -100 10.7681360784809 -9.060797440108
1994 5 -100 5.88158402188505 -13.9372340298
1994 6 -100 3.05244252873599 14.497356321839
1994 7 -87.1858058156727 5.563978494624 -6.389784946237
1994 8 8.03128507803168 -4.35691696033196 -8.829070255067
1994 9 3.97845726198753 6.82236842105297 -2.32728372655799
1994 10 -86.8386417478284 1.79674432497002 -26.289486260453
1994 11 301.758793969849 -9.94444444444401 -12.451282051282
1994 12 374.452554744526 -13.295026881721 12.6465053763441
1995 1 -60.5263157894737 -3.08673251109301 -0.959273701209193
1995 2 28.7664177182591 10.351344417077 20.0852661466888
1995 3 -100 5.96259600614403 13.4890552995387
1995 4 -100 0.934802745147962 -12.560797440108
1995 5 -100 -11.053899849083 -17.808201771736
1995 6 -100 -2.61422413793099 -22.169310344828
1995 7 -83.2429768358797 6.53172043010798 -15.583333333334
1995 8 15.7982402143607 1.12695400741003 -14.958102513131
1995 9 69.9965253648368 -8.677631578947 1.67271627344203
1995 10 -100 0.345131421745037 -14.515292712066
1995 11 12.6884422110553 3.22222222222297 20.215384615385
1995 12 -100 12.188844086021 1.3561827956989
1996 1 -100 26.590686843746 -12.410886604435
1996 2 -100 19.058240968801 17.4744287082648
1996 3 -100 14.349692780338 -1.0270737327189
1996 4 -100 16.101469411815 -11.060797440108
1996 5 -100 18.462229183175 -35.227556610445
1996 6 -100 9.55244252873598 -25.835977011495
1996 7 156.086742237555 9.59623655914001 -27.034946236559
1996 8 44.0417134373756 9.83663142676399 0.0418974868690114
1996 9 -94.2234190410007 -1.177631578947 -5.327283726558
1996 10 -100 7.76448626045401 23.387933094385
1996 11 -85.3015075376884 2.222222222223 22.715384615385
1996 12 -100 -26.520833333334 -1.06317204301071
1997 1 -63.8157894736842 -38.570603478835 -19.1850801528221
1997 2 -100 -20.54151272578 -17.7718767104543
1997 3 -100 30.156144393241 -6.6722350230415
1997 4 -100 10.268136078481 12.605869226559
1997 5 -100 29.107390473498 16.707927260522
1997 6 222.58064516129 -0.280890804598002 -21.669310344828
1997 7 -96.057171020207 25.402688172043 3.12634408602097
1997 8 4.92450302350004 11.933405620313 -9.474231545389
1997 9 23.1236970118138 11.322368421053 10.506049606776
1997 10 -18.3995788365359 -11.590352449223 11.291158900837
1997 11 66.5829145728644 -0.111111111111022 1.548717948718
1997 12 128.710462287105 -20.069220430108 -8.48252688172041
1998 1 -100 12.719719101811 0.9762101697586
1998 2 -9.3484419263456 -18.755798440066 -5.2718767104543
1998 3 -100 -0.0051459293399958 -1.51094470046081
1998 4 -100 -13.565197254852 -18.394130773441
1998 5 -100 -1.53777081682499 -7.64691144915499
1998 6 615.05376344086 21.719109195402 -2.002643678161
1998 7 -83.8344011828487 16.370430107527 -1.712365591398
1998 8 1.53528623673828 23.062437878377 5.20318780944901
1998 9 -65.8356497567755 11.98903508772 -1.493950393224
1998 10 -94.7354566991313 12.925776583035 18.387933094385
1998 11 -100 14.555555555556 -8.61794871794899
1998 12 -100 -7.327284946237 -3.6438172043011
1999 1 -100 19.493912650198 -14.1850801528221
1999 2 -100 14.994201559934 -9.3790195675972
1999 3 -57.0977917981073 2.41420890937 -17.6399769585253
1999 4 -100 -9.39853058818503 -14.060797440108
1999 5 -100 -11.699061139405 -25.066266287865
1999 6 -100 -0.614224137931032 -9.83597701149503
1999 7 52.9817644159684 7.01559139784997 -6.228494623656
1999 9 -84.3207088255733 6.98903508771998 2.50604960677602
1999 10 71.0976572782311 19.377389486261 4.67825567503002
1999 11 -100 15.388888888889 8.88205128205101
1999 12 -100 -2.327284946237 -19.9341397849462
2000 1 -100 27.397138456649 -8.3786285399189
2000 2 -100 23.885827175698 4.02615284619589
2000 3 96.8454258675079 4.18840245775701 -13.9302995391705
2000 4 -100 17.768136078481 1.27253589322601
2000 5 -100 16.526745312208 9.77244338955501
2000 6 -100 6.55244252873601 30.330689655172
2000 7 -17.5948743223263 17.822043010753 9.25537634408599
2000 8 -54.245573378716 20.804373362248 5.04189748686901
2000 9 -83.6605281445448 22.655701754386 8.17271627344201
2000 10 128.481179257699 -23.687126642771 13.710513739547
2000 11 -38.2663316582914 -33.444444444444 -16.617948717949
2000 12 -98.5401459854015 21.86626344086 -3.15994623655911
2001 1 -96.0526315789474 -6.312538962706 -6.6044349915318
2001 2 -39.2222508369817 -10.898655582923 -13.1290195675972
2001 3 -100 -11.456758832566 -10.3819124423963
2001 4 -100 11.268136078481 -5.727464106774
2001 5 -100 28.946100150917 23.804701454071
2001 6 765.591397849462 15.885775862069 14.830689655172
2001 7 -60.3745687530803 6.04784946236599 14.739247311828
2001 8 -13.4337545714596 15.965663684829 12.461252325578
2001 9 348.757817929118 25.322368421053 19.672716273442
2001 10 -100 -0.783900836320015 11.129868578256
2001 11 -100 19.722222222223 16.548717948718
2001 12 -100 -9.74663978494601 -12.3534946236559
2002 1 -100 10.13907394052 -17.410886604435
2002 2 25.6760236930209 6.77991584564801 -0.450448139025799
2002 3 -100 3.70453149001502 -19.8980414746544
2002 4 -100 0.76813607848095 32.439202559892
2002 5 -100 28.623519505756 3.159540163748
2002 6 -100 11.885775862069 1.330689655172
2002 7 23.4105470675209 4.59623655914001 -5.90591397849501
2002 8 -50.2914871274939 17.417276588055 -1.409715416357
2002 9 104.490965948575 11.822368421053 9.17271627344203
2002 10 -94.7354566991313 -4.33228793309397 -12.90238948626
2002 11 -100 9.05555555555598 -0.451282051282007
2002 12 40.632603406326 -3.77889784946298 8.29166666666669
2003 1 -100 39.332622327617 10.4923392020166
2003 2 -24.8004120525367 2.31563013136302 19.3709804324028
2003 3 -100 0.317434715821996 4.45679723502309
2003 4 437.931034482759 -1.56519725485204 11.939202559892
2003 5 -100 13.462229183175 3.48212080890901
2003 6 -100 12.552442528736 -11.835977011495
2003 7 -44.800394282898 9.91881720430101 2.80376344085997
2003 8 10.7144150342181 4.67534110418399 8.267703938482
2003 9 -10.5455177206393 -1.01096491227999 6.839382940109
2003 10 -100 11.474163679809 31.129868578256
2003 11 -100 -2.94444444444402 5.882051282051
2003 12 -100 4.44690860215001 -17.9986559139785
2004 1 282.236842105263 -12.44157122077 2.58911339556501
2004 2 16.4048416173062 -15.079690065682 -13.7324678434593
2004 3 594.006309148265 25.156144393241 18.1664746543777
2004 4 516.379310344828 -8.56519725485203 20.105869226559
2004 5 -100 24.268680796078 21.0627659702
2004 6 -100 22.552442528736 11.330689655172
2004 7 -40.266140956136 9.59623655914001 6.99731182795698
2004 8 -31.7920121664192 10.159212071926 11.654800712675
2004 9 153.01424600417 -18.344298245614 -0.827283726557972
2004 10 68.9918399578837 -15.300029868578 4.35567502986903
2004 11 7.78894472361814 -27.777777777777 -12.117948717949
2004 12 -84.4282238442822 3.15658602150499 10.3884408602151
2005 1 219.736842105263 -1.79640993044803 32.7504037181455
2005 2 333.685294875097 -17.862941297209 19.9066947181168
2005 3 -100 5.64001536098303 10.5858294930877
2005 4 -100 8.60146941181497 12.939202559892
2005 5 21.8750000000001 -2.02164178456698 11.22405629278
2005 6 -100 -11.614224137931 1.99735632183899
2005 7 85.1158206012814 -5.40376344085999 4.09408602150499
2005 8 -52.6921823514502 4.35276045902199 8.106413615901
2005 9 -86.4662960389159 16.48903508772 13.006049606776
2005 10 -97.3677283495657 -5.94519115890101 2.58148148148202
2005 11 -100 12.888888888889 -0.951282051281996
2005 12 -100 15.575940860215 -5.0954301075269
2006 1 -100 8.526170714714 -11.927015636693
2006 2 -100 10.887058702791 2.58526614668849
2006 3 -100 11.607757296467 -0.543202764976911
2006 4 -100 9.26813607848096 -2.394130773441
2006 5 -100 12.17190660253 8.64341113149001
2006 6 -100 14.052442528736 13.997356321839
2006 7 18.876293740759 1.37043010752699 12.80376344086
2006 8 27.801716334142 -4.03433631517096 5.36447813203001
2006 9 11.7355802640723 -13.51096491228 -3.660617059891
2006 10 15.8199526191103 -3.84841696535197 9.83954599761102
2006 11 -100 18.722222222223 11.215384615385
2006 12 -100 -6.19825268817198 -0.0954301075269015
2007 1 0 -21.151248640125 -11.6044349915318
2007 2 -100 0.172772988506011 -4.2004481390258
2007 3 -100 11.769047619047 0.424539170506897
2007 4 -100 -2.56519725485205 2.93920255989201
2007 5 -100 -1.215190171663 2.19179822826401
2007 6 -100 -3.614224137931 8.16402298850498
2007 7 -25.2833908329226 8.30591397849496 6.67473118279499
2007 8 -79.2410471810841 3.22372820095801 6.009639422353
2007 9 61.4141765114664 -3.51096491227999 6.50604960677601
2007 10 -100 16.474163679809 -14.999163679808
2007 11 1.90954773869351 6.388888888889 15.048717948718
2007 12 84.9148418491484 -28.13373655914 -4.7728494623656
2008 1 -73.6842105263158 -16.312538962706 -1.4431446689511
2008 2 -100 -4.21762110016399 -12.870398877942
2008 3 -100 1.44646697388602 -14.0915898617511
2008 4 -100 13.601469411815 -5.06079744010799
2008 5 -100 -6.37648049424399 2.514378873426
2008 6 222.58064516129 -0.947557471263991 18.497356321839
2008 7 -39.8718580581567 -4.919892473118 6.67473118279499
2008 8 113.520657565992 -19.402999909641 -1.05257255921401
2008 9 3.64836692147328 -0.677631578947029 6.839382940109
2008 10 -52.6191102921822 20.667712066906 0.484707287934008
2008 11 -75.5025125628141 9.722222222223 15.382051282051
2008 12 -100 3.80174731182802 13.9368279569893
2009 1 -80.2631578947368 8.20359006955197 5.9762101697586
2009 2 -100 5.35134441707701 -1.3433052818829
2009 3 -49.5268138801262 -4.682565284178 13.0051843317977
2009 5 -100 11.042874344466 25.095024034716
2009 6 195.698924731183 7.05244252873598 6.83068965517197
2009 7 107.984228684081 4.11236559139802 10.22311827957
2009 8 -55.5165296737517 14.191470136442 9.23544587396599
2009 9 40.2883947185546 -4.34429824561398 4.83938294010901
2009 10 939.747301921558 -36.751642771804 6.29115890083703
2009 11 -75.5025125628141 7.38888888888898 16.048717948718
2009 12 -100 3.80174731182802 13.9368279569893
