"anio" "mes" "ppAcc" "mTmax" "mTmin"
1970 1 0 25.0806451612903 2.20967741935484
1970 2 14 25.7321428571429 4.5
1970 3 0 30.5806451612903 5.38709677419355
1970 4 0 35 8.31666666666667
1970 5 4.2 34.4838709677419 10.7096774193548
1970 6 197.2 30.2666666666667 13.65
1970 7 136.5 27.6129032258065 12.5483870967742
1970 8 142.6 27.2258064516129 12.5806451612903
1970 9 278.8 25.7 12
1970 10 37.4 28.0322580645161 7.69354838709677
1970 11 7.6 26.3166666666667 3.3
1970 12 0 26.8387096774194 2.19354838709677
1971 1 7.2 26.4354838709677 2.66129032258065
1971 2 0 27.8571428571429 1.67857142857143
1971 3 1.5 31.5967741935484 6.11290322580645
1971 4 0 32.7333333333333 6.1
1971 5 74.1 33.7258064516129 11.1774193548387
1971 6 326.3 27.7166666666667 13.0333333333333
1971 7 65.4 27.0161290322581 11.7258064516129
1971 8 222 25.4354838709677 11.7096774193548
1971 9 240.8 25.8 12.5833333333333
1971 10 35.8 26.2903225806452 9.75806451612903
1971 11 5.4 26.1333333333333 4.36666666666667
1971 12 25.5 24.8548387096774 4.88709677419355
1972 1 1.2 25.1129032258065 4
1972 2 0 26.4107142857143 1.85714285714286
1972 3 8.2 30.0483870967742 6
1972 4 22.1 34.15 8.43333333333333
1972 5 98.6 34.3225806451613 10.6612903225806
1972 6 111.1 28.5166666666667 12.7666666666667
1972 7 160.9 26.7903225806452 12.8548387096774
1972 8 47.6 27.9516129032258 11.241935483871
1972 9 239.5 27.65 12.2333333333333
1972 10 46.5 27.1612903225806 10.2741935483871
1972 11 35.7 25.2 9.63333333333333
1972 12 6.3 23.5806451612903 4.16129032258065
1973 1 4 23.758064516129 2.37096774193548
1973 2 6.9 26.3571428571429 5.28571428571429
1973 3 0 29.8387096774194 7.66129032258065
1973 4 22 30.6833333333333 9.06666666666667
1973 5 54.3 31.6774193548387 12.241935483871
1973 6 88.8 29.55 13.9833333333333
1973 7 319.4 26.4516129032258 13
1973 8 205.5 25.8387096774194 13.1451612903226
1973 9 163.9 27.4 12.2666666666667
1973 10 54.1 25.758064516129 10.5483870967742
1973 11 2 25.6166666666667 5.81666666666667
1973 12 0 22.6774193548387 2.35483870967742
1974 1 4.1 24.8870967741935 4.41935483870968
1974 2 17.8 26.0178571428571 4.55357142857143
1974 3 1.9 29.1612903225806 7.12903225806452
1974 4 12.1 30.0666666666667 9.71666666666667
1974 5 17.4 31.9032258064516 11.9516129032258
1974 6 49.9 29.4833333333333 13.3833333333333
1974 7 201.2 26 11.9838709677419
1974 8 165.6 27.3709677419355 12.0483870967742
1974 9 170.7 26.15 11.8
1974 10 10 25.758064516129 7.91935483870968
1974 11 6.9 25.3333333333333 5.83333333333333
1974 12 25.5 22.5645161290323 5.66129032258065
1975 1 43.6 21.8064516129032 4.41935483870968
1975 2 0 25.0892857142857 4.53571428571429
1975 3 0 29.5322580645161 7.11290322580645
1975 4 1.9 32.65 10.0333333333333
1975 5 81.1 31.1129032258065 12.0161290322581
1975 6 168.5 28.2166666666667 13.2333333333333
1975 7 212.7 26 12
1975 8 289.7 26.0322580645161 12.3870967741935
1975 9 33.9 25.6833333333333 10.9333333333333
1975 10 2.4 26.5645161290323 8
1975 11 0 25.8833333333333 5
1975 12 4.4 23.2903225806452 4.09677419354839
1976 1 0 23.0322580645161 2.83870967741935
1976 2 1 25.5535714285714 2.57142857142857
1976 3 0 29.2741935483871 7.58064516129032
1976 4 7 29.7666666666667 9.06666666666667
1976 5 36.1 30.5483870967742 11.0645161290323
1976 6 18.3 29.85 14.1333333333333
1976 7 372.6 25.1129032258065 13.241935483871
1976 8 68.3 26.5322580645161 11.9516129032258
1976 9 235.3 26.4833333333333 12.7333333333333
1976 10 113 24.6483870967742 9.91935483870968
1976 11 33.3 21.3166666666667 6.35
1976 12 3.5 21.5806451612903 7.41935483870968
1977 1 2.3 23.5645161290323 4.2741935483871
1977 2 0 25.0892857142857 4.73214285714286
1977 3 0 29.6935483870968 7.43548387096774
1977 4 18.4 27.9166666666667 8.51666666666667
1977 5 0.6 31.7096774193548 11.6612903225806
1977 6 130.4 28.2666666666667 13.2833333333333
1977 7 118.4 26.7903225806452 12.6451612903226
1977 8 243.4 27.0645161290323 12.4032258064516
1977 9 133.9 27.5 9.1448275862069
1977 10 30.2 26.1774193548387 10.0483870967742
1977 11 12 24.15 6.15
1977 12 9 23.3483870967742 4.11290322580645
1978 1 0 23.2741935483871 2.88709677419355
1978 2 21.3 22.3035714285714 3.55357142857143
1978 3 0 27.1967741935484 6
1978 4 11.1 30.7033333333333 9.35333333333333
1978 5 79.1 31.4516129032258 11.0806451612903
1978 6 128.9 28.2833333333333 13.9
1978 7 116.2 28.1612903225806 13.2096774193548
1978 8 148.6 26.0645161290323 13.0322580645161
1978 9 106.2 25.1833333333333 13.1333333333333
1978 10 75.8 23.9032258064516 9.09677419354839
1978 11 4.5 25.3166666666667 6.23333333333333
1978 12 1.1 24.0645161290323 6.06451612903226
1979 1 0 23.1290322580645 3.59677419354839
1979 2 40 23.8214285714286 5.48214285714286
1979 3 1.8 28.0967741935484 7.14516129032258
1979 4 0 30.9666666666667 9.4
1979 5 16.5 31.9193548387097 10.5322580645161
1979 6 41 29.25 13.9333333333333
1979 7 60.3 29.1129032258065 14.1935483870968
1979 8 124.1 26.4354838709677 13.3225806451613
1979 9 59.8 26 12.2166666666667
1979 10 0 29 7.35806451612903
1979 11 7.4 24.6833333333333 4.78333333333333
1979 12 33.5 21.758064516129 5.93548387096774
1980 1 66.9 21.8548387096774 3.74193548387097
1980 2 9 23.9464285714286 5.26785714285714
1980 3 0 29.3709677419355 8.03225806451613
1980 4 4.4 29.4166666666667 9.68333333333333
1980 5 7.1 32.0483870967742 11.2258064516129
1980 6 33.4 31.2166666666667 12.6833333333333
1980 7 58.1 29.4032258064516 12.2903225806452
1980 8 242.6 27.5 12.4677419354839
1980 9 74.6 27.3 12.35
1980 10 41.7 26.758064516129 11.3870967741935
1980 11 32 24.4833333333333 7.2
1980 12 7 24.0483870967742 5.7258064516129
1981 1 54.7 20.9354838709677 2.95161290322581
1981 2 22.2 25 5
1981 3 10.3 27.0806451612903 7.06451612903226
1981 4 54.3 29.15 9.55
1981 5 22.8 30.6129032258065 10.8387096774194
1981 6 62.1 28.7166666666667 12.4
1981 7 117.5 27.0483870967742 12.1774193548387
1981 8 129.1 27.2258064516129 12.4032258064516
1981 9 74.1 26.3166666666667 11.45
1981 10 138.6 25.758064516129 9.5
1981 11 0 25.4 5.35
1981 12 9.9 22.9677419354839 5.79032258064516
1982 1 0 24.8064516129032 4.51612903225806
1982 2 1.1 25.8392857142857 5.33928571428571
1982 3 0 29.7096774193548 6.7741935483871
1982 4 18.6 31.6833333333333 10.5666666666667
1982 5 41.1 30.5483870967742 13.5322580645161
1982 6 40.5 32.5666666666667 13.75
1982 7 180 27.8225806451613 12.5483870967742
1982 8 71.7 28.1774193548387 11.6935483870968
1982 9 38.9 27.9 11.6
1982 10 37.8 26.3225806451613 7.32258064516129
1982 11 43.7 25.0666666666667 4.36666666666667
1982 12 28.8 21.5967741935484 3.17741935483871
1983 1 38.2 19.8709677419355 2.46774193548387
1983 2 0 23.0535714285714 2.30357142857143
1983 3 0 26.6290322580645 4.67741935483871
1983 4 0 30.2 7.68333333333333
1983 5 38.5 31.9193548387097 12.7258064516129
1983 6 65.5 31.1333333333333 12.05
1983 7 170.2 26.4516129032258 12.1451612903226
1983 8 97.1 27.3548387096774 12.3064516129032
1983 9 177.6 26.4166666666667 10.1833333333333
1983 10 17.5 26.7258064516129 7.70967741935484
1983 11 52.2 24.95 6.98333333333333
1983 12 1.5 24.258064516129 4.11290322580645
1984 1 25.3 22.258064516129 4.11290322580645
1984 2 10.5 23.9642857142857 4.98214285714286
1984 3 0 27.9516129032258 7.48387096774194
1984 4 0 30.6166666666667 7.01666666666667
1984 5 21.3 29.0806451612903 11.241935483871
1984 6 194.8 27.7666666666667 12.7666666666667
1984 7 223.1 24.7096774193548 12.7903225806452
1984 8 114.4 26.4354838709677 12.2903225806452
1984 9 56.2 24.5 11.8833333333333
1984 10 25.8 26.5322580645161 8.95161290322581
1984 11 0 24.9833333333333 5.08333333333333
1984 12 11.9 23.4516129032258 4.46774193548387
1985 1 7.5 21.8064516129032 3.06451612903226
1985 2 0 24.6428571428571 5.03571428571429
1985 3 0 27.6290322580645 5.64516129032258
1985 4 2 27.4833333333333 9.31666666666667
1985 5 15.9 31.0161290322581 12.6935483870968
1985 6 204.6 27.1 12.9333333333333
1985 7 114.5 25.6129032258065 12.3064516129032
1985 8 97.8 26.1129032258065 11.0161290322581
1985 9 79.6 26.7 11.9666666666667
1985 10 65.6 25.6451612903226 9.38709677419355
1985 11 19.3 24.6166666666667 5.33333333333333
1985 12 2 22.7096774193548 4.7741935483871
1986 1 0 23.1290322580645 2.83870967741935
1986 2 0 25.25 4.60714285714286
1986 3 0 26.8548387096774 4.48387096774194
1986 4 3.5 30.1 9.25
1986 5 33.5 30.2903225806452 9.29032258064516
1986 6 246 26.45 11.3166666666667
1986 7 161 25.741935483871 10.5
1986 8 103.5 26.8870967741935 7.81935483870968
1986 9 118.3 26.4833333333333 10.4
1986 10 55.8 24.9193548387097 8.7258064516129
1986 11 37.3 24.7333333333333 7.93333333333333
1986 12 0 22.6290322580645 4.94193548387097
1987 1 16.2 22.8833333333333 3.93333333333333
1987 2 10 23.3928571428571 4.83928571428571
1987 3 6.2 25.5483870967742 5.70967741935484
1987 4 12.7 27.9666666666667 8.43333333333333
1987 5 13.5 29.7903225806452 10.7741935483871
1987 6 51.7 28.7833333333333 12.8833333333333
1987 7 81.8 26.9838709677419 14.5645161290323
1987 8 92.7 26.8709677419355 13.258064516129
1987 9 43.2 28.4666666666667 12.3333333333333
1987 10 0 25.5161290322581 7.29032258064516
1987 11 8 25.0166666666667 6.15
1987 12 0 24.6612903225806 5.93548387096774
1988 1 1.3 22.5161290322581 2.87096774193548
1988 2 0 25.875 5.55357142857143
1988 3 0 28.3548387096774 9.45161290322581
1988 5 0 32.0806451612903 14.5645161290323
1988 6 42.5 29.5833333333333 15.6666666666667
1988 7 175.6 26.1129032258065 13.5806451612903
1988 8 97.6 26.0645161290323 13.8225806451613
1988 9 24 26.3 12.3166666666667
1988 10 8.3 25.7258064516129 9.66129032258065
1988 11 0 26.1166666666667 5.76666666666667
1988 12 2.5 23.5967741935484 4.30645161290323
1989 1 0 24.4516129032258 5.54838709677419
1989 2 0 25.2678571428571 5.85714285714286
1989 3 0 26.4838709677419 6.01612903225806
1989 4 6 28.55 11.2
1989 5 6 31.9516129032258 13.1774193548387
1989 6 23.2 30.1 13.7
1989 7 44.6 28.0161290322581 13.4516129032258
1989 8 169.6 25.6129032258065 12.6612903225806
1989 9 30.3 25.2666666666667 12.1166666666667
1989 10 8 26.8064516129032 7.7741935483871
1989 11 6.5 25.7833333333333 7.9
1989 12 25 21.7741935483871 5.06451612903226
1990 1 2.5 22.6774193548387 5.67741935483871
1990 2 11.5 22.9821428571429 5.94642857142857
1990 3 0 27.3709677419355 7.53225806451613
1990 4 0 29.7 11.1
1990 5 76.8 30.6129032258065 14.2096774193548
1990 7 146.9 25.2258064516129 12.8870967741935
1990 8 188.2 25.1451612903226 12.758064516129
1990 9 66.2 24.9 11.6066666666667
1990 10 114.9 24.6451612903226 11.258064516129
1990 11 0 25.15 6.28333333333333
1990 12 0 24.4032258064516 4.29032258064516
1991 1 4.2 23.0806451612903 4.32258064516129
1991 2 0 24.5178571428571 5.76785714285714
1991 3 0 29.0967741935484 8.24193548387097
1991 4 0 30.6833333333333 9.73333333333333
1991 5 0 31.9677419354839 11.2903225806452
1991 6 65 28.4166666666667 11.8333333333333
1991 7 249.7 24.2258064516129 12.8870967741935
1991 8 72 27.1129032258065 11
1991 9 128.5 25.3166666666667 11.8
1991 10 12 24.5967741935484 8.03225806451613
1991 11 0 23.5166666666667 5.73333333333333
1991 12 26 22.0967741935484 6.06451612903226
1992 1 166 18.2290322580645 5.45161290322581
1992 2 28 22.0344827586207 4.18965517241379
1992 3 0 26.258064516129 7.12903225806452
1992 4 19.5 26.8333333333333 8.15
1992 5 78.4 27.6612903225806 8.83870967741935
1992 6 51.7 29.2333333333333 10.1666666666667
1992 7 212.5 26.6129032258065 11.5322580645161
1992 8 80 26.3225806451613 9.51612903225806
1992 9 85.3 26.9333333333333 6.51666666666667
1992 10 107.5 25.8548387096774 6.08064516129032
1992 11 47 23.4666666666667 5.11666666666667
1992 12 12.5 23.6129032258065 4.30645161290323
1993 1 3.5 24.5645161290323 4.29032258064516
1993 2 0 25 3.39285714285714
1993 3 0 26.5322580645161 5.08064516129032
1993 4 0 28.7666666666667 6.9
1993 5 0 29.4354838709677 7.70967741935484
1993 6 139.7 29.2666666666667 10.4333333333333
1993 7 120.4 26.1612903225806 10.6129032258065
1993 8 86.5 26.8225806451613 12.0322580645161
1993 9 110.6 25.2 10.25
1993 10 54.5 26.4516129032258 9.48387096774194
1993 11 4.5 26.4 5.98333333333333
1993 12 0 24.6612903225806 4.2741935483871
1994 1 0 23.8870967741935 4.14516129032258
1994 2 0 26.5892857142857 5.73214285714286
1994 3 2 28.8548387096774 7.43548387096774
1994 4 8.5 29.5833333333333 8.86666666666667
1994 5 0 31.8548387096774 12.6451612903226
1994 6 211.1 27.45 13.3666666666667
1994 7 72.4 28.3064516129032 11.7903225806452
1994 8 221.8 25.9677419354839 11.8387096774194
1994 9 128.3 25.55 11.5
1994 10 80 26.2258064516129 10.5806451612903
1994 11 0 26.3166666666667 7.08333333333333
1994 12 3.5 25.2903225806452 5.7741935483871
1995 1 3 23.9193548387097 4.25806451612903
1995 2 0 25.0714285714286 6.30357142857143
1995 3 0 27.8387096774194 7
1995 4 0 29.75 8.65
1995 5 53 32.3548387096774 12.0806451612903
1995 6 40 30.0333333333333 13.3166666666667
1995 7 243 25.7903225806452 13.3709677419355
1995 8 211 25.5322580645161 13.3709677419355
1995 9 145 26.2 11.3833333333333
1995 10 0 26.6774193548387 7.82258064516129
1995 11 3 25.7666666666667 6.3
1995 12 18 24.1451612903226 4.95161290322581
1996 1 0 23.6935483870968 2.03225806451613
1996 2 0 26.3448275862069 5.08620689655172
1996 3 0 27.1166666666667 5.6
1996 4 0 28.7833333333333 8.06666666666667
1996 5 19.5 31.5322580645161 11.8870967741935
1996 6 41 28.2833333333333 13.0666666666667
1996 7 77.5 27.8548387096774 12.758064516129
1996 8 164 26.1774193548387 12.8064516129032
1996 9 98.6 28.3666666666667 12.7833333333333
1996 10 98.5 28.6451612903226 9.32258064516129
1996 11 0 26.2333333333333 4.88333333333333
1996 12 0 27.8387096774194 4.69354838709677
1997 1 7.5 26.3870967741935 2.59677419354839
1997 2 0 28.8928571428571 5.10714285714286
1997 3 49.3 31.8225806451613 7.51612903225806
1997 4 98 29.65 8.01666666666667
1997 5 39 32.9677419354839 9.82258064516129
1997 6 111.5 33.8833333333333 13.55
1997 7 114.5 29.5 13.6451612903226
1997 8 81.5 29.8645161290323 12.0161290322581
1997 9 52.5 32.2833333333333 11.75
1997 10 30.4 26.0645161290323 8.71290322580645
1997 11 13 25.0666666666667 7.16666666666667
1997 12 0 22.6129032258065 3.83870967741935
1998 1 0 23.1451612903226 2.64516129032258
1998 2 2.5 24.2857142857143 2.125
1998 3 0 28.5322580645161 5.54838709677419
1998 4 0 31.4166666666667 8.85
1998 5 6 33.9677419354839 11.5806451612903
1998 6 120 31.5833333333333 14.1333333333333
1998 7 93.1 28.2096774193548 14.0161290322581
1998 8 345.9 26.8064516129032 13.5483870967742
1998 9 206.3 25.15 13.7
1998 10 74 25.2903225806452 11.1129032258065
1998 11 0 25.9 7.53333333333333
1998 12 0 24.8870967741935 4.67741935483871
1999 1 0 24.0806451612903 2.3
1999 2 0 26.7678571428571 5.23214285714286
1999 3 0 28.5483870967742 6.88709677419355
1999 4 0 30.9333333333333 9.63333333333333
1999 5 17.5 31.758064516129 10.7258064516129
1999 6 114.8 29.0166666666667 14.45
1999 7 126.3 26.0806451612903 12.0967741935484
1999 8 101.7 27.2903225806452 12.258064516129
1999 9 51 26.5333333333333 11.8333333333333
1999 10 0 26.4677419354839 8.58064516129032
1999 11 0 24.5 5.03333333333333
1999 12 4.3 22.6935483870968 3.90322580645161
2000 1 0 24.5967741935484 3.33870967741935
2000 2 0 26.5862068965517 5.12068965517241
2000 3 0 28.5483870967742 7.01612903225806
2000 4 0 31.2 9.76666666666667
2000 5 63.5 30.4193548387097 11.8709677419355
2000 6 111 26.4333333333333 14
2000 7 93.1 27.6935483870968 11.5161290322581
2000 8 70.4 26.7741935483871 11.741935483871
2000 9 72 27.5 11.8833333333333
2000 10 32.5 26.9193548387097 9.67741935483871
2000 11 0 26.0166666666667 7.98333333333333
2000 12 12 22.5806451612903 3.85483870967742
2001 1 0 23.5967741935484 4.37096774193548
2001 2 11.5 25.8928571428571 6.35714285714286
2001 3 1.5 27.0967741935484 6.2258064516129
2001 4 7.4 31.5333333333333 10.4833333333333
2001 5 70.2 28.9354838709677 11.741935483871
2001 6 131.5 27.1551724137931 12.9655172413793
2001 7 176.9 26.9 11.9
2001 8 287.4 26.4 12.6833333333333
2001 9 93.9 25.8333333333333 11.9833333333333
2001 10 19 25.9677419354839 8.91935483870968
2001 11 8.5 24.0833333333333 4.98333333333333
2001 12 0 23.6290322580645 4.66129032258065
2002 1 40.7 23.6451612903226 4.03225806451613
2002 2 20 24.0535714285714 5.73214285714286
2002 3 0 29.0483870967742 7.62903225806452
2002 4 6.7 31.2333333333333 10.6
2002 5 46.7 31.2741935483871 12.241935483871
2002 6 79.6 28.5 12.9333333333333
2002 7 236.9 26.05 12.4666666666667
2002 8 226.4 26.9354838709677 10.6290322580645
2002 9 189.5 25.6666666666667 12.1333333333333
2002 10 84.7 26.2962962962963 9.7962962962963
2002 11 61.8 23.7333333333333 6.31666666666667
2002 12 0 22.5483870967742 3.5
2003 1 10.5 22.8076923076923 4.67307692307692
2003 2 2.7 26.1296296296296 5
2003 3 0 27.9833333333333 7.26666666666667
2003 4 12.5 30.8448275862069 10.1724137931034
2003 5 2 32.5 12
2003 6 192.7 28.8 13.8
2003 7 255.4 26.0645161290323 12.5161290322581
2003 8 176.8 25.8870967741935 11.9193548387097
2003 9 291.8 25.3 13.2166666666667
2003 10 49.6 27 12.3387096774194
2003 11 2 25.5 6.93333333333333
2003 12 0 22.9354838709677 1.20967741935484
2004 1 46.8 20.6774193548387 3.90322580645161
2004 2 3 23.7241379310345 2.91379310344828
2004 3 70.3 26.0322580645161 8.16129032258065
2004 4 0 28.4333333333333 7.71666666666667
2004 5 82.8 29.3709677419355 11.1451612903226
2004 6 286.3 25.3333333333333 13.0333333333333
2004 7 128.2 26.4677419354839 11.8064516129032
2004 8 167.8 26.6129032258065 12.0161290322581
2004 9 271.5 25.2333333333333 10.5833333333333
2004 10 10 26.3225806451613 10.758064516129
2004 11 8 25.4 5.19333333333333
2004 12 14 22.1612903225806 3.74193548387097
2005 1 2.5 23.3387096774194 3.69354838709677
2005 2 32 24.375 6.35714285714286
2005 3 29 26.0483870967742 5.7741935483871
2005 4 0 31 6.48333333333333
2005 5 0 31.1935483870968 10.0806451612903
2005 7 149.5 27.3387096774194 13.3064516129032
2005 8 128.5 25.9838709677419 12.8870967741935
2005 9 55 26.3166666666667 11.55
2005 10 8 26.9193548387097 9.30645161290323
2005 11 0 25.7666666666667 5.3
2005 12 0 24.0645161290323 3.80645161290323
2006 1 20 23.8870967741935 3.10645161290323
2006 2 0 25.9642857142857 5.28571428571429
2006 3 0 28.3870967741935 7.58064516129032
2006 4 1.5 31.9833333333333 9.8
2006 5 68 30.1129032258065 11.9838709677419
2006 6 74.5 28.5166666666667 13.1666666666667
2006 7 226 26.4838709677419 13.2677419354839
2006 8 236.3 25.2258064516129 12.8387096774194
2006 9 148 25.4666666666667 12.5166666666667
2006 10 110.5 25.3064516129032 10.5
2006 11 8.5 23.75 5.75333333333333
2006 12 22.5 21.9193548387097 3.78709677419355
2007 1 23.5 21.5161290322581 5.08064516129032
2007 2 14 24.1428571428571 3.96428571428571
2007 3 0 27.5645161290323 6.95161290322581
2007 4 31 28.95 8.68333333333333
2007 5 16.5 30.6290322580645 10.8387096774194
2007 6 304.5 28.1833333333333 13.4166666666667
2007 7 191 25.7096774193548 12.741935483871
2007 8 98.2 26.2741935483871 12.5483870967742
2007 9 93.5 26.25 11
2007 10 0 26.0967741935484 8.2258064516129
2007 11 9.5 25.35 4.93333333333333
2007 12 0 24.9838709677419 4.37096774193548
2008 1 4 23.3387096774194 2.98387096774194
2008 2 0 26.7068965517241 4.3448275862069
2008 3 0 27.3870967741935 5.32903225806452
2008 4 6 30.9833333333333 8.70333333333333
2008 5 5 31.2096774193548 12.3064516129032
2008 6 113.5 28.2333333333333 13.6166666666667
2008 7 210.5 25.6612903225806 12.6774193548387
2008 8 361.5 26.1451612903226 13.0322580645161
2008 9 52 24.75 12.2333333333333
2008 10 16 25.0322580645161 7.95161290322581
2008 11 0 24.7 3.85
2008 12 0 23.9677419354839 2.40322580645161
2009 1 14 25 3.90322580645161
2009 2 0 26.3035714285714 4.08928571428571
2009 3 14.5 28.2096774193548 5.91935483870968
2009 4 0 30.8166666666667 7.98333333333333
2009 5 39 30.9516129032258 12.0645161290323
2009 6 120 29.85 13.4833333333333
2009 7 52 27.8870967741935 12.6612903225806
2009 8 87.3 28.9354838709677 12.6129032258065
2009 9 247 25.4833333333333 13.2833333333333
2009 10 165 25.2741935483871 10.741935483871
2009 11 2.5 23.3166666666667 4.68333333333333
2009 12 16.5 22.9193548387097 4.37096774193548
