"anio" "mes" "ppAcc" "mTmax" "mTmin"
1970 1 -100 20.023908509455 8.5515811218815
1970 2 -33.5624284077892 6.198321613731 24.7465549895506
1970 3 -100 15.991990150499 10.7502638259034
1970 4 -100 34.551602564102 18.841346153846
1970 5 -97.2531342442598 17.904200638072 21.114951356887
1970 6 28.0449844361884 1.64794184104501 19.105966941743
1970 7 -7.43183817062444 17.626583549623 15.191663061838
1970 8 -32.3203336939988 16.221900921659 13.355547235023
1970 9 158.874689385871 -0.300320512819994 21.484551282052
1970 10 -100 18.820341016768 22.7109437440775
1970 11 20.4349038193477 5.82754629629598 -1.2514748677248
1970 12 -100 27.804142462819 -0.619702962138997
1971 1 -100 30.507779477197 14.938677896075
1971 2 -100 17.984035899445 -5.6820164390208
1971 3 -25.2478519497687 25.185538537596 14.7825218904195
1971 4 -100 9.218269230769 -1.15865384615431
1971 5 151.887589801381 11.613878057427 21.437532002048
1971 6 62.0242996284767 -8.18539149228798 10.439300275076
1971 7 17.0294635004398 2.14271258188198 12.127146932806
1971 8 47.0888021200859 -8.45551843317999 14.323289170506
1971 9 96.2193823216187 5.033012820513 28.484551282052
1971 10 -84.0242057488654 12.368728113542 36.0980405182715
1971 11 -71.0064120434904 15.994212962963 16.9818584656085
1971 12 -3.65744870651204 18.288013430561 42.4448131668933
1972 1 -83.2672831351827 20.669069799777 32.680613379946
1972 2 -100 12.626893042303 0.889412132407799
1972 3 -40.7138136153338 10.830699827919 12.0405864065486
1972 4 200.347222222222 26.718269230769 33.508012820512
1972 5 95.8515283842795 22.904200638072 27.566564260113
1972 6 -22.8034943267396 1.31460850771202 7.772633608409
1972 7 -28.9797713280563 11.174970646398 10.030372739258
1972 8 -43.3598344074893 17.673513824885 0.936192396313
1972 9 -6.28328008519703 23.533012820513 7.31788461538502
1972 10 90.7413010590015 14.30421198451 17.3883630989165
1972 11 72.8463897407304 12.994212962963 48.9818584656085
1972 12 -100 1.51381988217402 15.0254583281836
1973 1 -77.1025979744606 11.3142310901 -2.8032575877959
1973 2 -35.8533791523482 17.091178756588 17.2465549895506
1973 3 -100 14.862957892435 27.8470380194518
1973 4 12.8472222222222 10.884935897436 15.341346153846
1973 5 144.196365685308 9.03323289613596 22.082693292371
1973 6 11.5774676172307 7.48127517437901 20.439300275076
1973 7 71.5039577836412 -2.05083580521499 14.869082416677
1973 8 126.811560113531 -9.58455069124401 21.420063364055
1973 9 -26.8725594604189 9.36634615384701 24.317884615385
1973 10 24.6596066565809 4.788082952252 23.8399760021425
1973 11 -100 9.827546296296 11.6485251322752
1973 12 -100 -4.13134140814897 -11.7487352202035
1974 1 -100 20.185198832035 25.0999682186557
1974 2 -100 11.734035899445 20.4608407038364
1974 3 742.894910773298 3.25005466662798 15.2663928581615
1974 4 9.375 2.71826923076901 21.174679487179
1974 5 -76.9263276517819 15.162265154201 30.792370711726
1974 6 8.04297620242997 11.481275174379 7.27263360840901
1974 7 11.202726473175 -1.08309386973101 7.772308223129
1974 8 13.1548823132772 11.38319124424 10.936192396313
1974 9 -52.2541711040114 3.53301282051302 8.31788461538501
1974 10 -38.2753403933434 4.94937327483299 -3.9019594817287
1974 11 -97.7697240033454 9.99421296296298 20.3151917989418
1974 12 194.380017841213 10.70736826927 25.6706196185062
1975 1 223.205636283576 10.346489154616 16.2290004767202
1975 2 -100 14.234035899445 14.0322692752649
1975 3 -100 17.927474021467 13.8147799549357
1975 4 -100 24.718269230769 31.341346153846
1975 5 62.6144527398225 -1.45063807160604 18.050435227855
1975 6 -39.7529872477156 2.14794184104502 2.439300275076
1975 7 -17.1613896218118 -6.244384192312 9.385211448935
1975 8 94.5084756393972 1.38319124424001 16.420063364055
1975 9 -61.6613418530351 3.53301282051302 -4.515448717948
1975 10 -77.7307110438729 16.562276500639 3.033524389239
1975 11 -100 20.16087962963 4.3151917989418
1975 12 15.9678858162355 17.158981172496 1.1544905862481
1976 1 -100 6.63681173526101 0.583839186397599
1976 2 -100 -6.123106957697 -0.253445010449402
1976 3 -30.403172504957 15.669409505338 11.0728444710647
1976 4 -100 -1.94839743589799 17.008012820512
1976 5 -48.3589237920834 -1.61192839418604 5.95366103430601
1976 6 -71.8043980319309 22.647941841045 14.105966941743
1976 7 53.6389621811786 -3.01857774069902 10.836824352161
1976 8 -38.0909817942325 7.99609447004599 12.387805299539
1976 9 13.95101171459 7.533012820513 17.984551282052
1976 10 68.2299546142209 -6.01836866065099 32.0657824537555
1976 11 70.6161137440758 -22.672453703704 33.4818584656085
1976 12 165.834076717217 -3.64747044040698 58.7351357475384
1977 1 -46.2791721708499 3.24971496106802 17.0354520896234
1977 2 -100 1.73403589944499 19.9251264181221
1977 3 -100 15.830699827919 32.8470380194518
1977 4 257.638888888889 -20.281730769231 13.341346153846
1977 5 -34.6245950133822 -4.83773484579899 10.953661034306
1977 6 -13.0033135857014 -3.852058158955 3.439300275076
1977 7 -46.2401055408971 19.884648065753 2.61101790054798
1977 8 25.009800693105 13.641255760369 8.839418202764
1977 9 -24.03265885694 14.033012820513 13.817884615385
1977 10 -22.7836611195159 10.917115210316 27.8722340666585
1977 11 -14.1343741287984 8.16087962963 15.8151917989418
1977 12 -39.3398751115076 15.062206978948 3.5738454249578
1978 1 -98.2386613826508 13.088424638487 17.5193230573653
1978 2 259.679266895762 -6.36120219579301 0.312031180026802
1978 3 26.305353602115 2.121022408564 21.8792960839679
1978 4 -100 18.218269230769 29.008012820512
1978 5 -8.52937033384983 6.77516838000699 -11.143113159242
1978 6 -32.0413696154232 6.31460850771202 7.10596694174299
1978 7 -20.844327176781 20.852390001236 10.514243707
1978 8 -21.657179595741 7.83480414746599 12.871676267281
1978 9 24.7781327653532 2.03301282051303 19.651217948718
1978 10 114.947049924357 -11.340949305813 9.3238469698845
1978 11 -81.042654028436 6.82754629629599 17.4818584656085
1978 12 48.0820695807315 12.804142462819 34.8641680056029
1979 1 -98.2386613826508 8.24971496106802 22.1967424122041
1979 2 232.187857961054 -0.230249814839993 22.4251264181221
1979 3 121.6787838731 12.121022408564 22.8470380194518
1979 4 -94.7916666666667 13.051602564102 21.174679487179
1979 5 -100 7.25903934774898 0.469790066564002
1979 6 -2.56049804197209 10.147941841045 7.10596694174299
1979 7 -45.8003518029903 26.981422259301 16.159404997322
1979 8 29.4632356400245 -0.713582949308993 10.936192396313
1979 9 -18.6190983315584 2.03301282051303 0.484551282051999
1979 10 -100 29.30421198451 -23.7406691591481
1979 11 -7.44354613883467 7.66087962962999 1.9818584656085
1979 12 802.765388046387 -10.937793021052 29.7028776830223
1980 1 661.778952003523 -6.234156006674 17.680613379946
1980 2 158.877434135166 -8.44453552912601 19.7465549895506
1980 3 -100 12.443603053725 16.395425116226
1980 4 -53.125 -2.61506410256398 14.841346153846
1980 5 -25.5599380194393 11.936458702588 20.147209421403
1980 6 -79.1143689125414 24.647941841045 11.439300275076
1980 7 -51.46218117854 36.336260968978 11.643275965064
1980 8 44.7052735569459 11.54448156682 16.097482718894
1980 9 -24.7426340078097 9.36634615384701 14.817884615385
1980 10 -35.8547655068079 7.368728113542 14.6464276150455
1980 11 193.281293560078 -5.83912037037003 6.4818584656085
1980 12 -30.4192685102587 -1.38940592427797 10.6706196185062
1981 1 239.938353148393 -29.008349555061 8.1644843476879
1981 2 383.390607101947 -1.301678386269 21.8894121324078
1981 3 -58.7574355584931 -3.52413888175899 23.1696186646131
1981 4 736.805555555556 -9.61506410256398 17.841346153846
1981 5 -55.775461332582 -4.031283232896 4.66333845366101
1981 6 -11.3163972286374 -0.852058158954989 13.105966941743
1981 7 -3.41908531222515 11.82013193672 9.70779209409599
1981 8 -3.96888867980745 16.705771889401 15.12974078341
1981 9 -5.12957046503372 9.03301282051302 4.15121794871801
1981 10 10.6202723146747 5.11066359741299 26.9044921311745
1981 11 -66.5458600501812 12.494212962963 0.4818584656085
1981 12 46.2979482604817 4.41704568862502 20.9932002636675
1982 1 -100 16.152940767519 23.3257746702686
1982 2 -100 17.626893042303 22.2465549895506
1982 3 -100 24.217796602112 32.2018767291292
1982 4 96.1805555555556 27.384935897436 28.008012820512
1982 5 14.2696154387942 -6.12805742644401 22.727854582693
1982 6 -87.3882919971885 37.814608507712 21.105966941743
1982 7 -27.1108179419525 7.62658354962298 7.44972757796699
1982 8 1.86448385629832 12.028352534562 2.226514976958
1982 9 -26.6063187788427 16.69967948718 -1.182115384615
1982 10 30.4689863842663 4.788082952252 -0.837443352696496
1982 11 195.511569556733 6.494212962963 -5.8514748677248
1982 12 172.970561998216 -15.744244633955 13.7351357475384
1983 1 -49.8018494055482 -14.653510845384 16.7128714444621
1983 2 -31.2714776632302 -8.623106957697 -26.8605878675922
1983 3 -89.6893588896233 2.76618369888599 -17.1529619805482
1983 4 -100 12.551602564102 -10.825320512821
1983 5 15.9177348922384 12.904200638072 18.856886840758
1983 6 13.8266894266493 21.314608507712 9.439300275076
1983 7 28.4630606860158 0.36851903349401 17.772308223129
1983 8 -44.990669740164 6.867062211982 10.12974078341
1983 9 31.700390486333 -0.800320512820001 16.651217948718
1983 10 -75.7942511346445 6.72356682322 11.4206211634325
1983 11 204.432673543351 4.827546296296 24.6485251322752
1983 12 -71.4540588760036 10.70736826927 16.3157809088288
1984 1 20.6516952884192 -3.524478587319 21.7128714444621
1984 2 26.0022909507446 -4.873106957697 17.6036978466935
1984 3 -100 8.25005466662798 21.8792960839679
1984 4 -100 8.884935897436 -8.65865384615431
1984 5 -11.8256092407381 -12.740960652251 -8.88504864311299
1984 6 105.723466211467 -6.852058158955 6.43930027507601
1984 7 -11.7744063324538 -18.825029353602 3.90134048119299
1984 8 -74.3457057283091 -1.84261520737302 2.226514976958
1984 9 -70.8910188143415 -8.13365384615299 2.48455128205201
1984 10 -80.1512859304085 18.981631339349 9.1625566473035
1984 11 -75.4669640367996 12.16087962963 9.1485251322752
1984 12 -58.9652096342551 11.836400527335 14.8641680056029
1985 1 -100 -3.36318826473899 14.1322262831718
1985 2 -100 8.34117875658798 15.4608407038364
1985 3 -100 10.024248215015 22.2018767291292
1985 4 99.6527777777778 -9.11506410256401 10.008012820512
1985 5 -25.2852514438653 2.42032967032998 16.92140296979
1985 6 21.2973190079325 -19.352058158955 8.27263360840901
1985 7 -43.4916446789798 -13.018577740699 0.191663061837986
1985 8 -33.3866491038246 -4.58455069124401 0.129740783409993
1985 9 -42.5807596734114 13.033012820513 -3.015448717948
1985 10 68.4720121028744 7.368728113542 16.0980405182715
1985 11 91.8037357122944 3.66087962962997 3.9818584656085
1985 12 -100 2.64285214023801 14.5415873604417
1986 1 -100 2.443263348164 -3.2871285555379
1986 2 26.0022909507446 10.305464470874 -8.8248735818779
1986 3 -100 -8.040267914017 -17.6368329482901
1986 4 -100 6.21826923076902 11.508012820512
1986 5 -94.5062684885195 0.162265154201009 16.437532002048
1986 6 99.8594236369114 -24.018724825621 2.10596694174299
1986 7 -10.4551451187335 -12.695997095538 3.74005015861298
1986 8 -57.4101080428408 0.576739631336984 2.065224654377
1986 9 35.427760028399 4.53301282051303 11.984551282052
1986 10 131.891074130106 -11.824820273555 22.0657824537555
1986 11 105.185391692222 4.66087962962998 16.9818584656085
1986 12 -100 6.35252955959302 14.380297037861
1987 1 -45.3985028621752 8.21515274908602 14.6794613062133
1987 2 5.38373424971362 -9.79068937528002 2.6036978466935
1987 3 -100 -16.588655010791 4.9438122130002
1987 4 -91.3194444444444 -16.115064102564 6.508012820512
1987 5 -72.5313424425975 -14.676444523219 -5.17537122375799
1987 6 -55.6581986143187 7.14794184104502 4.939300275076
1987 7 65.6222515391381 6.336260968978 12.127146932806
1987 8 -30.7522227971962 0.254158986174993 7.226514976958
1987 9 -74.6183883564075 12.19967948718 -5.348782051282
1987 10 -100 5.11066359741299 -34.5471207720513
1987 11 -88.8486200167271 4.49421296296297 -1.1848082010582
1987 12 -100 14.578336011206 16.3157809088288
1988 1 -18.0977542932629 0.0239085094550262 -1.5129350071508
1988 2 -100 12.091178756588 14.5679835609792
1988 3 446.463978849967 -14.975751784985 10.4276831807421
1988 4 -86.1111111111111 -6.78173076923098 14.174679487179
1988 5 -94.5062684885195 7.28592106817899 0.905273937532005
1988 6 -64.0927803996385 10.314608507712 8.93930027507601
1988 7 -34.0369393139842 -4.308900321344 16.159404997322
1988 8 40.8163585328754 -8.61680875575999 13.032966589861
1988 9 -41.6045438409656 -6.30032051281997 -1.34878205128199
1988 10 -89.5915279878971 8.82034101676801 -4.8697014172126
1988 11 -66.5458600501812 22.66087962963 3.9818584656085
1988 12 -100 19.417045688625 15.3480389733449
1989 1 -100 22.765843993326 16.3902907993008
1989 2 -31.2714776632302 3.51975018516001 12.9608407038364
1989 3 -100 -4.65317113982302 -10.862639399903
1989 4 26.7361111111111 -13.615064102564 -4.9919871794877
1989 5 -94.5062684885195 4.51710386387802 -2.91730670762899
1989 6 -79.6766743648961 10.481275174379 1.939300275076
1989 7 -6.88214599824098 13.755615807688 -1.09865951880701
1989 8 7.38423421304353 -9.42326036866302 8.194256912442
1989 9 -5.83954561590345 -8.80032051281997 3.31788461538501
1989 10 4.56883509833586 8.98163133934901 -34.708411094632
1989 11 -100 22.327546296296 3.1485251322752
1989 12 128.367528991971 1.67511020475402 6.4770712314094
1990 1 -4.88771466314399 25.669069799777 17.0354520896234
1990 2 92.4398625429553 -6.83739267198302 22.4251264181221
1990 3 -100 11.475861118241 4.4599412452583
1990 4 -100 4.55160256410203 7.174679487179
1990 5 131.835469784477 5.13000708968498 2.566564260113
1990 6 -11.7180439803193 0.147941841045025 1.105966941743
1990 7 32.5307827616535 -14.792771289086 11.159404997322
1990 8 24.6334540778724 -15.068421658986 -0.031549539171003
1990 9 -33.9723109691161 -1.46698717948698 -3.84878205128199
1990 10 161.664145234493 -3.604390166028 19.4044921311745
1990 11 -100 2.16087962962998 -18.8514748677248
1990 12 -100 23.288013430561 -1.5874448976229
1991 1 -100 25.991650444939 1.0677101541395
1991 2 -100 14.948321613731 -2.5748735818779
1991 4 -100 8.05160256410201 -3.65865384615431
1991 5 -100 24.033232896136 7.889144905274
1991 6 -34.1299327241691 17.147941841045 -0.894033058256998
1991 7 122.845206684257 -31.405674514893 -1.25994984138702
1991 8 -53.3957441470261 1.867062211982 0.613611751152003
1991 9 -2.73340433084843 -18.966987179487 3.31788461538501
1991 10 -85.2344931921331 -7.30869124129597 1.4206211634326
1991 11 -46.4733760802899 -3.00578703703703 8.8151917989418
1991 12 -53.6128456735058 8.12672310798 0.3480389733449
1992 1 795.640686922061 -32.234156006674 32.5193230573653
1992 2 218.4421534937 -19.306604494643 6.7416288811763
1992 3 8.26173165895571 -9.97575178498501 2.6857476968712
1992 4 -100 -30.781730769231 -28.4919871794877
1992 5 53.0004225947317 -33.386121942573 -11.949564772145
1992 6 -68.5108946681394 2.31460850771199 -1.394033058257
1992 7 22.8012313104662 -4.308900321344 13.740050158613
1992 8 16.040206363394 -14.584550691244 12.387805299539
1992 9 -27.2275470358538 -12.133653846153 7.984551282052
1992 10 66.2934947049924 -21.179658983232 10.2915889053685
1992 11 159.827153610259 -16.505787037037 14.1485251322752
1992 12 -42.9081177520071 7.96543278540003 11.63836155399
1993 1 -70.9379128137384 9.378747219132 7.2290004767202
1993 2 -100 6.91260732801698 -4.0034450104494
1993 3 -100 -6.58865501079099 3.1696186646131
1993 4 -58.3333333333333 -13.448397435898 -5.15865384615431
1993 5 -86.8150443724468 -13.063541297412 -6.94956477214498
1993 6 9.4085751581484 12.147941841045 14.772633608409
1993 7 69.4700967458224 -4.47019064392499 12.772308223129
1993 8 -9.48863903655266 1.38319124424001 9.484579493087
1993 9 104.916577919773 -6.633653846153 3.31788461538501
1993 10 -52.7987897125567 -3.59901382194199 14.9690082602065
1993 11 -100 8.66087962962997 17.9818584656085
1993 12 -100 6.51381988217402 -3.0390578008487
1994 1 -82.3866138265081 18.088424638487 10.0999682186557
1994 2 -100 10.841178756588 18.8536978466935
1994 3 -100 5.34682886017698 19.7825218904195
1994 4 90.9722222222222 -6.44839743589799 2.50801282051199
1994 6 -9.79013957224621 -2.85205815895498 6.43930027507601
1994 7 -63.6103781882146 15.884648065753 -0.614788551065004
1994 8 1.11179062583305 0.576739631336984 8.355547235023
1994 9 33.0315938942137 -4.30032051281998 2.817884615385
1994 10 -76.2783661119516 9.626792629671 16.5819114860135
1994 11 -100 21.827546296296 20.9818584656085
1994 12 -100 10.54607794669 30.0254583281836
1995 1 -100 -9.97609149054497 16.5515811218815
1995 2 113.058419243986 13.51975018516 27.4251264181221
1995 3 -100 18.411344989209 7.0405864065486
1995 4 -100 10.218269230769 19.341346153846
1995 5 195.288068742076 11.775168380007 22.727854582693
1995 6 -12.0393613816648 5.48127517437901 12.772633608409
1995 7 -12.1591908531222 3.58894914102098 9.33682435216099
1995 8 59.3827915510185 5.25415898617499 19.000708525345
1995 9 -32.3748668796592 5.19967948718001 13.151217948718
1995 10 -84.2662632375189 20.755824887736 -12.7729272236642
1995 11 47.1982157792027 11.994212962963 21.1485251322752
1995 12 230.062444246209 -3.00230915008399 23.5738454249578
1996 1 -100 10.991650444939 -12.1580962974734
1996 2 -100 16.727878263977 3.8105943984176
1996 3 -100 -4.97575178498501 0.427683180742102
1996 4 -77.4305555555556 6.05160256410201 1.341346153846
1996 5 -64.2907451753768 19.194523218717 14.50204813108
1996 6 3.30354453258359 5.314608507712 1.772633608409
1996 7 -24.5822339489886 20.368519033494 7.12714693280599
1996 8 7.82330526414828 3.31867511520798 5.12974078340999
1996 9 8.18246361377352 0.69967948718002 8.65121794871801
1996 10 127.534039334342 -8.59901382194199 11.0980405182715
1996 11 -93.3091720100362 -5.172453703704 0.4818584656085
1996 12 -100 11.513819882174 10.4770712314094
1997 1 -100 -15.782543103448 -11.1903543619895
1997 2 -100 5.48403589944499 2.9608407038364
1997 3 815.069398545935 -5.782203397888 13.8147799549357
1997 4 205.555555555556 -37.781730769231 -5.6586538461543
1997 5 -39.2942667981406 -13.063541297412 -14.368919610855
1997 6 88.0510091374636 6.64794184104501 13.272633608409
1997 7 -1.16534740545293 7.94916419478501 16.804566287645
1997 8 -16.4510514183563 20.415449308756 4.32328917050599
1997 9 -65.2112176073837 20.366346153847 -4.18211538461499
1997 10 64.5990922844176 -17.469981563877 -29.708411094632
1997 11 4.82297184276555 -10.505787037037 -11.1848082010582
1997 12 -100 -11.228115601697 -35.4584126395583
1998 1 -100 -14.492220522803 -29.6097092006992
1998 2 -100 -20.051678386269 -63.6463021533065
1998 3 -100 -14.975751784985 -33.9271555289353
1998 4 -100 -6.28173076923098 -37.4919871794877
1998 5 -100 20.00097483162 -29.5302099334357
1998 6 18.4054623958229 7.48127517437901 0.439300275075993
1998 7 -26.7260334212841 -1.88954548263499 -18.840595002678
1998 8 -1.27173793730693 -18.778099078341 -15.838001152074
1998 9 70.6602768903088 -24.80032051282 -6.64878205128199
1998 10 -39.7276853252648 -20.857078338071 -6.25679819140609
1998 11 -85.5032060217452 -5.83912037037003 0.981858465608498
1998 12 -100 -4.45392205330997 -21.2648642524616
1999 1 -100 -9.49222052280298 -46.3516446845701
1999 2 -100 1.376893042303 -15.7891592961636
1999 3 -100 -23.362848559178 -28.4432845611934
1999 4 -32.2916666666667 -7.448397435898 -20.4919871794877
1999 5 -87.0897309480208 -11.450638071606 -23.723758320533
1999 6 -24.3297519831308 -14.852058158955 -15.060699724924
1999 7 -29.5844327176781 -30.599222901989 -25.776078873645
1999 8 -15.5101848802747 -18.778099078341 -25.676710829494
1999 9 -36.5459708910188 -17.466987179487 -38.682115384615
1999 10 -84.9924357034796 -17.308691241296 -44.708411094632
1999 11 -100 -25.505787037037 -45.1848082010582
1999 12 -100 -29.776502698471 -45.7809932847196
2000 1 -100 -7.879317296997 -41.9968059748927
2000 2 -100 -2.582466563609 -28.2583711188237
2000 3 -100 -4.81446146240401 -27.9594135934514
2000 4 -100 -3.78173076923098 -23.825320512821
2000 5 279.891534018876 -21.934509039348 -21.788274449565
2000 6 21.618636409278 -49.685391492288 -26.894033058257
2000 7 9.1688654353562 -12.373416450377 -39.0018853252584
2000 8 -64.7488670398771 -13.294228110599 -43.2573559907839
2000 9 -66.0099396521122 4.19967948718 -44.0154487179483
2000 10 -65.8698940998487 4.465502307091 -36.482604643019
2000 11 -88.8486200167271 -2.17245370370403 -14.6848082010582
2000 12 -1.87332738626227 -19.937793021052 -34.0067997363325
2001 1 -100 -10.137381813126 -22.4806769426347
2001 2 -100 -8.26596410055501 -9.7177307247351
2001 3 147.455386649042 -24.814461462404 -38.604574883774
2001 4 321.875 -4.948397435898 -13.9919871794877
2001 5 -3.85969854909141 -29.192573555477 -35.0140809011777
2001 6 70.539210764133 -37.889095195992 -28.412551576776
2001 7 3.28715919085313 -19.865073847484 -28.818348061632
2001 8 -7.60690596038952 -16.8541359447 -30.9244066820281
2001 9 -31.2211572594959 -15.954166666666 -30.2974999999996
2001 10 -32.9500756429652 -17.058413154533 -42.371369937791
2001 11 298.104265402844 -23.255787037037 -40.4109986772486
2001 12 -100 -18.533969843035 -33.7081139537758
2002 1 21.5323645970938 -12.320561536628 -49.2491101223582
2002 2 188.659793814433 -26.152868862459 -19.8963021533065
2002 3 -100 -7.53971174049102 -23.1874447391689
2002 4 236.805555555556 -9.01249999999997 -13.9791666666671
2002 5 -27.7574306240315 -6.88074559848701 -19.428059395801
2002 6 -4.08675569836328 -15.531545338442 -40.022238186462
2002 7 60.5101143359719 -21.728255160054 -33.356724034936
2002 8 17.9219394395572 -10.868421658986 -45.231549539171
2002 9 21.405750798722 -5.63365384615299 -26.5154487179483
2002 10 230.408472012103 -7.14142720306498 -22.7251374984551
2002 11 385.085029272372 -34.690972222222 -29.3329563492063
2002 12 -82.1587867975022 -22.991185679562 -45.9367218720389
2003 1 83.1792162043153 -24.87598025584 -29.1936914031463
2003 2 74.1122565864834 -7.989990074581 -28.7599385169429
2003 3 -100 -15.131665763479 -42.1529619805482
2003 4 -100 -4.28173076923098 -30.825320512821
2003 5 56.846034652768 5.55973059198898 -20.809011776754
2003 6 112.792449041068 -20.219874250909 -24.319320414579
2003 7 11.202726473175 -15.133273081201 -37.126138610802
2003 8 -18.9600288532405 -15.874873271889 -42.4509043778807
2003 9 88.9421370252041 -18.633653846153 -17.482115384615
2003 10 154.886535552194 -16.018368660651 -22.4503465785029
2003 11 -100 -11.005787037037 -20.0181415343915
2003 12 -100 -27.518438182342 -69.8132513492358
2004 1 315.675913694408 -45.459962458287 -22.4806769426347
2004 2 -100 -28.099707942919 -57.5687159464099
2004 3 147.455386649042 -16.427364688211 -21.9916716579676
2004 4 -65.2777777777778 -31.781730769231 -45.325320512821
2004 5 184.575292294689 -30.16031549096 -34.6915002560164
2004 6 46.601064363892 -47.685391492288 -37.560699724924
2004 7 -42.8320140721196 -15.76051322457 -48.6793046800971
2004 8 22.5008232582208 -5.87487327188899 -38.7412269585258
2004 9 64.7142350017749 -24.30032051282 -26.182115384615
2004 10 -78.21482602118 -16.986110596135 -7.1277659333416
2004 11 -100 -17.005787037037 -39.8514748677248
2004 12 181.891168599465 -32.518438182342 -38.2003481234293
2005 1 -13.6944077498899 -21.427704393771 -31.3516446845701
2005 2 209.278350515464 -30.408821243412 -13.8248735818779
2005 3 217.052214144085 -35.459622752727 -46.1852200450643
2005 4 -100 -8.44839743589798 -33.9919871794877
2005 5 -78.025073954078 -16.934509039348 -45.6592421915003
2005 6 -77.748769956823 11.481275174379 -32.394033058257
2005 7 -2.26473175021986 -13.986319676183 -28.518014357516
2005 8 23.3162409245582 -26.197453917051 -25.676710829494
2005 9 -50.2129925452609 -17.966987179487 -37.5154487179483
2005 10 17.3978819969743 -20.69578801549 -34.8697014172126
2005 11 -16.364650125453 -20.672453703704 -42.5181415343915
2005 12 -100 -21.550696246859 -45.9422836073003
2006 1 43.5490973139586 -16.588994716352 -51.5129350071508
2006 2 -100 -7.01596410055501 -25.7891592961636
2006 3 -100 -13.201558236598 -29.7336071418385
2006 4 -13.1944444444444 -2.61506410256398 -31.4919871794877
2006 5 168.368784335822 -27.740960652251 -33.7237583205325
2006 6 -14.4492418917562 -27.018724825621 -44.560699724924
2006 7 -12.2691292875989 -24.470190643925 -36.90511113171
2006 8 4.18528798356619 -24.261970046083 -32.2896140553
2006 9 -52.5204117855875 -15.30032051282 -26.8487820512817
2006 10 215.400907715582 -27.792562209038 -18.5793788365674
2006 11 -19.7100641204349 -47.172453703704 -35.8514748677248
2006 12 230.062444246209 -43.002309150084 -50.9422836073003
2007 1 40.9070893879348 -32.556736651836 -23.7709995232798
2007 2 344.444444444444 -44.873106957697 -26.1463021533065
2007 3 -100 -19.169300172081 -40.2174781095805
2007 4 -100 -6.61506410256401 -12.325320512821
2007 5 -59.3463868150444 17.904200638072 0.792370711726011
2007 6 49.4125916256652 6.81460850771202 1.43930027507601
2007 7 22.9111697449428 14.078196452849 6.15940499732199
2007 8 -46.746953944583 19.931578341014 6.678127880184
2007 9 12.6198083067093 16.533012820513 2.48455128205201
2007 10 -29.803328290469 4.465502307091 5.6141695505293
2007 11 169.863395595205 11.494212962963 -10.1848082010582
2007 12 -9.00981266726139 20.54607794669 13.8964260701191
2008 1 -100 8.24971496106802 -2.319386620054
2008 2 -100 20.693395505357 2.0864564673832
2008 3 -100 5.18553853759599 0.750263825903401
2008 4 -73.9583333333333 17.718269230769 0.341346153846001
2008 5 -81.5959994365404 10.646136121943 7.08269329237101
2008 6 56.9635505572849 7.14794184104502 8.10596694174301
2008 7 38.9072119613017 6.98142225930098 10.352953384419
2008 8 55.3057032193317 8.15738479262698 19.645869815668
2008 9 -29.8012069577565 11.69967948718 16.484551282052
2008 10 -100 2.53001843612299 1.4206211634326
2008 11 -100 3.994212962963 -4.1848082010582
2008 12 -100 7.32027149507701 -14.1680900589132
2009 1 -57.7278731836196 17.765843993326 9.1322262831718
2009 2 -100 23.341178756588 6.1751264181221
2009 3 -27.8255122273629 18.088764344048 11.5567154388066
2009 4 51.0416666666667 12.051602564102 -1.9919871794877
2009 5 13.7202422876462 5.16226515420101 11.114951356887
2009 6 -11.4770559293102 21.814608507712 4.439300275076
2009 7 -70.811345646438 28.271744839946 20.352953384419
2009 8 -48.565962584874 38.641255760369 15.613611751152
2009 9 144.142705005325 13.69967948718 24.151217948718
2009 10 -48.4417549167927 7.69130875870403 27.2270727763355
2009 11 -100 -0.339120370370019 -3.8514748677248
2009 12 -23.2827832292596 -0.421663988793988 7.4448131668933
