"anio" "mes" "ppAcc" "mTmax" "mTmin"
1970 1 -100 -0.160656682027991 -15.9723790322581
1970 2 19.8033080017881 -14.612097473089 -8.13862091771571
1970 3 -100 -6.12783648498301 -11.7009176863183
1970 4 -100 16.433630952381 -2.05327380952401
1970 5 -95.3712632594021 1.06935483870998 -8.072580645161
1970 6 75.9533383412134 -12.604761904762 -2.27603835978799
1970 7 -70.427861260215 -2.223001402525 -3.24586255259399
1970 8 -39.8665437327124 2.54354838709698 -0.93548387096801
1970 9 107.590149138265 -10.461206896552 -1.41077586206901
1970 10 -53.5114978247359 14.860483870968 -2.40806451612901
1970 11 -22.9583975346687 -2.31826765188803 -28.6747495894909
1970 12 -100 19.251424731183 -15.0158410138248
1971 1 -87.3464830666171 13.903859447005 -0.4885080645162
1971 2 -100 1.63790252691101 -20.1029066320014
1971 3 -100 4.03345383759802 -3.475111234705
1971 4 -100 -7.56636904761898 -26.553273809524
1971 5 137.994214079074 -0.704838709676991 -3.87903225806399
1971 6 114.572930935443 -23.271428571429 -8.10937169312099
1971 7 -28.6189754556914 -5.44880785413703 -5.181346423562
1971 8 20.1418949539779 -18.424193548387 -7.870967741936
1971 9 80.6850904714832 -7.79454022988499 5.755890804598
1971 10 18.5829707893101 -4.97822580645199 7.398387096775
1971 11 35.5932203389831 -0.484934318555013 -7.67474958949089
1971 12 5.99926389400073 4.89658602150502 1.2744815668203
1972 1 -36.7324153330852 5.484504608295 3.54374999999999
1972 2 -100 -4.61209747308899 -20.4600494891442
1972 3 -27.5825346112886 -6.934288097886 -7.18478865406
1972 4 78.9442290486132 17.100297619048 0.280059523808998
1972 5 97.1070395371263 4.29516129032301 -3.55645161290299
1972 6 -15.6024921567761 -11.771428571429 -2.94270502645499
1972 7 -23.916892092852 -5.126227208976 1.108976157083
1972 8 -53.4309512275164 3.02741935483898 -7.38709677419401
1972 9 117.819228950875 3.53879310344801 -4.74410919540201
1972 10 95.6494717215662 2.60241935483901 2.72096774193599
1972 11 116.743708269132 -3.651600985222 25.4252504105094
1972 12 -88.2223040117777 -0.264704301076009 -10.1771313364055
1973 1 -83.6248604391515 3.71031105990799 -15.0046370967742
1973 2 23.3795261510952 -3.183526044517 -2.24576377485851
1973 3 -100 -4.51493325917699 2.00875973303701
1973 4 72.9794214136594 -19.899702380952 -8.053273809524
1973 5 109.450337512054 -18.124193548387 -2.74999999999999
1973 6 -30.8912553576952 -11.104761904762 -0.942705026455002
1973 7 91.765688954353 -23.352033660589 -2.43941093969099
1973 8 73.0868403369224 -30.004838709677 -6.09677419354901
1973 9 44.6684144926291 -12.961206896552 0.755890804597996
1973 10 -62.2125543816035 -19.816935483871 1.26935483871
1973 11 -100 -8.48493431855502 -9.34141625615759
1973 12 -100 -22.522768817205 -32.5964861751152
1974 1 -88.8351321176033 -0.483237327189023 -1.2949596774194
1974 2 25.1676352257488 -9.254954615946 -4.74576377485851
1974 3 193.929712460064 -11.611707452725 3.944243604004
1974 4 231.64330450343 -24.399702380952 -9.21994047619101
1974 5 -36.3548698167792 -19.898387096774 -7.42741935483799
1974 6 -37.5193318898856 -18.104761904762 -1.276038359788
1974 7 -2.10602348209101 -27.868162692847 -4.052314165498
1974 8 27.5179322092169 -18.262903225806 -1.741935483871
1974 9 5.47126831993812 -17.627873563219 -4.244109195402
1974 10 -63.952765692977 -20.784677419355 -16.472580645161
1974 11 -17.8222907036466 -12.484934318555 -8.34141625615759
1974 12 304.858299595142 -18.006639784946 6.5970622119816
1975 1 155.303312244138 -20.967108294931 -5.1014112903226
1975 2 -100 -12.826383187375 -5.46004948914421
1975 3 -100 -4.353642936596 -2.02349833148
1975 4 -88.0703847300925 -0.399702380951972 1.61339285714298
1975 5 48.1195756991321 -20.543548387096 -3.55645161290299
1975 6 66.7624055499094 -24.938095238096 -6.60937169312099
1975 7 53.9224156245131 -28.352033660589 -10.987798036465
1975 8 57.3346251816662 -24.23064516129 -8.032258064516
1975 9 -86.1606567241157 -23.794540229885 -17.077442528736
1975 10 -65.44437538844 -15.784677419355 -11.15
1975 11 -100 -6.31826765188801 -11.5080829228243
1975 12 -55.8336400441664 -16.39373655914 -15.8222926267281
1976 1 -100 -15.483237327189 -14.198185483871
1976 2 -91.0594546267322 -13.004954615946 -19.92433520343
1976 3 -25.4526091586795 -7.25686874304799 4.26682424916599
1976 4 25.2609603340292 -28.733035714286 -7.88660714285701
1976 5 51.205400192864 -18.446774193548 -12.588709677419
1976 6 -79.6738986346162 0.895238095238007 -4.276038359788
1976 7 128.589233362131 -21.255259467041 -4.85876577840099
1976 8 -56.0563204200591 -4.23064516128999 -13.354838709678
1976 9 25.499634675721 -2.62787356321898 -2.744109195402
1976 10 30.7644499689248 -12.236290322581 -3.085483870967
1976 11 26.3482280431433 -27.278037766831 -9.9276231527093
1976 12 -48.4725800515274 -7.36147849462398 13.69383640553
1977 1 -62.7837737253442 5.64579493087599 0.156653225806398
1977 2 -100 -2.29066890165999 -2.42433520343001
1977 3 -100 15.001195773081 -2.346078976641
1977 4 100.417536534447 -23.399702380952 -20.719940476191
1977 5 -57.5699132111861 2.359677419355 -5.97580645161299
1977 6 83.5535327647916 -6.93809523809598 -11.442705026455
1977 7 -40.0626000254932 8.26086956521699 -5.181346423562
1977 8 14.3285774562048 11.414516129032 -6.90322580645201
1977 9 7.19044139768772 13.538793103448 -8.91077586206901
1977 10 -34.3691733996271 0.666935483871001 0.140322580644998
1977 11 1.6949152542373 -2.65160098522202 -3.67474958949089
1977 12 19.2491718807508 13.928844086021 -10.6610023041474
1978 1 -98.5113509490138 5.323214285714 -10.9723790322581
1978 2 -19.5350916405901 -21.801250912242 -21.743118272213
1978 3 -100 1.61409899888802 -13.1525305895441
1978 4 -48.7026543393976 12.100297619048 -2.55327380952401
1978 5 6.46094503375121 5.101612903226 -1.29838709677399
1978 6 3.6631169634572 -2.938095238096 -4.94270502645499
1978 7 -0.803036526123482 16.970546984572 0.30252454418001
1978 8 -47.7426513103405 -0.682258064516006 -4.64516129032301
1978 9 -6.30506726264666 2.872126436781 1.92255747126399
1978 10 164.760720944686 -13.849193548387 -8.73064516129
1978 11 26.3482280431433 7.181732348112 0.158583743842406
1978 12 -72.027972027972 10.380456989247 10.1454493087558
1979 1 -100 6.45224654377898 -2.90786290322581
1979 2 425.704067948145 -7.11209747308899 -0.102906632001414
1979 3 -100 5.00119577308102 -1.53962736373799
1979 4 -100 7.93363095238103 -4.55327380952401
1979 5 -100 4.940322580646 -11.782258064516
1979 6 -59.8780433918077 5.89523809523801 -7.60937169312101
1979 7 -34.8506522016231 25.035063113604 8.04446002805101
1979 8 -24.8644340610398 2.70483870967798 -1.25806451612901
1979 9 -55.2155413246228 1.03879310344801 -7.744109195402
1979 10 -100 30.34435483871 -16.15
1979 11 -23.9856189008731 3.348399014778 -14.0080829228243
1979 12 191.497975708502 -2.40233870967799 3.3712557603687
1980 1 430.703386676591 -3.87033410138201 -6.1336693548387
1980 2 121.725525257041 -3.183526044517 -3.67433520343001
1980 3 -100 15.807647385985 -0.894466073415003
1980 4 -52.2815389203698 -5.06636904761898 -5.719940476191
1980 5 -21.6972034715526 13.004838709678 1.604838709678
1980 6 -45.6497724360391 21.395238095238 -1.44270502645499
1980 7 -58.4177206226012 26.002805049088 6.108976157083
1980 8 18.3291400353175 10.124193548387 2.77419354838699
1980 9 -20.3163278463059 11.872126436781 2.58922413793099
1980 10 36.4822871348664 9.53790322580602 1.75322580645199
1980 11 75.6548536209554 -2.48493431855501 -3.5080829228243
1980 12 -13.1394920868605 6.18690860215001 -1.9513248847926
1981 1 254.298474134723 -19.515495391705 -15.6497983870968
1981 2 359.544032185963 -4.07638318737501 2.75423622514149
1981 3 15.0159744408946 -10.805255839822 -3.15253058954401
1981 4 169.609305099911 -8.73303571428597 -0.386607142857009
1981 5 -89.1996142719383 -0.0596774193540028 -8.072580645161
1981 6 -44.7660288984137 7.39523809523803 3.723961640212
1981 7 4.29560808418428 11.002805049088 2.238008415148
1981 8 -56.4938819521495 16.575806451613 2.129032258064
1981 9 -89.3411269179525 16.872126436781 2.92255747126401
1981 10 -16.9670602858919 4.21532258064499 -1.95645161290301
1981 11 -100 12.681732348112 -8.00808292282429
1981 12 290.136179609864 -18.97438172043 -7.4351958525345
1982 1 -100 22.258698156682 5.4792338709677
1982 2 -69.6021457308896 13.602188241197 4.53995051085579
1982 3 -89.3503727369542 16.291518353727 8.621662958843
1982 4 44.3483447658813 19.266964285714 10.113392857143
1982 5 68.9488910318225 -4.73709677419301 11.766129032258
1982 6 -52.6313463832796 39.228571428571 9.72396164021202
1982 7 4.29560808418428 11.002805049088 2.238008415148
1982 8 -56.4938819521495 16.575806451613 2.129032258064
1982 9 -89.3411269179525 16.872126436781 2.92255747126401
1982 10 -16.9670602858919 4.21532258064499 -1.95645161290301
1982 11 344.786851566513 4.01506568144498 -6.84141625615759
1982 12 290.136179609864 -18.97438172043 -7.4351958525345
1983 1 147.115742463714 -29.192914746544 -6.940120967742
1983 2 -91.0594546267322 -17.647811758803 -26.8886209177157
1983 3 -100 -10.966546162402 -20.2493047830925
1983 4 -100 2.93363095238103 -17.053273809524
1983 5 8.77531340405014 14.940322580646 9.83064516129101
1983 6 -36.0169678759224 26.395238095238 3.89062830687902
1983 7 -24.9932726216947 2.938288920056 7.72187938289001
1983 8 -42.1168601834633 7.54354838709698 0.999999999999996
1983 9 30.3992779473073 4.205459770115 4.089224137931
1983 10 -43.8160348042262 9.53790322580602 0.624193548386991
1983 11 310.888546481767 5.34839901477799 8.6585837438424
1983 12 -48.4725800515274 15.864327956989 2.7260944700461
1984 1 2.71678451804987 -4.35420506912401 3.059879032258
1984 2 203.978542691104 -7.11209747308899 -0.638620917715702
1984 3 -100 2.90442157953301 7.97650166852
1984 4 -100 10.266964285714 1.28005952380899
1984 5 -59.884281581485 -6.35000000000002 -8.072580645161
1984 6 -0.048605894569402 -2.104761904762 -7.60937169312101
1984 7 44.6315521123968 -21.900420757363 1.43155680224401
1984 8 -44.3046678439156 -6.488709677419 0.35483870967699
1984 9 -59.4275153651094 -17.461206896552 1.255890804598
1984 10 -65.1957737725295 10.666935483871 10.624193548387
1984 11 -100 5.515065681445 -3.34141625615759
1984 12 -76.4446080235554 1.99336021505403 2.8873847926268
1985 1 -91.0681056940826 -7.580011520737 -1.2949596774194
1985 2 -67.814036656236 -3.89781175880302 6.32566479656999
1985 3 -31.8423855165069 1.130228031146 12.008759733037
1985 4 -42.7378467044438 -22.899702380952 -0.886607142857017
1985 5 -66.8273866923819 0.262903225806994 6.44354838709699
1985 6 81.6976713357784 -21.104761904762 -3.94270502645499
1985 7 -25.7863951166315 -17.061711079944 -11.955539971949
1985 8 -43.4295447797346 -6.166129032258 0.838709677419001
1985 9 -17.3077749602441 5.20545977011501 -5.41077586206899
1985 10 12.119328775637 1.47338709677399 11.591935483871
1985 11 -25.0128402670776 1.348399014778 -0.00808292282428624
1985 12 -20.5005520794994 -5.909865591398 4.0164170506913
1986 1 -100 -1.934850230415 -11.45625
1986 2 -100 -0.683526044517002 -4.92433520343001
1986 3 -100 -15.966546162402 -24.9267241379312
1986 4 -76.1407694601849 5.76696428571402 10.446726190476
1986 5 110.221793635487 0.101612903225998 4.346774193549
1986 6 79.4883124917149 -17.938095238096 -3.442705026455
1986 7 -38.0231421813701 -1.73913043478301 -5.98779803646499
1986 8 -19.176134143864 3.833870967742 -1.58064516129
1986 9 -3.38247303047233 6.87212643678102 1.589224137931
1986 10 28.2784338098198 -10.623387096774 5.30161290322599
1986 11 219.465844889574 -0.651600985222025 12.8252504105094
1986 12 -88.2223040117777 -1.71631720430099 3.3712557603687
1987 1 -20.3572757722367 -4.35420506912401 -5.32721774193551
1987 2 -91.0594546267322 -13.653102764094 -3.59497012406491
1987 3 -95.7401490947817 -19.837513904338 -7.82994994438299
1987 4 25.2609603340292 -16.233035714286 -2.88660714285701
1987 5 -43.6837029893925 -11.672580645161 -10.008064516129
1987 6 -36.1937165834475 2.39523809523803 5.723961640212
1987 7 21.8576061863554 3.58345021037898 14.334782608696
1987 8 -19.0511165632667 3.02741935483898 2.93548387096799
1987 9 0.31374908668931 20.538793103448 7.08922413793101
1987 10 -100 1.95725806451602 -30.5048387096771
1987 11 36.6204417051875 -0.818267651888007 -3.1747495894909
1987 12 -100 6.02561827957 4.5002880184332
1988 1 -86.6021585411239 -7.257430875576 -19.5207661290323
1988 2 -100 8.42361681262499 8.28995051085579
1988 3 771.139510117146 -22.256868743048 -11.0557563959957
1988 4 -97.6140769460185 -11.899702380952 6.44672619047599
1988 5 -100 11.714516129033 5.15322580645201
1988 6 -83.739118907693 4.72857142857102 10.557294973545
1988 7 49.5035902955797 1.48667601682998 8.528330995793
1988 8 32.0185651107187 -6.166129032258 12.935483870968
1988 9 -29.3419865044913 -0.127873563218976 -5.244109195402
1988 10 -96.519577377253 -4.97822580645199 -3.24677419354801
1988 11 -81.5100154083205 5.515065681445 7.65858374384241
1988 12 -29.3338240706662 4.090134408602 -1.6287442396313
1989 1 -100 15.484504608295 28.059879032258
1989 2 -69.6021457308896 -2.46924033023202 -3.67433520343001
1989 3 -100 -13.385901001112 -8.7976918798666
1989 4 93.2597673725022 -13.066369047619 4.280059523809
1989 5 -86.1137897782064 4.61774193548401 -1.943548387096
1989 6 -72.6923246873757 14.728571428571 -10.109371693121
1989 7 -41.5921934085856 12.293127629734 12.88316970547
1989 8 91.6519510556172 -6.81129032257999 3.58064516129
1989 9 -44.2987922809129 -11.961206896552 -15.744109195402
1989 10 -96.7681789931635 3.408870967742 -15.827419354838
1989 11 -32.2033898305085 2.181732348112 2.65858374384241
1989 12 178.248067721752 -24.296962365592 -24.5319700460829
1990 1 -81.3918868626721 -6.28968894009201 18.8663306451613
1990 2 9.07465355386678 -12.29066890166 -1.5314780605728
1990 3 -65.9211927582535 -5.48267519466098 -8.475111234705
1990 4 -88.0703847300925 1.766964285714 9.61339285714299
1990 5 81.6779170684667 0.391935483871002 3.37903225806501
1990 6 -40.2589368565242 -8.10476190476198 -20.942705026455
1990 7 -9.07417111617829 -8.99719495091201 -11.955539971949
1990 8 31.6435123689269 -1.97258064516102 0.35483870967699
1990 9 36.5023423733184 -12.794540229885 -2.24410919540201
1990 10 313.424487259167 -6.26854838709701 3.527419354839
1990 11 -100 -2.15160098522201 -16.1747495894909
1990 12 -100 -6.232446236559 -19.5319700460829
1991 1 -100 -1.28968894009201 -13.0691532258065
1991 2 37.6843987483236 -3.54066890165999 -10.1029066320014
1991 3 -100 16.291518353727 -20.894466073415
1991 4 -100 16.933630952381 4.61339285714299
1991 5 -96.5284474445516 18.48870967742 14.830645161291
1991 6 -57.138438425169 13.728571428571 10.757294973545
1991 7 113.236647924427 -15.287517531557 -2.923281907433
1991 8 -43.4920535700333 8.18870967742001 -3.35483870967801
1991 9 -11.5485451497829 -11.627873563219 -0.910775862069002
1991 10 -76.8800497203232 -14.49435483871 -4.214516129032
1991 11 41.7565485362096 -16.984934318555 -10.6747495894909
1991 12 192.97018770703 -5.26470430107601 10.951900921659
1992 1 959.173799776703 -39.031624423963 5.6405241935484
1992 2 280.867232901207 -24.969240330232 -0.817192346287108
1992 3 -29.7124600638978 -9.51493325917699 15.234566184649
1992 4 107.575305696391 -24.566369047619 -5.88660714285702
1992 5 101.350048216008 -31.188709677419 -5.00806451612899
1992 6 -33.7192346780964 7.061904761904 -0.109371693121005
1992 7 -4.20213293299532 3.58345021037898 5.30252454418001
1992 8 -40.4916316356988 -5.35967741935501 2.129032258064
1992 9 -59.0836807495594 -6.627873563219 2.255890804598
1992 10 174.456183965196 -23.204032258065 -4.53709677419301
1992 11 82.8454031843863 -20.318267651888 -2.1747495894909
1992 12 54.5822598454177 -0.458252688172003 5.1454493087558
1993 1 -41.942687011537 9.67805299539201 8.86633064516129
1993 2 -100 3.42361681262499 0.0756647965699919
1993 3 -93.6102236421725 -10.805255839822 2.97650166852
1993 4 -36.77303906949 -7.06636904761897 4.94672619047599
1993 5 -60.655737704918 -14.575806451612 0.798387096775013
1993 6 -36.8123370597852 7.895238095238 13.057294973545
1993 7 16.0224906878921 -6.57784011220201 9.97994389901899
1993 8 -41.8668250222688 3.511290322581 13.258064516129
1993 9 64.181028925087 -13.294540229885 8.089224137931
1993 10 36.2336855189559 -3.04274193548398 9.495161290323
1993 11 -73.2922444786852 -0.484934318555013 17.4919170771754
1993 12 -100 4.57400537634403 3.8551267281106
1994 1 -100 0.323214285714002 8.7050403225806
1994 2 -100 10.745045384054 17.0399505108559
1994 3 -100 4.64635706340403 22.653921023359
1994 4 168.41634357292 -5.23303571428599 12.113392857143
1994 5 -78.7849566055931 8.16612903225902 25.637096774194
1994 6 51.6503910565154 -9.604761904762 8.52396164021201
1994 7 -50.2032376393275 12.454417952314 9.657363253857
1994 8 30.9559156756419 -3.424193548387 6.967741935484
1994 9 6.58873082047536 -3.46120689655198 5.25589080459799
1994 10 -27.408328154133 2.925 19.172580645162
1994 11 -100 10.848399014778 17.8252504105094
1994 12 -100 17.799811827957 25.1454493087557
1995 1 -88.8351321176033 9.51676267281098 18.3824596774193
1995 2 -73.1783638801967 5.38790252691101 31.6828076537129
1995 3 -100 7.90442157953301 20.557146829811
1995 4 -95.228153892037 0.100297619048 16.946726190476
1995 5 -1.63934426229508 9.29516129032301 19.024193548387
1995 6 -33.3657372630463 10.895238095238 19.390628306879
1995 7 36.077159488436 -0.610098176718026 16.754137447406
1995 8 52.0213780062821 -6.81129032257999 15.677419354839
1995 9 -24.3563845790175 5.872126436781 7.422557471264
1995 10 -92.5419515226849 9.53790322580602 7.398387096775
1995 11 -61.9928094504366 7.51506568144499 22.9919170771754
1995 12 120.831799779168 8.12239247311801 14.0164170506913
1996 1 -100 15.484504608295 -5.1659274193549
1996 2 -100 23.115735039226 14.8724628261269
1996 3 -100 -9.51493325917699 7.17005005561701
1996 4 -100 -14.899702380952 5.280059523809
1996 5 -59.4985535197686 3.64999999999998 25.153225806452
1996 6 -20.3747072599532 -9.77142857142898 4.22396164021201
1996 7 -54.1121985072302 9.06732117812098 15.463814866761
1996 8 26.7678267256333 -3.908064516129 8.90322580645099
1996 9 1.77504620277647 -4.29454022988498 15.422557471264
1996 10 56.8676196395277 -10.945967741935 3.85
1996 11 -100 0.681732348111979 1.4919170771757
1996 12 -100 3.44497311827901 13.3712557603687
1997 1 -82.8805359136584 -8.70904377880201 -0.00463709677420709
1997 2 -14.1707644166294 2.70933109834001 17.5756647965699
1997 3 815.867944621938 -16.450417130144 17.81521134594
1997 4 454.727110050701 -43.066369047619 -14.219940476191
1997 5 -0.0964320154291307 -17.962903225806 -10.975806451613
1997 6 -35.3099730458221 6.39523809523801 16.223961640212
1997 7 -40.4025096661804 6.32538569424998 1.75413744740601
1997 8 -56.3688643715522 9.96290322580698 -0.290322580645004
1997 9 -87.0202432629905 7.20545977011501 -2.07744252873599
1997 10 55.6246115599751 -12.881451612903 9.17258064516199
1997 11 23.2665639445301 -1.48493431855503 7.32525041050941
1997 12 -100 -11.458252688172 -5.8222926267281
1998 1 -100 0.323214285714002 -18.8756048387097
1998 2 -85.6951274027716 -3.71924033023202 -31.8886209177157
1998 3 -100 -0.160094549498986 11.363598442714
1998 4 -100 11.433630952381 14.280059523809
1998 5 -95.3712632594021 23.004838709678 17.411290322581
1998 6 11.351685740798 17.561904761904 17.890628306879
1998 7 11.6603169657399 6.97054698457197 13.205750350631
1998 8 41.3323748652154 -2.13387096774202 0.35483870967699
1998 9 56.5307087291013 -5.62787356321898 7.255890804598
1998 10 179.179614667495 -14.65564516129 13.85
1998 11 -100 3.348399014778 24.1585837438424
1998 12 -100 6.670779569892 25.7906105990787
1999 1 -100 2.903859447005 -0.649798387096805
1999 2 -94.6356727760393 7.17361681262499 8.28995051085579
1999 3 -57.4014909478168 -1.12783648498301 18.299082313682
1999 4 -100 6.60029761904802 2.11339285714299
1999 5 4.14657666345226 0.908064516130018 -5.00806451612899
1999 6 51.2085192877027 -2.104761904762 -5.276038359788
1999 7 -4.5986941804637 -6.57784011220201 -18.245862552594
1999 8 -31.7404009938898 7.38225806451599 -14.806451612903
1999 9 -75.0719903726308 14.372126436781 -7.24410919540201
1999 10 -100 5.666935483871 -18.085483870967
1999 11 -100 -2.15160098522201 -1.0080829228243
1999 12 -77.9168200220832 -9.13567204301099 -7.2739055299539
2000 1 -100 16.129665898618 6.6082661290322
2000 2 -100 18.28814883233 6.2517731709543
2000 3 -100 13.872163515017 4.911985539488
2000 4 -100 13.933630952381 -1.38660714285701
2000 5 118.322082931533 -1.99516129032201 10.314516129033
2000 6 -5.26269276655914 -17.271428571429 3.05729497354502
2000 7 -45.1045930290198 14.067321178121 -47.794249649369
2000 8 -20.2387835789408 11.414516129032 -21.741935483871
2000 9 -17.7375682296815 22.538793103448 7.422557471264
2000 10 -97.016780609074 20.50564516129 1.914516129033
2000 11 -79.4555726759117 21.348399014778 3.6585837438424
2000 12 63.4155318365845 14.412715053763 13.5325460829493
2001 1 -100 11.452246543779 15.801814516129
2001 2 -100 18.423616812625 -18.1386209177157
2001 3 -31.8423855165069 -0.192352614014979 -42.8299499443828
2001 4 102.803459588428 16.100297619048 25.446726190476
2001 5 60.8486017357763 -5.86612903225799 -19.524193548387
2001 6 24.9613362202289 -10.438095238096 -15.276038359788
2001 7 45.1980681802088 3.42215988779799 -9.53618513323899
2001 8 32.0185651107187 6.253225806452 -7.709677419355
2001 9 25.0698414062836 16.872126436781 -10.744109195402
2001 10 -52.5170913610938 20.989516129032 -7.27903225806401
2001 11 -100 1.348399014778 -9.17474958949089
2001 12 -77.9168200220832 7.47723118279502 -1.1448732718894
2002 1 161.257908448083 9.03289170506898 -9.68205645161291
2002 2 209.342869915065 1.90245279146101 16.5902150611199
2002 3 -100 20.663042269188 -6.567436040045
2002 4 47.9272293468536 17.100297619048 2.11339285714299
2002 5 34.2333654773385 14.617741935484 9.02419354838699
2002 6 7.90508594405903 5.085714285714 -3.597466931217
2002 7 27.0129024034444 -1.09396914446002 0.786395511922002
2002 8 67.2110140488506 9.96290322580698 2.290322580645
2002 9 1.17333562556411 3.98706896551701 -3.97974137931
2002 10 12.8651336233685 13.731451612903 -12.762903225806
2002 11 321.160760143811 -12.627791461412 -7.69855911330049
2002 12 -100 -1.63567204301099 1.58554147465439
2003 1 -25.5675474506885 4.297868663595 -2.948185483871
2003 2 -82.1189092534645 17.173616812625 21.8613790822839
2003 3 -100 15.001195773081 -7.668659621802
2003 4 -52.2815389203698 26.75505952381 4.91101190476199
2003 5 -53.7126325940212 26.875806451613 -44.040322580645
2003 6 105.912244266714 9.72857142857102 10.020257936508
2003 7 45.0847649666464 -4.270687237027 1.94347826087
2003 8 25.3301245487647 4.31774193548399 -0.290322580645004
2003 9 133.463703958396 0.538793103448008 8.922557471264
2003 10 23.3064014916097 2.925 -0.343548387096
2003 11 -100 19.515065681445 20.1585837438424
2003 12 -100 4.090134408602 -22.4351958525345
2004 1 249.832526981764 -14.999366359447 2.89858870967739
2004 2 -94.6356727760393 -5.504954615946 -8.74822682904571
2004 3 534.717784877529 5.32377641824301 13.137791991101
2004 4 -94.0351923650462 -4.066369047619 -21.553273809524
2004 5 81.2921890067502 -4.25322580645101 -35.169354838709
2004 6 127.829083999823 -19.771428571429 -49.209371693121
2004 7 -32.3579815032504 10.680224403927 -21.794249649369
2004 8 45.2079198637309 13.672580645161 -7.22580645161301
2004 9 52.1468173808398 6.705459770115 -22.577442528736
2004 10 -54.5059042883779 20.666935483871 1.108064516129
2004 11 206.111967128916 18.181732348112 -25.6747495894909
2004 12 131.137283768863 -3.97438172043 -6.30616359447
2005 1 -88.8351321176033 11.61353686636 13.2211693548387
2005 2 323.781850692892 0.209331098340009 7.03995051085579
2005 3 332.374866879659 1.29151835372699 -10.7331757508344
2005 4 -88.0703847300925 22.933630952381 -18.719940476191
2005 5 -100 8.97258064516201 4.66935483871001
2005 6 -99.3813795236622 36.228571428571 18.390628306879
2005 7 -34.5107425609359 20.196353436185 13.689621318373
2005 8 34.0813551905737 5.76935483871001 7.77419354838699
2005 9 -68.8829672927322 16.205459770115 -4.57744252873599
2005 10 -74.6426351771287 21.150806451613 1.59193548387099
2005 11 -96.9183359013867 22.681732348112 2.49191707717571
2005 12 -100 21.348198924731 -2.5964861751152
2006 1 19.0919240788984 21.290956221198 -5.4885080645162
2006 2 -100 24.316473955483 19.1828076537129
2006 3 -57.4014909478168 24.517324805339 19.911985539488
2006 4 3.78765284819563 25.433630952381 7.94672619047599
2006 5 306.943105110897 -0.0596774193540028 2.57258064516201
2006 6 -90.809067208696 3.728571428571 -3.27603835978799
2006 7 -33.0378007846248 4.22861150070098 -18.568443197756
2006 8 38.3319529308809 -11.972580645161 -1.09677419354901
2006 9 -42.1498259337259 -8.62787356321899 -3.577442528736
2006 10 129.210689869484 -12.720161290323 15.140322580645
2006 11 -74.3194658448896 -16.484934318555 10.1585837438424
2006 12 206.22009569378 -18.97438172043 3.69383640553
2007 1 74.1719389653889 -17.741301843318 23.8663306451613
2007 2 304.112650871703 -2.64781175880302 2.57566479656999
2007 3 -14.8029818956337 9.83990545050101 -0.0880144605119959
2007 4 237.608112138384 0.100297619048 -6.71994047619101
2007 5 -53.3269045323047 6.55322580645198 2.08870967742001
2007 6 125.442976448235 -8.771428571429 -5.276038359788
2007 7 23.2172447491042 -11.255259467041 3.689621318373
2007 8 -41.8043162319701 -8.10161290322601 10.193548387097
2007 9 -0.11604418274809 -10.127873563219 6.255890804598
2007 10 -34.8663766314481 -17.300806451613 0.46290322580699
2007 11 18.130457113508 -16.651600985222 -2.34141625615759
2007 12 -100 -0.425994623655974 7.08093317972351
2008 1 -18.1243021957574 -10.160656682028 1.6082661290322
2008 2 -100 14.495045384054 17.8034973088849
2008 3 -100 -7.09557842046699 7.00875973303701
2008 4 -52.2815389203698 15.766964285714 16.613392857143
2008 5 -55.6412729026037 -4.57580645161201 16.443548387097
2008 6 8.17020900534665 -9.77142857142898 9.55729497354501
2008 7 52.2795190278584 -19.964936886396 11.431556802244
2008 8 57.2096076010689 -19.391935483871 -2.06451612903201
2008 9 -40.5166115098638 -19.627873563219 13.755890804598
2008 10 -26.6625233064015 -1.42983870967701 3.68870967742
2008 11 -100 8.015065681445 -0.17474958949089
2008 12 -100 20.864327956989 1.5970622119816
2009 1 -70.2270189802754 23.065149769585 23.3824596774193
2009 2 -100 23.066473955483 17.2185219394269
2009 3 57.6144834930777 13.227002224694 15.718437152391
2009 4 -52.2815389203698 14.433630952381 15.613392857143
2009 5 -15.1398264223722 -2.31774193548301 18.217741935484
2009 6 27.612566833105 7.061904761904 15.223961640212
2009 7 -71.4475901822765 19.389901823282 16.108976157083
2009 8 -37.4912097013642 26.737096774194 21.806451612903
2009 9 129.853440495122 3.20545977011502 18.255890804598
2009 10 84.9596022374146 8.408870967742 26.914516129033
2009 11 -97.9455572675912 -3.651600985222 7.9919170771754
2009 12 47.2211998527788 2.96110215053702 14.0164170506913
