"anio" "mes" "ppAcc" "mTmax" "mTmin"
1970 1 60.6 24.4193548387097 17.1774193548387
1970 2 83.6 25.1607142857143 15.9642857142857
1970 3 33.1 27.9548387096774 19
1970 4 1 33.3 23.0166666666667
1970 5 16.2 32.5 22
1970 6 116.1 32.4666666666667 23.5
1970 7 379.1 30.6451612903226 22.5322580645161
1970 8 250.4 31.2258064516129 23.0967741935484
1970 9 196.7 30.65 23.0666666666667
1970 10 248 29.8548387096774 22.1129032258065
1970 11 47 26.7833333333333 16.25
1970 12 31.7 27.3548387096774 18.9516129032258
1971 1 61.3 27.0483870967742 17.241935483871
1971 2 51.7 29.1964285714286 17.5714285714286
1971 3 63.8 30.7258064516129 19.7741935483871
1971 4 5.6 32.15 21.2166666666667
1971 5 33.2 33.2096774193548 23.4193548387097
1971 6 22.3 33.9 23.3833333333333
1971 7 320.9 30.8387096774194 22.5322580645161
1971 8 513.4 30.5483870967742 22.3709677419355
1971 9 441.3 31.5166666666667 23.2166666666667
1971 10 610.6 29.7258064516129 21.8709677419355
1971 11 302.9 28.1 20.2
1971 12 274.9 28.3870967741935 19.741935483871
1972 1 138.3 27.5967741935484 18.5645161290323
1972 2 46.5 27.1206896551724 17.6206896551724
1972 3 106.5 31.3064516129032 21.0806451612903
1972 4 1.6 33.6833333333333 22.6
1972 5 43.6 34.7096774193548 23.5967741935484
1972 6 213.1 31.5 23.6
1972 7 702.1 30.0483870967742 22.8870967741935
1972 8 605.9 29.6451612903226 22.4677419354839
1972 9 169.6 31.15 22.9333333333333
1972 10 743.6 29.9516129032258 22.1451612903226
1972 11 147 28.6166666666667 21.55
1972 12 140.6 26.241935483871 18.5806451612903
1973 1 49.9 26.2741935483871 17.4838709677419
1973 2 89.8 24.6428571428571 17.4464285714286
1973 3 0 32.2258064516129 21.7096774193548
1973 4 59.7 31.4666666666667 22.6333333333333
1973 5 173.5 32.6451612903226 23.4354838709677
1973 6 321.4 32.5833333333333 23.7333333333333
1973 7 349.3 31.1451612903226 23.1290322580645
1973 8 1046.3 29.9516129032258 23
1973 9 263.3 31.2166666666667 23.4166666666667
1973 10 654.1 29.1612903225806 22.1612903225806
1973 11 247.8 29.4 21.3333333333333
1973 12 269.5 26.741935483871 16.9677419354839
1974 1 143.2 27.0483870967742 19.8870967741935
1974 2 37.2 26.8035714285714 17.6071428571429
1974 3 15.3 31.3387096774194 20.3387096774194
1974 4 38.3 32.1833333333333 22.5333333333333
1974 5 29.6 34.1935483870968 24.3548387096774
1974 6 291.1 30.6833333333333 23.6666666666667
1974 7 352.5 30.0161290322581 22.5645161290323
1974 8 185.2 31.4838709677419 22.4516129032258
1974 9 579.8 30.3833333333333 23
1974 10 509.6 27.241935483871 20.5806451612903
1974 11 326.8 27.3166666666667 19.8833333333333
1974 12 64.1 26.1129032258065 18.8064516129032
1975 1 40.5 26.1451612903226 18.3870967741935
1975 2 21.1 28.5357142857143 18.8392857142857
1975 3 4.4 32.1290322580645 21.8709677419355
1975 4 7.9 33.85 23.05
1975 5 87.2 34.8709677419355 25.0161290322581
1975 6 232 32.3 23.7833333333333
1975 7 116 30.8709677419355 22.7096774193548
1975 8 502 31.2258064516129 22.6129032258065
1975 9 533 29.5166666666667 22.3666666666667
1975 10 783.4 28.7741935483871 21.1774193548387
1975 11 152.2 27.9166666666667 19.6666666666667
1975 12 270.8 27.1290322580645 17.8064516129032
1976 1 136.6 24.8064516129032 16.258064516129
1976 2 9.7 26.8793103448276 16.5172413793103
1976 3 26.4 31.4354838709677 20.7903225806452
1976 4 26.3 31.65 21.35
1976 5 45.5 32.8709677419355 22.9032258064516
1976 6 370.3 31.5666666666667 22.8833333333333
1976 7 160.2 30.6451612903226 22.8709677419355
1976 8 364.1 30.1290322580645 22.1935483870968
1976 9 624.1 30.15 21.7166666666667
1976 10 538.5 29.1290322580645 21.3870967741935
1976 11 329.1 27.8833333333333 18.95
1976 12 62.6 24.3709677419355 16.6290322580645
1977 1 41.4 25.1451612903226 17
1977 2 38.7 25.5892857142857 17.6785714285714
1977 3 8.3 31.1935483870968 19.7096774193548
1977 4 12.8 31.3666666666667 21.1
1977 5 0 34.0483870967742 23.0967741935484
1977 6 174.4 31.8666666666667 22.5166666666667
1977 7 243.2 31.0161290322581 22.4677419354839
1977 8 98.4 32.0161290322581 22.9032258064516
1977 9 185.1 32.4333333333333 22.8833333333333
1977 10 354.4 30.3709677419355 21.758064516129
1977 11 151.5 29.55 19.5333333333333
1977 12 167.1 28.258064516129 18.8064516129032
1978 1 46.4 26.2741935483871 17.1290322580645
1978 2 77.2 25.5357142857143 17.0357142857143
1978 3 51.8 28.3709677419355 18.4516129032258
1978 4 3 31.55 21.05
1978 5 42.2 34.9677419354839 24.3548387096774
1978 6 376.6 31.3333333333333 22.9166666666667
1978 7 562.9 31.0322580645161 22.5322580645161
1978 8 335.1 31.2903225806452 22.6935483870968
1978 9 798.6 30.8 22.3666666666667
1978 10 277.5 28.0483870967742 21.4838709677419
1978 11 219.7 28.8833333333333 20.6333333333333
1978 12 92.5 27.9677419354839 18.9354838709677
1979 1 23.9 26.3225806451613 17.1935483870968
1979 2 20.2 26.5178571428571 17.4107142857143
1979 3 26.9 29.2903225806452 20
1979 4 36.4 33.55 23.2666666666667
1979 5 60.3 33.0806451612903 23.3225806451613
1979 6 649.1 31.0166666666667 23.0833333333333
1979 7 66.8 32.9516129032258 23.8225806451613
1979 8 335.4 30.2258064516129 22.6935483870968
1979 9 335.9 29.75 22.3166666666667
1979 10 123.5 31.1129032258065 21.4193548387097
1979 11 104.3 27.0333333333333 19.6
1979 12 152.6 25.1935483870968 17.741935483871
1980 1 18.8 27.4354838709677 18.5
1980 2 15.2 26.2241379310345 16.9137931034483
1980 3 1.8 31.1451612903226 20.0806451612903
1980 4 20.9 31.3666666666667 20.85
1980 5 5.5 35.7096774193548 24.4677419354839
1980 6 316.9 31.6 23.2166666666667
1980 7 227.5 32.1935483870968 23.0806451612903
1980 8 145.6 32.2903225806452 23.1774193548387
1980 9 557.2 30.0666666666667 22.85
1980 10 350.3 29.1806451612903 21.5483870967742
1980 11 204.6 26.8166666666667 18.6166666666667
1980 12 70.7 26.4193548387097 16.7258064516129
1981 1 76.8 25.258064516129 16.1774193548387
1981 2 61.1 26.8214285714286 18.25
1981 3 23.2 29.9193548387097 19.6290322580645
1981 4 119.8 31.7666666666667 21.5166666666667
1981 5 77.5 35.2903225806452 23.9032258064516
1981 6 480.3 31.55 23.9166666666667
1981 7 440.1 31.1290322580645 22.8387096774194
1981 8 317.5 31.5483870967742 23.1612903225806
1981 9 840.4 30.8333333333333 22.5333333333333
1981 10 423.7 30.5483870967742 22.1290322580645
1981 11 75.8 29.8166666666667 18.95
1981 12 240.2 28.4838709677419 19.1290322580645
1982 1 91.6 28.7096774193548 18.2903225806452
1982 2 26.3 28.0535714285714 18.6607142857143
1982 3 73.3 32 20.3387096774194
1982 4 52.3 34.55 23.45
1982 5 60.2 33.5806451612903 23.6774193548387
1982 6 64.7 34.4166666666667 23.5166666666667
1982 7 290.6 33.0483870967742 22.5
1982 8 309.5 32.5645161290323 22.6774193548387
1982 9 839.3 31.1833333333333 22.6666666666667
1982 10 398.1 30.8064516129032 21.6129032258065
1982 11 51.1 29.65 19.9166666666667
1982 12 349.1 27.4677419354839 19.3225806451613
1983 1 137.4 25.758064516129 17.3387096774194
1983 2 59 28.3392857142857 18.1428571428571
1983 3 5.2 30.6612903225806 19.1935483870968
1983 4 36 31.4833333333333 21.1666666666667
1983 5 30.3 35.3064516129032 24.4838709677419
1983 6 42.1 35.6333333333333 24.6833333333333
1983 7 520.5 31.9193548387097 23.258064516129
1983 8 161.6 32.4838709677419 23.1290322580645
1983 9 264 31.9666666666667 23.5
1983 10 307 30 21.9516129032258
1983 11 188.9 30.4333333333333 20.95
1983 12 213.7 28.241935483871 18.8548387096774
1984 1 65.9 24.8064516129032 16.8064516129032
1984 2 99.3 26.1551724137931 17.6034482758621
1984 3 21.4 30.0806451612903 18.741935483871
1984 4 4.5 34.3166666666667 21.8833333333333
1984 5 354.1 33.3709677419355 23.5967741935484
1984 6 416.5 31.3833333333333 22.8166666666667
1984 7 398.2 31.0322580645161 22.7096774193548
1984 8 388.1 30.3870967741935 22.5
1984 9 688.4 29.6166666666667 22.5
1984 10 164.2 32.1451612903226 21.5806451612903
1984 11 147.3 28.9666666666667 18.45
1984 12 207.3 28.8709677419355 18.8870967741935
1985 1 92 25.7903225806452 16.1290322580645
1985 2 77.7 26.0714285714286 18.2678571428571
1985 3 36.9 30 21.0161290322581
1985 4 58.1 32.7166666666667 21.4666666666667
1985 5 13.9 34.758064516129 22.7258064516129
1985 6 346 33.5666666666667 23.6333333333333
1985 7 331.9 31.258064516129 22.741935483871
1985 8 332.6 32.4838709677419 22.9354838709677
1985 9 458.5 31.6166666666667 22.4666666666667
1985 10 288.4 31.0806451612903 22.5322580645161
1985 11 105.9 30.95 19.6166666666667
1985 12 280.5 25.258064516129 18.1935483870968
1986 1 28 25.0645161290323 14.3064516129032
1986 2 51.8 30.2678571428571 18.2678571428571
1986 3 30.8 30.6774193548387 17.741935483871
1986 4 17.7 33.7 21.15
1986 5 131.5 33.6774193548387 22.9032258064516
1986 6 191.2 32.8166666666667 22.55
1986 7 341.8 31.5322580645161 21.9193548387097
1986 8 478.6 32.1129032258064 21.9032258064516
1986 9 535.4 31.35 21.5833333333333
1986 10 331 30.9677419354839 20.741935483871
1986 11 374 29.1333333333333 19.3333333333333
1986 12 280.5 26.0967741935484 17.6451612903226
1987 1 48.8 27.4032258064516 13.4677419354839
1987 2 19 28.4285714285714 16.3214285714286
1987 3 54.9 29.241935483871 18.5483870967742
1987 4 25.5 29.2333333333333 17.9833333333333
1987 5 0.1 34.4193548387097 22.4516129032258
1987 6 362.7 32.7 22.9833333333333
1987 7 840.2 31.1612903225806 22.1129032258065
1987 8 285.5 32.1451612903226 22.4032258064516
1987 9 126.4 33.4833333333333 23.4666666666667
1987 10 208.5 30.3064516129032 19.2903225806452
1987 11 94.5 28.95 18.1166666666667
1987 12 127.2 27.7258064516129 16.3387096774194
1988 1 110.1 25.3709677419355 16.1129032258065
1988 2 35.1 26.2931034482759 15.2241379310345
1988 3 39.5 28.741935483871 17.9838709677419
1988 4 23.8 33.4833333333333 20.8
1988 5 43.7 33.9193548387097 22.0161290322581
1988 6 644.6 32.3 22.7333333333333
1988 7 288.4 32.4516129032258 22.6774193548387
1988 8 682.7 32.0161290322581 21.9516129032258
1988 9 258.6 32.1833333333333 22.2333333333333
1988 10 266.9 29.9193548387097 20.1129032258065
1988 11 86.6 31.4166666666667 19.2166666666667
1988 12 353.7 26.8709677419355 17.3870967741935
1989 1 92.8 29.7741935483871 17.4032258064516
1989 2 84.1 28.8571428571429 16.3571428571429
1989 3 26.1 30.4677419354839 17.2096774193548
1989 4 14.9 32.7 19.9666666666667
1989 5 87.6 34.8387096774194 22.758064516129
1989 6 152.2 33.85 22.5333333333333
1989 7 479.6 32.241935483871 21.9677419354839
1989 8 59.3 33 22.0483870967742
1989 9 488.6 30.55 22.05
1989 10 134 31.3387096774194 19.6935483870968
1989 11 63.6 30.4833333333333 19.5833333333333
1989 12 103.4 25.3225806451613 15.3064516129032
1990 1 237.4 27.9516129032258 17.8870967741935
1990 2 55.7 30.0535714285714 17.4821428571429
1990 3 25.7 30.1451612903226 18.1129032258065
1990 4 17 33.7 21.1
1990 5 10 36.0483870967742 23.7096774193548
1990 6 274.5 33.85 22.5833333333333
1990 7 92.2 33.2903225806452 22.0645161290323
1990 8 333.8 33.0483870967742 21.8548387096774
1990 9 653.3 32.3666666666667 21.6833333333333
1990 10 308 31 20.5967741935484
1990 11 310.7 30 18.9
1990 12 462.2 29.8064516129032 16.3064516129032
1991 1 163.1 28.3548387096774 18.0806451612903
1991 2 40.2 28.2857142857143 16.3392857142857
1991 3 0.8 34.1935483870968 19.7096774193548
1991 4 0.2 36.9333333333333 22.65
1991 5 31.9 36.7258064516129 23.7258064516129
1991 6 161 34.8 23.3333333333333
1991 7 297.1 33.3870967741936 22.0645161290323
1991 8 269.8 33.5806451612903 22.1612903225806
1991 9 865.8 32.25 21.9666666666667
1991 10 854.3 31.3387096774194 20.4838709677419
1991 11 164.4 28.7166666666667 18.0833333333333
1991 12 143.5 27.0806451612903 18.2741935483871
1992 1 87 26.241935483871 17.1129032258065
1992 2 20.4 29.1551724137931 17.1551724137931
1992 3 36.2 31.9032258064516 19.6935483870968
1992 4 105.7 32.1666666666667 20.9
1992 5 106.2 33.0967741935484 20.8225806451613
1992 6 76.1 34.3666666666667 23.2666666666667
1992 7 236.1 33.4193548387097 22.0645161290323
1992 8 368.7 33.0161290322581 22.0483870967742
1992 9 1094 31.9333333333333 21.85
1992 10 589.3 31.5161290322581 20.5322580645161
1992 11 187.5 28.9166666666667 19.55
1992 12 133.2 31.3225806451613 17.8870967741935
1993 1 60.8 29.5967741935484 18.1129032258065
1993 2 36 31.2678571428571 17.6964285714286
1993 3 27.3 31.6612903225806 18.0967741935484
1993 4 14.2 33.85 20.9166666666667
1993 5 42.9 34.8548387096774 22.3709677419355
1993 6 367.1 33.9166666666667 23.0333333333333
1993 7 306.9 32.9354838709677 22.3064516129032
1993 8 441.2 32.9516129032258 21.8870967741935
1993 9 352.4 32.65 22.65
1993 10 438.1 31.8709677419355 21.3548387096774
1993 11 208.7 30.1333333333333 19.6833333333333
1993 12 158.3 29.6645161290323 17.5645161290323
1994 1 142.3 28.4032258064516 16.8064516129032
1994 2 107.5 29.0714285714286 17.4107142857143
1994 3 42.1 31.1774193548387 18.1935483870968
1994 4 13 34.2166666666667 21
1994 5 61.5 35.6451612903226 22.5161290322581
1994 6 83 35.05 23.0833333333333
1994 7 193.5 33.9354838709677 21.9516129032258
1994 8 515.8 32.5806451612903 22.2096774193548
1994 9 721.3 32.3333333333333 21.7
1994 10 287.8 32.6935483870968 21.7258064516129
1994 11 153.8 32.7833333333333 20.1666666666667
1994 12 133.5 29.6612903225806 18.8548387096774
1995 1 141.7 28.3064516129032 17.7258064516129
1995 2 34.2 30.5714285714286 17.0178571428571
1995 3 22.4 31.3548387096774 19.5645161290323
1995 4 10.6 33.2333333333333 22.4
1995 5 15.9 37.5322580645161 24.3225806451613
1995 6 183.2 34.1333333333333 23.1833333333333
1995 7 553.1 32.4516129032258 22.4032258064516
1995 8 316.9 33.0322580645161 22.8387096774194
1995 9 311.5 32.2333333333333 22.5166666666667
1995 10 198.6 32.0967741935484 21.1774193548387
1995 11 276.3 30.4666666666667 20
1995 12 67.1 27.7903225806452 18.4516129032258
1996 1 24.4 27.7741935483871 14.5322580645161
1996 2 73.5 28.1206896551724 16.2931034482759
1996 3 8.6 29.3064516129032 17.2096774193548
1996 4 37.4 31.75 19.8333333333333
1996 5 26.9 35.5322580645161 22.4354838709677
1996 6 101.1 33.7 22.5833333333333
1996 7 455.6 32.8870967741936 21.8870967741935
1996 8 392.6 31.9677419354839 21.8548387096774
1996 9 192.7 33.55 22.7333333333333
1996 10 162.8 32.0967741935484 20.9193548387097
1996 11 336.7 28.9333333333333 18.6666666666667
1996 12 126.5 27.8064516129032 17.4677419354839
1997 1 65.2 27.2096774193548 17
1997 2 39.4 27.4821428571429 16.8928571428571
1997 3 50.8 31.758064516129 19.3064516129032
1997 4 73.4 33.1166666666667 20.9
1997 5 66.9 33.5806451612903 21.2096774193548
1997 6 88.1 35.0833333333333 22.9333333333333
1997 7 388 32.758064516129 22.258064516129
1997 8 200.1 33.5161290322581 22.2258064516129
1997 9 1015.9 31.4666666666667 22.15
1997 10 329.9 30.741935483871 20.758064516129
1997 11 280.9 29.4833333333333 19.8833333333333
1997 12 30.4 27.4354838709677 16.1451612903226
1998 1 57.3 28.9677419354839 17.8709677419355
1998 2 1 31.375 17.1071428571429
1998 3 17.8 31.9838709677419 18.5
1998 4 12.7 32.7166666666667 20.9
1998 5 0 36.4516129032258 22.0322580645161
1998 6 33.5 37.6166666666667 24.3833333333333
1998 7 408.6 34 23.0322580645161
1998 8 260.5 33.4354838709677 22.6290322580645
1998 9 282.8 33.4333333333333 23.2333333333333
1998 10 670.2 29.6612903225806 21.3225806451613
1998 11 330.3 29.8333333333333 19.95
1998 12 135.7 27.258064516129 17.4516129032258
1999 1 89.3 28.241935483871 15.8064516129032
1999 2 31.5 29.3214285714286 16.3392857142857
1999 3 8.4 32 17.6129032258065
1999 4 22 35.4333333333333 20.8833333333333
1999 5 34.4 36.6451612903226 22.9032258064516
1999 6 63.5 34.45 22.4833333333333
1999 7 230.1 32.7741935483871 21.6935483870968
1999 8 171.9 32.8870967741936 22.5
1999 9 950.9 30.75 21.9833333333333
1999 10 481.1 29.4516129032258 20.3709677419355
1999 11 290.9 28.4333333333333 17.95
1999 12 108.3 26.7903225806452 16.7258064516129
2000 1 26.7 28.5161290322581 16.4032258064516
2000 2 6.7 30.3103448275862 17.1896551724138
2000 3 61.2 32.8225806451613 20
2000 4 43.6 33.4666666666667 19.9666666666667
2000 5 88.6 34.3709677419355 23.0645161290323
2000 6 208.5 32.7 22.4833333333333
2000 7 214.8 32.9838709677419 21.6774193548387
2000 8 339.9 32.3548387096774 22.0483870967742
2000 9 609.2 31.75 22.1
2000 10 114.8 30.241935483871 20
2000 11 256 30.05 19.9833333333333
2000 12 308.3 26.8666666666667 16.65
2001 1 89.4 26.241935483871 15.7903225806452
2001 2 131 28.3392857142857 18.375
2001 3 18.2 31.2258064516129 19.0161290322581
2001 4 108 33.5666666666667 21.0166666666667
2001 5 32.9 33.3064516129032 21.4032258064516
2001 6 213 34.6333333333333 22.55
2001 7 132.9 33.9677419354839 22.2258064516129
2001 8 294.3 33.2741935483871 22.2903225806452
2001 9 316.6 32.55 22.6666666666667
2001 10 651.2 30.0645161290323 20.9838709677419
2001 11 104.8 30.1 18.7833333333333
2001 12 90.9 27.6935483870968 17.6612903225806
2002 1 30.3 27.4838709677419 16.3548387096774
2002 2 64.6 25.3035714285714 16.25
2002 3 12.9 30.6935483870968 17.9354838709677
2002 4 0.6 34.5 20.8333333333333
2002 5 30.1 35.3225806451613 22.1290322580645
2002 6 188.5 34 22.8
2002 7 300.3 33.5483870967742 22.5161290322581
2002 8 182.6 33.9032258064516 22.1451612903226
2002 9 254.3 33.5333333333333 22.5333333333333
2002 10 170.9 33.1290322580645 21.9677419354839
2002 11 311.9 29.1166666666667 18.1833333333333
2002 12 58.6 28.4032258064516 16.758064516129
2003 1 253.1 25.7903225806452 15.741935483871
2003 2 2.8 30.2678571428571 18.375
2003 3 5.7 32.9838709677419 20.2096774193548
2003 4 0 34.1166666666667 20.7
2003 5 131.3 37.5645161290323 24.0161290322581
2003 6 145.2 35.5333333333333 23.5
2003 7 176.5 34.2903225806452 22.4516129032258
2003 8 96.5 33.9193548387097 22.2258064516129
2003 9 677.6 33.1833333333333 22.55
2003 10 544.5 30.758064516129 21.5161290322581
2003 11 489.9 29.5333333333333 19.5333333333333
2003 12 41.1 27.1774193548387 16.0483870967742
2004 1 73.7 27.6290322580645 17.7903225806452
2004 2 101.1 27.8965517241379 17.5
2004 3 83.4 30.9516129032258 19.6451612903226
2004 4 26.1 32.2758620689655 20.2413793103448
2004 5 134.8 33.2096774193548 22.4225806451613
2004 6 73.4 34 22.8666666666667
2004 7 56.9 34.8225806451613 22.4677419354839
2004 8 342.2 34.7903225806452 22.5483870967742
2004 9 639.1 33.4 22.2
2004 10 465.3 32.9838709677419 21.8709677419355
2004 11 25.4 31.4833333333333 18.3
2004 12 112.6 27.2258064516129 16.7903225806452
2005 1 168 28.1774193548387 16.9032258064516
2005 2 103.1 28.2321428571429 17.4285714285714
2005 3 13.3 31.3709677419355 19.7903225806452
2005 4 0.7 33.6166666666667 20.1833333333333
2005 5 92.3 34.1774193548387 22.9354838709677
2005 6 632.3 34.4833333333333 23.8
2005 7 212.3 34.1129032258064 23.0967741935484
2005 8 409.4 33.0322580645161 22.8225806451613
2005 9 553 33.3333333333333 22.6666666666667
2005 10 705.9 31.5161290322581 21.3064516129032
2005 11 371 29.2166666666667 18.6166666666667
2005 12 93.3 26.4193548387097 18.4677419354839
2006 1 55.8 26.4354838709677 16.7903225806452
2006 2 52.4 27 16.7678571428571
2006 3 7.5 30.6451612903226 19.9193548387097
2006 4 43.3 34.3833333333333 21.7166666666667
2006 5 14.8 33.9838709677419 23.2903225806452
2006 6 226.9 32.5333333333333 22.7833333333333
2006 7 465 31.0322580645161 22.8709677419355
2006 8 259.7 32 23.0322580645161
2006 9 214.6 31.8 23.2333333333333
2006 10 737.3 30.241935483871 22.6612903225806
2006 11 881.4 27.4 19.4
2006 12 187.5 24.9838709677419 17.8709677419355
2007 1 122.6 24.0645161290323 17.9161290322581
2007 2 70.2 27.0535714285714 17.8392857142857
2007 3 15.2 29.4838709677419 19.0870967741935
2007 4 19.5 32.4166666666667 21.3833333333333
2007 5 1.3 34.1935483870968 22.6935483870968
2007 6 55.2 35.1166666666667 23.4166666666667
2007 7 55 34.258064516129 23.5322580645161
2007 8 281 32.6129032258064 22.6612903225806
2007 9 291.6 31.2333333333333 22.45
2007 10 315.4 29.5161290322581 20.8709677419355
2007 11 239.5 27.7166666666667 18.4833333333333
2007 12 119.3 27.9677419354839 18.3064516129032
2008 1 149.6 25.6290322580645 18.0806451612903
2008 2 53.9 29.051724137931 19.2413793103448
2008 3 36.1 29.4193548387097 18.8870967741935
2008 4 12.4 32.7333333333333 21.5
2008 5 47.7 34.9516129032258 23.9677419354839
2008 6 158.1 30.8666666666667 23.0166666666667
2008 7 505.4 31.241935483871 22.5806451612903
2008 8 84.2 33.3225806451613 23.6451612903226
2008 9 1257.6 29.4 22.9333333333333
2008 10 473.1 28.8064516129032 21.6290322580645
2008 11 222.8 26.8333333333333 18.0166666666667
2008 12 139.4 27.0645161290323 17.2258064516129
