"anio" "mes" "ppAcc" "mTmax" "mTmin"
1970 1 -100 12.258870967742 -21.3016129032258
1970 2 -37.0177924736262 -0.485437192117999 -11.025862068966
1970 3 -100 -20.770698924731 -20.970967741935
1970 4 -45.9983384104126 26.672649572649 8.87350427350398
1970 5 29.6788903667109 -12.998317218562 -37.628561649696
1970 6 -17.9936693450207 -23.579632594417 -13.865188834155
1970 7 -6.47070051536552 0.207999629216999 -10.740007415647
1970 8 -37.3863197927575 20.441129032258 -4.40645161290302
1970 9 17.0401691331924 -7.03416666666598 -10.3125
1970 10 -100 -7.67753344171599 -23.439861954879
1970 11 -100 7.84500000000001 -27.1875
1970 12 -100 40.487096774193 36.544354838709
1971 1 5.76414595452142 16.129838709678 16.9241935483873
1971 2 -100 4.47884852216802 -1.56157635468
1971 3 -100 -2.77069892473101 -8.067741935483
1971 4 -100 -9.19401709401701 -14.959829059829
1971 5 -68.9829266306561 -11.27084224637 -6.56070847950698
1971 6 -70.781592403214 -13.782013546798 -7.627093596059
1971 7 -68.1873131004645 -5.72303485354105 -6.70552465702603
1971 8 -16.2211321170699 -19.408333333333 -15.28817204301
1971 9 67.1035940803383 -22.500833333333 -7.14583333333298
1971 10 -21.8083042297245 -25.580759248168 9.46336385157299
1971 11 -100 -2.85499999999999 7.31250000000001
1971 12 -57.6943416181914 22.583870967742 22.028225806451
1972 1 -100 16.452419354839 22.7306451612903
1972 2 -37.0177924736262 -6.79578201970401 -1.56157635468
1972 3 385.3833425262 -3.093279569892 11.609677419355
1972 4 368.734422597618 4.639316239316 12.206837606837
1972 5 137.656415406748 -49.012777730241 -9.30264396337797
1972 6 159.459459459459 -26.782013546798 -14.293760262726
1972 7 79.4235541133804 -24.64405821283 -18.524212087505
1972 8 -81.2599900788183 -23.60188172043 -13.675268817204
1972 9 -35.7293868921776 9.63250000000002 8.52083333333301
1972 10 -49.5537446643384 20.870853655058 13.81820256125
1972 11 -64.2629227823867 -25.188333333334 -11.854166666667
1972 12 -68.2707562136436 15.003225806451 -8.93951612903249
1973 1 69.2226335272343 -28.708870967741 -24.0435483870967
1973 2 214.911037631869 -53.556865763547 -20.8472906403943
1973 3 -100 25.293817204301 25.480645161291
1973 4 -13.5973414566602 -16.027350427351 -10.126495726496
1973 5 -64.007491653321 -2.883745472177 -9.30264396337797
1973 6 146.895544192841 -29.448680213464 -16.960426929393
1973 7 -54.1897308646688 -26.579542083797 -5.943566926214
1973 8 -7.40230391886678 -31.343817204301 -13.997849462365
1973 9 43.7632135306554 -6.36749999999999 8.854166666667
1973 10 100.103479498124 -13.000114086878 9.62465417415402
1973 11 -100 12.811666666666 30.479166666667
1973 12 -4.81226864093072 -1.44838709677497 -16.0362903225809
1974 1 -31.2533051295611 16.775 17.2467741935483
1974 2 -100 1.08599137931101 -4.41871921182301
1974 3 182.404853833425 6.584139784946 20.641935483871
1974 4 -61.1188036554971 -5.027350427351 -1.45982905982901
1974 5 45.1344968920495 7.76141581814599 6.18122700436402
1974 6 -2.11833455076698 -15.448680213464 -15.960426929393
1974 7 -35.4838709677419 -32.708574341862 -13.040341119763
1974 8 -100 -13.924462365591 0.840860215053993
1974 9 56.6173361522199 -11.3675 -7.8125
1974 10 -78.9807269434743 -23.967856022361 -12.633410341976
1974 11 -100 -30.521666666667 -12.520833333333
1974 12 -10.1004759386568 -17.9 -13.1330645161293
1975 1 -100 10.000806451613 5.9564516129033
1975 2 -37.0177924736262 11.264562807882 -2.09729064039401
1975 3 -100 15.938978494624 15.158064516129
1975 4 -60.0387704237054 7.80598290598299 6.70683760683698
1975 5 30.2081919600445 0.987222269759016 11.019936681783
1975 6 -88.3126369612856 -15.115346880131 -0.293760262726011
1975 7 169.771584908061 -29.482767890249 -7.879050797182
1975 8 86.2977456870418 -40.053494623656 -9.804301075268
1975 9 -14.9598308668076 -44.034166666666 -19.479166666667
1975 10 -52.0760574311215 -17.516243119136 -2.31082969681399
1975 11 -79.5788130185067 -9.18833333333399 -3.854166666667
1975 12 -52.4061343204654 -2.73870967741999 -10.2298387096777
1976 1 -78.8471708090957 -14.483064516129 -23.3983870967742
1976 2 -100 11.135252463054 4.99014778325099
1976 3 1.4892443463872 -21.480376344086 3.222580645162
1976 5 5.86031866670281 -35.786971278628 -19.625224608539
1976 6 -14.2926710494278 -27.748680213464 -12.960426929393
1976 7 178.042883501941 -57.22470337412 -20.782276603634
1976 8 -58.110566058535 -34.569623655914 -17.868817204301
1976 9 -12.4566596194503 -12.700833333333 0.187500000000007
1976 10 -69.732246798603 -52.354952796555 -32.310829696814
1976 11 471.793235481812 -92.388333333334 -55.5208333333333
1976 12 -62.9825489159175 -40.770967741936 -27.0040322580648
1977 1 -81.4912744579588 -52.579838709677 -31.1403225806451
1977 2 -59.061565107857 -25.664008620689 -17.6330049261086
1977 3 -86.7622724765582 -8.89973118279599 -12.26129032258
1977 4 202.409304901689 -33.360683760684 -10.459829059829
1977 5 -16.3703482533048 -34.819229343144 -2.528450414991
1977 6 -11.3708302897492 -27.448680213464 -11.293760262726
1977 7 -49.0997009607431 -5.61180014831301 -7.23388950685901
1977 8 12.4400595270903 -1.021236559139 1.16344086021599
1977 9 -38.4355179704017 -2.36750000000001 8.854166666667
1977 10 -61.3245375759928 -9.77430763526499 7.68917030318601
1977 11 42.9483088704531 -2.188333333334 1.145833333333
1977 12 -52.4061343204654 10.841935483871 -3.45564516129059
1978 1 -36.5415124272872 -34.418548387096 -31.4629032258064
1978 2 73.201070697528 -49.592580049261 -36.2044334975371
1978 3 -60.2868174296746 -19.544892473118 -19.358064516129
1978 4 -28.7178067017447 -13.360683760684 -0.459829059828998
1978 5 -23.2512689666405 6.79367388266201 3.27800119791203
1978 6 11.0299488677867 -15.415346880131 -3.62709359605901
1978 7 -91.09244766813 -1.095671116055 1.15320726733398
1978 8 -33.8587885134763 -12.60188172043 -6.25591397849401
1978 9 71.1627906976744 -15.700833333333 0.187500000000007
1978 10 183.339800801966 -30.580759248168 -12.955990987137
1978 11 -79.5788130185067 -20.821666666667 15.145833333333
1978 12 -76.2030671602327 -23.641935483871 -2.00403225806498
1979 1 -52.4061343204654 -40.902419354838 -23.3983870967742
1979 2 -62.2106754841757 -27.128294334975 -18.3472906403943
1979 3 -51.46166574738 -19.835215053763 -1.616129032258
1979 4 -28.7178067017447 -5.027350427351 8.206837606837
1979 5 -75.6521267066584 -24.496648697983 -10.915547189184
1979 6 108.424640857073 -19.115346880131 -13.293760262726
1979 7 -55.4622383406502 5.03336114200899 -2.71776047460101
1979 8 17.9518271509673 -14.247043010752 -9.481720430107
1979 9 -84.1014799154334 -22.034166666666 -23.479166666667
1979 10 -100 15.064402042155 6.076267077379
1979 11 -54.0523292916401 -26.188333333334 -11.520833333333
1979 12 468.482284505553 -38.867741935484 -3.45564516129059
1980 1 -68.2707562136436 -1.57983870967701 10.7951612903223
1980 2 32.262635805385 -41.968195812808 -19.1477832512317
1980 3 -69.1119691119691 -8.89973118279599 -3.22903225806401
1980 4 -52.4785378011631 -10.694017094017 -3.79316239316299
1980 5 121.777367606742 0.0194803342750305 11.342517326945
1980 6 -100 22.217986453202 13.706239737274
1980 7 -96.1824775720557 19.872070819429 13.411271783463
1980 8 65.3530287163093 -7.79543010752704 4.71182795699001
1980 9 -64.1437632135307 25.965833333334 16.1875
1980 10 -44.5091191307722 -14.871081828813 -0.375345825845983
1980 11 63.3694958519464 -30.521666666667 -21.1875
1980 12 169.69857218403 -21.093548387097 2.99596774193502
1981 1 304.547858276044 -30.257258064516 -12.4306451612903
1981 2 -55.9124547315383 -15.699722906404 -6.56157635468
1981 3 -33.811362382791 -23.093279569892 -0.00322580645100601
1981 4 -38.4381057878704 -12.694017094017 1.87350427350399
1981 5 193.7623843001 -20.948261601209 -1.23812783434598
1981 6 180.496712929145 -13.782013546798 4.37290640394099
1981 7 -23.6495514411147 -12.0634130515391 0.508045977011982
1981 8 43.8571349831891 -4.89220430107501 2.13118279569898
1981 9 7.90697674418605 -6.03416666666597 1.85416666666701
1981 10 -100 2.80633752602601 7.36658965802398
1981 11 -100 21.811666666666 2.8125
1981 12 -100 25.970967741935 18.802419354838
1982 1 -100 32.258870967742 10.1500000000003
1982 2 63.7537395685719 -11.414008620689 -13.7044334975371
1982 3 -22.7799227799228 2.068010752688 4.512903225807
1982 4 197.00913874273 4.639316239316 14.206837606837
1982 5 -17.4289514399718 -25.464390633467 4.890904423719
1982 6 -100 18.217986453202 12.706239737274
1982 7 -100 28.5817482387829 11.475787912495
1982 8 -79.0552830292675 19.623924731183 5.356989247312
1982 9 52.8964059196617 14.965833333334 7.1875
1982 10 83.9606777907126 -8.48398505461901 -0.052765180684986
1982 11 -100 -9.52166666666699 -3.1875
1982 12 330.460074034902 -14.31935483871 4.60887096774201
1983 1 -35.4838709677419 -4.19274193548301 -4.6887096774193
1983 2 34.7819241064399 9.65741995073902 10.224137931034
1983 3 266.243794815223 11.100268817204 -6.13225806451601
1983 4 -100 4.97264957264903 -11.459829059829
1983 5 136.068510626747 1.954964205243 7.471549585009
1983 6 -84.4168492817141 3.88465311986899 6.70623973727398
1983 7 57.1546732837056 -18.837606599926 2.120949202818
1983 8 37.2430138345367 -0.0534946236560074 1.80860215053798
1983 9 -3.59408033826638 2.29916666666703 5.520833333333
1983 10 -83.1845815547795 7.999885913122 8.334331593508
1983 11 4.65858328015317 33.145 14.145833333333
1983 12 -100 -15.964516129033 -24.4233870967745
1984 1 656.213643574828 -41.612096774193 -15.3338709677419
1984 2 -93.7017792473626 0.100769704434001 -7.76847290640401
1984 3 -100 1.422849462366 4.512903225807
1984 4 -100 35.639316239316 15.206837606837
1984 5 41.3235254200483 14.535609366533 1.98767861726701
1984 6 16.3866569271975 -1.44868021346404 0.706239737274004
1984 7 -14.105745371254 -12.385993696701 -4.97582499073001
1984 8 -12.9140715427438 -3.60188172043003 3.42150537634499
1984 9 27.8646934460888 -33.034166666666 -5.81249999999997
1984 10 -89.0699780106067 4.09666010667099 18.65691223867
1984 11 145.05424377792 -11.188333333334 -2.52083333333299
1984 12 137.969328397673 25.003225806451 35.576612903226
1985 1 29.5610787942887 -40.96693548387 -34.0435483870967
1985 2 -27.5704613446701 -24.628294334975 -19.4187192118229
1985 3 -100 9.164784946237 12.254838709678
1985 4 162.448075325395 -8.360683760684 1.87350427350399
1985 5 29.1495887733774 -5.78697127862803 3.92316248823501
1985 6 69.9537375213051 -17.782013546798 -6.29376026272602
1985 7 -59.9160145065852 -9.48276789024902 -6.26614757137499
1985 8 -88.976464752246 0.914247311827978 0.518279569892997
1985 9 -57.0401691331924 18.965833333334 9.52083333333302
1985 10 39.5679730953304 18.290208493768 9.62465417415402
1985 11 37.8430121250798 32.478333333333 20.8125
1985 12 11.0523532522475 -7.57741935483899 -5.71370967741959
1986 1 -100 3.226612903226 -10.4951612903225
1986 2 107.841284837034 10.728848522168 -0.490147783251
1986 3 -60.2868174296746 8.84220430107501 1.60967741935499
1986 4 5.84325671559123 6.305982905983 16.540170940171
1986 6 204.45580715851 -10.782013546798 -1.62709359605902
1986 7 -54.8259846026595 -1.41825176121706 -1.75001853911702
1986 8 -63.6223336824119 8.65618279569901 1.48602150537698
1986 9 -59.4080338266385 15.965833333334 15.1875
1986 10 103.466563187168 -4.290436667523 3.81820256125
1986 11 -51.4996809189534 23.145 -2.85416666666698
1986 12 24.2728714965627 -29.835483870968 -8.6169354838712
1987 1 127.392913802221 -23.547580645161 -17.9145161290322
1987 2 151.928830105495 -18.914008620689 -6.204433497537
1987 3 -100 -41.480376344086 -23.874193548387
1987 4 -100 -44.027350427351 -33.793162393163
1987 5 48.2044461333839 -6.75471321411202 -8.65748267305499
1987 6 36.3525687850012 -21.448680213464 -5.96042692939299
1987 7 221.689889928103 -7.22470337412005 2.120949202818
1987 8 -66.0475114369178 14.140053763441 10.195698924732
1987 9 -59.4080338266385 14.299166666667 10.1875
1987 10 -44.5091191307722 10.548273009897 0.914976754799
1987 11 -100 1.47833333333299 -2.52083333333299
1987 12 -100 20.809677419354 20.092741935484
1988 1 40.1374933897409 -34.192741935483 -24.6887096774193
1988 2 -77.9562273657692 -18.519919950739 -5.00985221674901
1988 3 -100 -8.587903225806 -13.379569892473
1988 4 -44.9183051786209 2.63931623931597 0.206837606836991
1988 5 -3.66711001330044 3.24528678588798 1.01993668178302
1988 6 -6.69588507426345 -2.44868021346399 -7.96042692939302
1988 7 -80.9123878602787 9.87207081942898 5.66933629959198
1988 8 111.321170699443 -11.988978494623 -2.70752688171999
1988 9 81.9873150105708 -12.700833333333 -8.47916666666698
1988 10 76.7300478592678 -3.00011408687801 -0.69792647100801
1988 11 -100 15.145 8.479166666667
1988 12 -100 9.841935483871 8.47983870967701
1989 1 -41.8297197250132 21.61370967742 30.4725806451613
1989 2 32.262635805385 -21.056865763547 -9.06157635468
1989 3 -100 -10.835215053763 -22.583870967741
1989 4 49.0445859872611 11.305982905983 -0.793162393163023
1989 5 -86.7674601666621 27.761415818146 16.503807649525
1989 6 -59.0942293644996 20.551319786536 6.039573070607
1989 7 57.6636762740981 10.19465146459 0.830626622172979
1989 8 -51.4964449098826 -1.021236559139 5.356989247312
1989 9 -9.00634249471459 7.29916666666703 -8.14583333333299
1989 10 9.30021989393346 16.999885913122 1.88271869028299
1989 11 14.8691767708998 31.478333333333 15.145833333333
1989 12 259.598096245373 -33.383870967742 -49.2620967741938
1990 1 -36.5415124272872 37.097580645162 16.2790322580643
1990 2 77.6098252243741 22.871705665025 21.295566502463
1990 3 -100 7.55188172042999 3.86774193548399
1990 4 -24.3976737745777 2.972649572649 12.306837606837
1990 5 -53.4214597866508 23.083996463307 8.76187216565402
1990 6 -75.6513270026784 26.551319786536 12.706239737274
1990 7 88.3311064452504 -11.256961438636 2.120949202818
1990 8 -91.1811718017968 5.91424731182798 3.42150537634499
1990 9 -59.7463002114165 -4.20083333333295 6.85416666666701
1990 10 -71.4137886431251 11.3547246228 -2.31082969681399
1990 11 -100 25.645 21.145833333333
1990 12 -100 28.067741935484 3.31854838709701
1991 1 -100 4.19435483870998 3.0532258064517
1991 2 22.8153046764289 6.621705665025 7.009852216749
1991 3 -100 56.906720430108 19.029032258065
1991 4 -44.9183051786209 30.305982905983 22.206837606837
1991 5 -32.2493960533102 22.922706140727 16.503807649525
1991 6 19.7954711468225 7.21798645320199 8.70623973727398
1991 7 -25.5583126550868 -16.9021227289591 0.669336299591983
1991 8 -83.4646971283691 13.978763440861 9.22795698924798
1991 9 44.1014799154334 -18.700833333333 -11.479166666667
1991 10 -42.8275772862502 16.3547246228 11.882718690283
1991 11 -36.1837906828334 -19.521666666667 -18.520833333333
1991 12 63.9344262295082 -0.158064516128995 21.383064516129
1992 1 288.683236382866 -37.741129032258 -4.0435483870967
1992 2 -33.8686820973075 -0.244057881772974 11.197044334975
1992 3 -77.9371207942637 -1.80295698924699 13.545161290323
1992 4 -21.1575740792025 -19.194017094017 -2.45982905982903
1992 5 37.0891126733801 -30.141809988306 -9.30264396337797
1992 6 -100 6.88465311986896 9.37290640394099
1992 7 -100 8.58174823878294 9.217723396366
1992 8 -38.8193793749656 8.01102150537702 3.098924731183
1992 9 29.4207188160677 12.299166666667 8.52083333333301
1992 10 -89.0699780106067 5.06440204215501 -0.69792647100801
1992 11 -18.3152520740268 -14.688333333334 -7.85416666666698
1992 12 -100 11.616129032258 13.641129032258
1993 1 -100 11.452419354839 7.2467741935484
1993 2 13.3679735474728 12.157419950739 13.795566502463
1993 3 -47.0490899062328 10.132526881721 -0.325806451612003
1993 4 -74.0792024369981 14.639316239316 8.206837606837
1993 5 75.62226866806 5.50335130201702 -11.883289124668
1993 6 150.791331872413 -7.78201354679801 0.706239737274004
1993 7 -100 6.00110307749297 6.637078235076
1993 8 -100 16.39811827957 6.00215053763499
1993 9 -80.6511627906977 12.6325 2.1875
1993 10 -97.8139956021213 6.35472462279999 0.592396109637008
1993 11 -84.68410976388 -14.355 -12.854166666667
1993 12 -92.0676890534109 17.583870967742 23.318548387097
1994 1 362.718138551031 5.484677419355 6.89193548387101
1994 2 -11.8249094630767 -6.41400862068899 9.86699507389099
1994 3 323.607280750138 -13.415860215054 -6.777419354838
1994 4 -98.9199667682083 -11.194017094017 -0.459829059828998
1994 5 -97.5652126706658 13.89044807621 11.987678617267
1994 6 10.0560019478938 10.884653119869 11.372906403941
1994 7 -91.09244766813 27.9365869484609 13.411271783463
1994 8 -70.6773962409745 11.236827956989 4.06666666666698
1994 9 -39.4503171247357 -0.367499999999978 -2.8125
1994 10 24.4340964946319 -0.0968882804259863 4.46336385157299
1994 11 -10.6573069559668 41.311666666666 40.145833333333
1994 12 37.4933897408778 29.196774193548 25.899193548387
1995 1 -49.7620306716023 10.645967741936 13.0532258064513
1995 2 10.2188631711542 38.228848522168 16.652709359606
1995 3 -82.3496966354109 5.74543010752699 -0.0462365591390146
1995 4 -56.7986707283301 22.972649572649 7.873504273504
1995 5 -6.31361797996801 40.664641624598 25.536065714041
1995 6 17.8475773070368 8.217986453202 6.37290640394099
1995 7 -30.0120888210218 19.226909529106 11.475787912495
1995 8 181.651325580114 -13.60188172043 6.32473118279599
1995 9 -60.0845665961945 14.965833333334 7.85416666666702
1995 10 -100 23.128918171187 -3.923732922621
1995 11 14.8691767708998 13.145 4.81250000000001
1995 12 -12.7445795875198 7.26129032258001 2.673387096774
1996 1 -100 26.129838709678 -10.1725806451612
1996 2 -100 16.307666256158 0.507389162560994
1996 3 -66.9056811913955 0.132526881720985 -25.164516129032
1996 4 -74.0792024369981 3.63931623931599 -17.793162393163
1996 5 -80.9451426399935 30.019480334275 9.729614101138
1996 6 -61.0421232042854 30.551319786536 12.706239737274
1996 7 -100 39.226909529106 15.346755654431
1996 8 193.226037590255 4.78521505376399 3.42150537634499
1996 9 -33.4291754756871 8.63250000000001 8.52083333333301
1996 10 -47.8722028198164 7.96762784860601 0.592396109637008
1996 11 -100 8.47833333333298 17.479166666667
1996 12 -100 24.68064516129 2.673387096774
1997 1 -52.4061343204654 -12.902419354838 -10.4951612903225
1997 2 -33.8686820973075 13.585991379311 0.938423645319997
1997 3 314.782129067843 23.358333333333 5.803225806452
1997 4 145.167543616727 -50.694017094017 -32.459829059829
1997 5 -7.90152275996855 -12.238584181854 -10.592966544023
1997 6 -0.657414170927682 -1.11534688013101 5.37290640394097
1997 7 -83.4574028122415 29.226909529106 12.120949202818
1997 8 -41.575263186904 26.39811827957 10.840860215054
1997 9 -70.5708245243129 23.299166666667 1.18750000000002
1997 10 32.8418057172422 9.90311171957401 0.592396109637008
1997 11 22.5271218889598 -3.52166666666701 -3.52083333333299
1997 12 -100 -5.31935483870999 -13.1330645161293
1998 1 -73.5589635113696 50.000806451613 33.3758064516133
1998 2 -100 28.585991379311 14.152709359606
1998 3 50.0275785990072 -3.73844086021499 -0.325806451612003
1998 4 -100 -8.694017094017 -5.459829059829
1998 5 -93.6483808799978 49.535609366533 10.0521947463
1998 6 -5.52714877039201 52.217986453202 21.706239737274
1998 7 -87.2749252401858 37.291425658138 18.249981460883
1998 8 -37.7170258501902 25.430376344086 13.421505376345
1998 9 25.1585623678647 2.96583333333402 14.1875
1998 10 -10.0375113180702 1.83859559054202 7.04400901286299
1998 11 254.818123803446 11.811666666666 27.479166666667
1998 12 -100 -0.480645161290987 -10.8750000000003
1999 1 -100 31.61370967742 12.7306451612903
1999 2 -100 40.371705665025 25.224137931034
1999 3 -100 24.326075268817 21.932258064517
1999 4 -84.8795347549155 43.972649572649 21.540170940171
1999 5 20.1514616867077 24.535609366533 14.568323778558
1999 6 13.9517896274653 11.884653119869 11.039573070607
1999 7 105.509957371 -11.095671116055 -2.39517982944001
1999 8 -21.1817229785592 17.365860215054 1.80860215053798
1999 9 0.80338266384778 -5.70083333333301 -5.81249999999997
1999 10 -91.5922907773897 11.516014945381 -22.955990987137
1999 11 -64.2629227823867 12.811666666666 -6.85416666666699
1999 12 26.9169751454257 -4.674193548387 -6.03629032258089
2000 1 -76.2030671602327 43.871774193549 33.6983870967743
2000 2 25.9644150527476 43.89387315271 28.43842364532
2000 3 -82.3496966354109 34.97123655914 34.835483870968
2000 4 -100 22.572649572649 13.206837606837
2000 5 32.3253983333785 24.858190011694 14.890904423719
2000 6 -52.2766009252496 -2.11534688013103 2.03957307060698
2000 7 -100 32.4527159807189 8.57256210604397
2000 8 182.312737694979 -1.66639784946199 -2.384946236559
2000 9 -63.399577167019 14.299166666667 -4.14583333333297
2000 10 103.466563187168 -4.802116311572 0.392173640227007
2000 11 99.1065730695597 -2.85499999999999 8.81250000000001
2000 12 174.986779481756 -45.641935483871 -26.6814516129035
2001 1 63.9344262295082 -13.547580645161 0.795161290322604
2001 2 -100 9.30027709359599 25.93842364532
2001 3 -49.2553778268064 -18.254569892473 -14.519354838709
2001 4 2.60315702021599 4.072649572649 17.040170940171
2001 5 22.7979696533753 6.14851259234001 -2.851031060152
2001 6 -54.7114682249817 27.551319786536 3.03957307060699
2001 7 56.5184195457148 26.5494901742669 7.60482017055999
2001 8 38.4556027117897 14.140053763441 6.32473118279599
2001 9 22.4524312896406 -4.03416666666601 -1.145833333333
2001 10 -54.5983701979046 23.612789138929 9.62465417415402
2001 11 201.212507977026 11.145 7.47916666666701
2001 12 16.3405605499736 -24.512903225807 0.415322580645014
2002 1 -36.5415124272872 0.162096774194005 1.4403225806452
2002 2 51.1572980632971 -22.128294334975 -16.9187192118229
2002 3 -100 13.003494623656 -4.841935483871
2002 4 -82.719468291332 36.305982905983 13.873504273504
2002 5 -93.6483808799978 39.213028721372 11.342517326945
2002 6 30.0219138056976 17.217986453202 7.372906403941
2002 7 -18.559521537189 -2.06341305153906 1.798368557657
2002 8 -4.0952433445406 17.365860215054 6.96989247311901
2002 9 111.07822410148 -2.36750000000001 -8.14583333333299
2002 10 300.206958996249 4.09666010667099 18.334331593508
2002 11 73.5800893426931 -37.855 -20.520833333333
2002 12 -100 -15.31935483871 -1.197580645162
2003 1 -31.2533051295611 -45.483064516129 -0.817741935483802
2003 2 -2.37757833412061 -24.271151477832 1.65270935960599
2003 3 100.772200772201 -11.480376344086 5.48064516129099
2003 4 -85.9595679867073 -10.360683760684 -0.459829059828998
2003 5 -82.533047419994 25.825931947178 20.374775391461
2003 6 -7.96201607012418 15.551319786536 12.039573070607
2003 7 17.0706877902908 -0.773090470894005 1.798368557657
2003 8 130.391886678058 12.204569892473 5.034408602151
2003 9 182.114164904863 -12.3675 3.52083333333301
2003 10 53.0203078515068 -11.709791506232 -3.923732922621
2003 11 78.6853860880664 -6.85500000000001 11.8125
2003 12 -100 -10.803225806452 0.415322580645014
2004 1 -77.7895293495505 -10.96693548387 17.5693548387093
2004 2 -74.8071169894505 -0.588885467979985 -1.21674876847301
2004 3 429.509100937672 -18.899731182796 16.125806451613
2004 4 282.331764054279 -24.360683760684 -0.793162393163023
2004 5 -64.007491653321 -29.012777730241 -11.560708479507
2004 6 -100 -0.770519293924039 9.36141215106698
2004 7 39.9758223579564 13.743038561364 -3.040341119763
2004 8 -48.1893843355564 18.333602150538 3.42150537634499
2004 9 29.2177589852008 16.6325000000001 2.85416666666702
2004 11 -54.0523292916401 -11.188333333334 -0.520833333333002
2004 12 -100 9.841935483871 -2.81048387096799
2005 1 -100 40.000806451613 49.5048387096773
2005 2 277.893245158243 -1.05686576354699 32.724137931034
2005 3 297.131825703254 -39.867473118279 -3.22903225806401
2005 4 -100 -7.027350427351 -19.126495726496
2005 5 6.91892185336984 -5.14180998830604 -13.496192350475
2005 6 -74.6773800827855 29.884653119869 3.70623973727398
2005 7 328.835019405739 9.87207081942898 -0.137115313311007
2005 8 -70.2364548310643 5.43037634408599 -0.126881720429992
2005 9 -64.8202959830867 29.965833333334 3.18750000000001
2005 10 259.849954727719 -13.6452753772 -1.34308776133
2005 11 -100 15.145 -10.854166666667
2005 12 119.460602855632 -1.12580645161298 -0.229838709677992
2006 1 -100 57.420161290323 4.3435483870968
2006 2 -100 28.585991379311 -4.775862068966
2006 3 -75.73083287369 30.132526881721 -0.648387096774012
2006 4 90.0858487953475 46.305982905983 15.873504273504
2006 5 0.567302733367674 26.471093237501 -6.39941815692598
2006 6 57.7794010226443 18.217986453202 -3.62709359605901
2006 7 -84.7299102882229 20.839812754912 3.41127178346298
2006 8 -39.3705561373533 23.494892473119 7.29247311828001
2006 9 27.8646934460888 23.6325 4.18750000000003
2006 10 216.129866770146 7.64504720344501 6.72142836770199
2006 11 -8.10465858328015 13.811666666666 2.14583333333302
2006 12 -57.6943416181914 -13.383870967742 -7.32661290322609
2007 1 -47.1179270227393 -29.031451612903 -16.9467741935483
2007 2 258.998582900331 -7.84258004926098 -1.204433497537
2007 3 -42.6365140650855 8.19704301075301 6.77096774193599
2007 4 38.2442536693436 -20.360683760684 -16.459829059829
2007 5 3.74311229336876 -13.85148740766 -12.528450414991
2007 6 -39.6152909666423 -5.78201354679798 -15.293760262726
2007 7 24.7057326461793 -23.998896922507 -16.266147571375
2007 8 203.147219313234 -11.988978494623 -12.384946236559
2007 9 -2.57928118393235 -0.700833333333009 -5.47916666666698
2007 10 -10.8782822403312 10.870853655058 -8.43986195487901
2007 11 -54.0523292916401 19.811666666666 2.8125
2007 12 -100 46.938709677419 14.608870967742
2008 1 -15.3886832363829 12.581451612904 -2.4306451612903
2008 2 63.7537395685719 41.135252463054 4.99014778325099
2008 3 -69.1119691119691 9.164784946237 -20.003225806451
2008 4 137.607310994184 -7.027350427351 -11.793162393163
2008 5 -2.60850682663341 -54.819229343144 -15.431676221442
2008 6 -42.5371317263209 -10.782013546798 -16.293760262726
2008 7 274.117197938538 -29.80534853541 -26.266147571375
2008 8 57.6365540428815 -28.763172043011 -20.12688172043
2008 9 83.3403805496829 -11.700833333333 -19.145833333333
2008 10 -56.2799120424266 4.74182139699302 -22.955990987137
2008 11 104.211869814933 7.478333333333 -17.1875
2008 12 -100 37.906451612903 -5.39112903225829
2009 1 74.5108408249603 37.742741935484 4.9887096774194
2009 2 -68.5088962368131 27.871705665025 -4.41871921182301
2009 3 -73.5245449531164 -7.28682795698901 -19.035483870967
2009 4 40.4043201329271 -15.694017094017 -23.459829059829
2009 5 -47.0698406666486 -20.303100310886 -11.560708479507
2009 6 -63.963963963964 -17.782013546798 -14.627093596059
2009 7 -88.5474327161672 -4.33223025584006 4.93815350389298
2009 8 -18.4258391666207 -8.11801075268804 0.840860215053993
2009 9 -68.8794926004228 -12.700833333333 -6.47916666666699
2009 10 -19.2859914629414 0.225692364735011 -6.18179743875
2009 11 129.7383535418 11.478333333333 -6.18749999999999
2009 12 206.716023268112 -14.674193548387 -11.5201612903228
