"anio" "mes" "ppAcc" "mTmax" "mTmin"
1970 1 1 22.3387096774194 7.79032258064516
1970 2 72 23.4464285714286 10.1071428571429
1970 3 7 28.1290322580645 12.5967741935484
1970 4 1 35.8 18.5
1970 5 190 33.6774193548387 18.4677419354839
1970 6 101.5 34.6 21.8666666666667
1970 7 86.5 35.7258064516129 21.8225806451613
1970 8 134.5 36.0645161290323 22.758064516129
1970 9 269.5 31.3666666666667 20.7666666666667
1970 10 5.5 30.1451612903226 16.3709677419355
1970 11 0 29.1666666666667 8.83333333333333
1970 12 3.5 30.2258064516129 11.7096774193548
1971 1 8 29.9838709677419 9.38709677419355
1971 2 0 31.9285714285714 9.01785714285714
1971 3 0 36 14.1548387096774
1971 4 69 38.1833333333333 16.7
1971 5 108 39.241935483871 20.3225806451613
1971 6 19 39.9833333333333 22.5333333333333
1971 7 18.5 40.5967741935484 21.8709677419355
1971 8 76.5 37.4193548387097 20.5645161290323
1971 9 290.5 32.3 21.0666666666667
1971 10 273 29.5 19.0483870967742
1971 11 4.5 26.8666666666667 13.7833333333333
1971 12 0 24.9516129032258 11.3064516129032
1972 1 16.5 24.5806451612903 10.3709677419355
1972 2 46.5 24.5862068965517 8.39655172413793
1972 3 69.5 30.8870967741935 13.7258064516129
1972 4 119.5 34.9333333333333 19.1166666666667
1972 5 521.1 31.1612903225806 20.3548387096774
1972 6 376.5 33.2 21.4333333333333
1972 7 112 33.1451612903226 21.2903225806452
1972 8 0 35.2096774193548 20.9677419354839
1972 9 70.5 35.8 21.1
1972 10 38 32.8064516129032 18.9354838709677
1972 11 13.5 23.5833333333333 12
1972 12 0 21.8387096774194 7.7258064516129
1973 1 24 19.8064516129032 4.40322580645161
1973 2 41.5 20.6535714285714 7.89285714285714
1973 3 0 30.5 13.7096774193548
1973 4 43.5 31.8166666666667 16.35
1973 5 77 35.1129032258064 19.4838709677419
1973 6 264 34.6166666666667 21.75
1973 7 81 34.5161290322581 22.1612903225806
1973 8 364 33.3387096774194 21.3225806451613
1973 9 80.5 34.1 21.1166666666667
1973 10 181 30.2096774193548 18.4354838709677
1973 11 8 29.1333333333333 14.8166666666667
1973 12 26.5 23.5161290322581 6.54838709677419
1974 1 47.5 24.6612903225806 9.43548387096774
1974 2 0 26.125 7.80357142857143
1974 3 53 31.2258064516129 14.7903225806452
1974 4 103 33.25 17.0333333333333
1974 5 101 36.9838709677419 21.5
1974 6 145 34.6333333333333 21.1333333333333
1974 7 97.5 33.0645161290323 20.4032258064516
1974 8 0 37.1451612903226 22.7258064516129
1974 9 393.5 33.3 20.2433333333333
1974 10 32 29.6612903225806 15.7903225806452
1974 11 0 26.5666666666667 11.7666666666667
1974 12 24 21.8709677419355 9.33870967741935
1975 1 2 24.4354838709677 7.67741935483871
1975 2 19.5 28.1071428571429 9.28571428571429
1975 3 0 32.5645161290323 13.8709677419355
1975 4 13.5 35.55 18.5666666666667
1975 5 136.5 36.8387096774194 22.2741935483871
1975 6 91.5 36.4666666666667 22.35
1975 7 297.6 34.741935483871 21.5645161290323
1975 8 256 33.8548387096774 21.5
1975 9 203.5 31.6833333333333 18.7166666666667
1975 10 62 30.9838709677419 16.9354838709677
1975 11 46.5 27.4333333333333 11.9333333333333
1975 12 13.5 23.5806451612903 7.51612903225806
1976 1 11 23.1612903225806 6.2258064516129
1976 2 0 28.3103448275862 7.82758620689655
1976 3 26.5 30.3064516129032 14.9516129032258
1976 4 44.5 32.5 18.5
1976 5 214 32.5322580645161 18.5161290322581
1976 6 72.5 36.2333333333333 21.3666666666667
1976 7 250 32.7741935483871 21.2096774193548
1976 8 48 35.5161290322581 20.9677419354839
1976 9 162.5 34.8666666666667 20.75
1976 10 43 27.1774193548387 14.8548387096774
1976 11 166.5 19.2333333333333 8.95
1976 12 26.5 18.8064516129032 7.2258064516129
1977 1 28 19.1290322580645 6.96774193548387
1977 2 11 23.8214285714286 8.28571428571429
1977 3 9.5 29.6774193548387 11.8387096774194
1977 4 150.5 29.6333333333333 15.5833333333333
1977 5 84 33.4193548387097 20.4516129032258
1977 6 41 36.0833333333333 21.35
1977 7 3 38.5645161290323 21.3064516129032
1977 8 90.5 40.4516129032258 22.3548387096774
1977 9 236 35.5333333333333 20.9
1977 10 75 30.5806451612903 16.5806451612903
1977 11 68 28.4333333333333 11.7
1977 12 12 25.3387096774194 7.51612903225806
1978 1 9 22.7258064516129 6.2741935483871
1978 2 40 21.5714285714286 6.94642857142857
1978 3 23.5 29.258064516129 12
1978 4 58.5 34.4333333333333 17.2666666666667
1978 5 67 39.5161290322581 21.241935483871
1978 6 143 38.2833333333333 22.1666666666667
1978 7 32.5 39.9677419354839 22.2096774193548
1978 8 36 38.3548387096774 21.3548387096774
1978 9 438 34.05 21.2
1978 10 213 28.1290322580645 15.5806451612903
1978 11 5.5 26.8 14.5
1978 12 26 18.0322580645161 8.40322580645161
1979 1 4 19.8387096774194 7.03225806451613
1979 2 7.5 23.2321428571429 9.125
1979 3 6 30.7741935483871 14.6774193548387
1979 4 69 35.6666666666667 19.3166666666667
1979 5 26.5 33.1774193548387 19.7903225806452
1979 6 48.5 37.2333333333333 21.05
1979 7 27.5 40.4838709677419 22.1451612903226
1979 8 116.5 35.9354838709677 21.741935483871
1979 9 174 33.6333333333333 18.9833333333333
1979 10 0 33.8709677419355 15.6129032258065
1979 11 9.5 24.1666666666667 11.7166666666667
1979 12 173.5 21.1612903225806 8.98387096774194
1980 1 15.5 20.6612903225806 9.66129032258065
1980 2 21 20.7142857142857 8.41071428571429
1980 3 0 31.4193548387097 12.7741935483871
1980 4 9.5 32.1333333333333 15.75
1980 5 162 37.0645161290323 21.4516129032258
1980 6 0 39.8166666666667 23.4666666666667
1980 7 6.5 41.0967741935484 22.3064516129032
1980 8 34.5 40.7903225806452 22.0806451612903
1980 9 128.5 39.1 19.2666666666667
1980 10 62 30.3064516129032 17.0483870967742
1980 11 20 27.2 10.7166666666667
1980 12 44.5 21.4516129032258 10.0322580645161
1981 1 73.5 18.5322580645161 8.24193548387097
1981 2 7.5 19.6607142857143 10.5535714285714
1981 3 0 27.5483870967742 16.4032258064516
1981 4 4.5 36.2 20.3166666666667
1981 5 144 36.6129032258064 19.3870967741935
1981 6 158 36.2666666666667 23.1666666666667
1981 7 22.5 38.4193548387097 22.758064516129
1981 8 94.5 36.2903225806452 22.5483870967742
1981 9 88.5 34.8333333333333 20.4166666666667
1981 10 52.5 29.1612903225806 18.2741935483871
1981 11 0 26.4 12.7333333333333
1981 12 19.5 22.258064516129 13.0645161290323
1982 1 0 24.2096774193548 8.74193548387097
1982 2 29.5 23.3571428571429 13.9107142857143
1982 3 38.5 31.9677419354839 15.1612903225806
1982 4 79 34.2 19.6333333333333
1982 5 203.5 33.1774193548387 19.3387096774194
1982 6 0 37.1666666666667 23.5666666666667
1982 7 1 41 22.741935483871
1982 8 25 39.741935483871 21.6774193548387
1982 9 71.5 36.4666666666667 21.5833333333333
1982 10 121.5 32.3870967741936 18.4354838709677
1982 11 8 23.5 11.3833333333333
1982 12 52 23.1935483870968 8.53225806451613
1983 1 25 22.241935483871 9.41935483870968
1983 2 25 24.2857142857143 13.9107142857143
1983 3 27.5 28.7741935483871 13.3225806451613
1983 4 0 31.6 16.1
1983 5 261 37.2903225806452 22.0161290322581
1983 6 0 36.0666666666667 22.3333333333333
1983 7 146.5 36.2258064516129 21.3387096774194
1983 8 30 33.8387096774194 20.5483870967742
1983 9 55.5 34.1 19.74
1983 10 5.5 31.1612903225806 15.8064516129032
1983 11 0 29.6 11.0666666666667
1983 12 17.5 16.8387096774194 4.80645161290323
1984 1 135 20.3548387096774 9.35483870967742
1984 2 0 21.1551724137931 10.8103448275862
1984 3 0 24.6451612903226 12.1935483870968
1984 4 0 37.1 20.8
1984 5 185.5 34.9354838709677 18.8387096774194
1984 6 108 33.7 20.3666666666667
1984 7 56 36.1612903225806 20.758064516129
1984 8 33 36.4193548387097 21.2258064516129
1984 9 260.5 32.4666666666667 20.5333333333333
1984 10 0 31.3225806451613 19.5806451612903
1984 11 0 26.8666666666667 14.1833333333333
1984 12 21.5 24.3870967741935 10.2903225806452
1985 1 18 18.9838709677419 6.83870967741935
1985 2 2.5 25.4464285714286 13.0357142857143
1985 3 3.5 30.3225806451613 17.6129032258065
1985 4 188.5 31.6333333333333 17.5666666666667
1985 5 127.8 35.0322580645161 21.2741935483871
1985 6 100 37.4666666666667 21.6833333333333
1985 7 51 34.8548387096774 17.741935483871
1985 8 109 33.5483870967742 22.4193548387097
1985 9 53 34.9166666666667 18.9666666666667
1985 10 104 34.8387096774194 18.2903225806452
1985 11 0 26.65 14.0666666666667
1985 12 47.5 23.5 10.6774193548387
1986 1 0 21.4838709677419 7.43548387096774
1986 2 4 29.8571428571429 10.7142857142857
1986 3 0 27.4838709677419 12.0322580645161
1986 4 32 34.3833333333333 18.1333333333333
1986 5 112 37.4838709677419 19.5806451612903
1986 6 121 37.9666666666667 21.9666666666667
1986 7 28.5 36.1290322580645 22.2258064516129
1986 8 27 39.1935483870968 20.2258064516129
1986 9 58 35.9 21.7
1986 10 64 30.0967741935484 18.6774193548387
1986 11 35.5 28.6666666666667 13.8
1986 12 35.5 21.3548387096774 9.91935483870968
1987 1 24 23.4516129032258 7.45161290322581
1987 2 13.5 25.875 10.7142857142857
1987 4 4 32.1 13.6833333333333
1987 5 130.5 35.9354838709677 19.1935483870968
1987 6 63.5 36.0666666666667 18.9833333333333
1987 7 119 36.5161290322581 21.0322580645161
1987 8 32 37.1612903225806 22.3870967741935
1987 9 86.5 37.05 20.8833333333333
1987 10 26.5 32.6129032258064 15.7096774193548
1987 11 7 27.3666666666667 11.3666666666667
1987 12 0 27.5806451612903 11.2903225806452
1988 1 31.5 20.258064516129 6.67741935483871
1988 2 24 25.6896551724138 11.2241379310345
1988 3 0 27 11.758064516129
1988 4 99.5 34.5333333333333 16.65
1988 5 64.5 35.4193548387097 21
1988 6 48 39.65 21.4
1988 7 49 35.3870967741936 21.9516129032258
1988 8 222.5 34.5161290322581 21.741935483871
1988 9 137 33.9666666666667 19.35
1988 10 86.5 31.0322580645161 17.3548387096774
1988 11 0 29.8666666666667 12.6333333333333
1988 12 0 24.5 10
1989 1 8.5 26.4838709677419 12.6774193548387
1989 2 25.5 25.1785714285714 9.57142857142857
1989 3 63.5 32.4838709677419 11.7096774193548
1989 4 29 33.1666666666667 17.8
1989 5 7 38.6290322580645 22.5161290322581
1989 6 48.5 40 22.5333333333333
1989 7 30.5 39.5161290322581 21.741935483871
1989 8 33 37.258064516129 22.4032258064516
1989 9 25 36.0666666666667 19.4
1989 10 27 34.1290322580645 15.5161290322581
1989 11 19.5 29.3666666666667 13.6
1989 12 60 18.8548387096774 5.46774193548387
1990 1 6.5 27.4193548387097 10.1612903225806
1990 2 1 29.3928571428571 11.7142857142857
1990 3 13.5 31.9193548387097 13.241935483871
1990 4 43.5 34.5 17.0333333333333
1990 5 24.5 39.2903225806452 20.4032258064516
1990 6 0 38.5 21.9
1990 7 175 35.3870967741936 21.0645161290323
1990 8 0 32.1935483870968 20.5806451612903
1990 9 152.5 34.5166666666667 20.2666666666667
1990 10 28 31.3225806451613 16.4838709677419
1990 11 0 31.6333333333333 13.6833333333333
1990 12 67.5 26.7096774193548 14.2258064516129
1991 1 0 19.1612903225806 7.80645161290323
1991 2 4.5 24.8928571428571 11
1991 3 3.5 35.1935483870968 13.3548387096774
1991 4 38 36.5333333333333 15.3333333333333
1991 5 82.8 36.3870967741936 16.3870967741935
1991 6 335 35.7333333333333 20.9333333333333
1991 7 250 34.8064516129032 15.2903225806452
1991 8 84.5 36.9677419354839 21.4193548387097
1991 9 138.5 33.4 18.2333333333333
1991 10 7 30.0967741935484 16.0645161290323
1991 11 10 24.1 9.95
1991 12 40 21.6774193548387 10.2903225806452
1992 1 137 17.258064516129 9.2258064516129
1992 2 20 17.9655172413793 10.8620689655172
1992 3 25 30.258064516129 14.8612903225806
1992 4 43 32.54 14.0666666666667
1992 5 155 34.1290322580645 16.3548387096774
1992 6 67.5 37.2 21.2333333333333
1992 7 60 38.6129032258064 16.9032258064516
1992 8 0 37.7096774193548 20.1612903225806
1992 9 36.5 36.5666666666667 20.1666666666667
1992 10 133 30.4838709677419 14.5161290322581
1992 11 0 23.7666666666667 12.4666666666667
1992 12 38 24.3870967741935 11.8225806451613
1993 1 21 23.3225806451613 11.0806451612903
1993 2 0 26.2678571428571 12.5357142857143
1993 3 40 31.5806451612903 14.5161290322581
1993 4 29 32.9666666666667 17.2166666666667
1993 5 321 33.3548387096774 20.4516129032258
1993 6 239 33.1333333333333 21.3
1993 7 0 35.4838709677419 21.9354838709677
1993 8 0 38.2 21.8387096774194
1993 9 281.5 33 20.5166666666667
1993 10 29 29.4193548387097 15.258064516129
1993 11 24 24.6333333333333 12.1333333333333
1993 12 5.5 24.3225806451613 9.29032258064516
1994 1 90.3 26.0645161290323 8.41935483870968
1994 2 14.5 24.9285714285714 11.1785714285714
1994 3 35 28.9838709677419 14.1935483870968
1994 4 14.9 31.9 17.5333333333333
1994 5 20.2 36 22.5806451612903
1994 6 141.4 37.4333333333333 23.85
1994 7 9 38.5161290322581 24.1612903225806
1994 8 27.6 36.9677419354839 22.9032258064516
1994 9 124 33.8666666666667 19.9833333333333
1994 10 47.8 31.7741935483871 18.6774193548387
1994 11 9.4 30.2833333333333 17.4666666666667
1994 12 10.4 25.6774193548387 12.4516129032258
1995 1 12.5 27.1935483870968 9.93548387096774
1995 2 11.6 28.9642857142857 12.0714285714286
1995 3 4.5 30.0645161290323 14.5161290322581
1995 4 3.8 34.8666666666667 17.0666666666667
1995 5 53 39.0645161290323 23.5806451612903
1995 6 75 38.2333333333333 23.0333333333333
1995 7 32 38.7096774193548 22.7741935483871
1995 8 182 35.6129032258064 22.3548387096774
1995 9 46.5 34.0666666666667 20.2
1995 10 13.2 33.3870967741936 16.8064516129032
1995 11 34.4 28.9333333333333 14.0666666666667
1995 12 27.7 24.3225806451613 10.8064516129032
1996 1 0 26.3225806451613 6.03225806451613
1996 2 0 26.1379310344828 10.448275862069
1996 3 20 29.3225806451613 11.5806451612903
1996 4 14 34.4333333333333 14.5333333333333
1996 5 10 38.2258064516129 22.3870967741935
1996 6 20.2 39.4 23.1666666666667
1996 7 0 39.0967741935484 23.9354838709677
1996 8 211 36.7096774193548 23.1612903225806
1996 9 73.5 34.0166666666667 22.0666666666667
1996 10 30.3 31.7741935483871 18.0322580645161
1996 11 5.5 28.5666666666667 12.9
1996 12 19.5 25.741935483871 9.7741935483871
1997 1 3.5 22.5806451612903 7.48387096774194
1997 2 12.5 27.1071428571429 11.1785714285714
1997 3 58.4 30.8064516129032 14.3548387096774
1997 4 156.4 27.2 15.8
1997 5 34.6 33.1612903225806 19.4516129032258
1997 6 86.7 36.6333333333333 22.7333333333333
1997 7 0 37.7741935483871 23.3225806451613
1997 8 4 38.1612903225806 23.1935483870968
1997 9 90 37.1 20.8666666666667
1997 10 75 30.8225806451613 16.8064516129032
1997 11 7.2 26.1 13.9666666666667
1997 12 8.8 23.1290322580645 7.80645161290323
1998 1 8.9 27.5161290322581 11.5483870967742
1998 2 0 29.9285714285714 10.1071428571429
1998 3 18.4 29.2903225806452 13.5806451612903
1998 4 20.5 34.7333333333333 16.6666666666667
1998 5 8.5 40.1290322580645 20.5806451612903
1998 6 60 40.8666666666667 24.8333333333333
1998 7 8.9 39.0967741935484 24.2903225806452
1998 8 37.4 38.6129032258064 23.5483870967742
1998 9 73.7 35.2 22.6666666666667
1998 10 67.2 30.7258064516129 18.7741935483871
1998 11 11.5 29.6551724137931 16.7586206896552
1998 12 0 30.0967741935484 6.90967741935484
1999 1 0 27.8387096774194 3.94838709677419
1999 2 0 29.4285714285714 12.3928571428571
1999 3 9.5 31.6129032258065 16.6741935483871
1999 4 0 35.4333333333333 19.8333333333333
1999 5 14.6 37.0967741935484 22.0967741935484
1999 6 22.1 37.1666666666667 23.6
1999 7 13.7 35 22.2258064516129
1999 8 1 37.8709677419355 22.5161290322581
1999 9 13.5 33.0333333333333 20.8333333333333
1999 11 0 29.4666666666667 11.2666666666667
1999 12 1.5 23.1935483870968 9.87096774193548
2000 1 0 25.7857142857143 10.75
2000 2 0 30.4642857142857 13.3928571428571
2000 3 5 33.14 11.7666666666667
2000 4 7.6 35.7931034482759 18.1034482758621
2000 5 27.6 36.4516129032258 21.0322580645161
2000 6 21.9 36.1333333333333 24.1333333333333
2000 7 0 37.6129032258064 21.8709677419355
2000 8 17.7 36.7741935483871 22.5483870967742
2000 9 15 40.0333333333333 21.7
2000 10 106 30.4838709677419 16.241935483871
2000 11 35.5 25.4333333333333 13.5
2000 12 4 21.7096774193548 7.35483870967742
2001 1 9 23.2258064516129 9.35483870967742
2001 2 0 28.8214285714286 13.5714285714286
2001 3 20.4 29.3870967741935 12.8870967741935
2001 4 63 33.2166666666667 19.55
2001 5 43.5 36.3225806451613 19.8709677419355
2001 6 71.5 39.5 22.55
2001 7 55.5 36.6612903225806 23.3225806451613
2001 8 40 36.741935483871 23.5161290322581
2001 9 212 34.3 21.4666666666667
2001 10 72.5 31.0967741935484 17.3225806451613
2001 11 81.5 29.7666666666667 13.8666666666667
2001 12 0 27.0645161290323 10.258064516129
2002 1 0 26.6129032258065 6.34193548387097
2002 2 11.5 25.2142857142857 7.57142857142857
2002 3 92 32.9354838709677 11.6612903225806
2002 4 15 38.3 20.9666666666667
2002 5 25 36.1666666666667 18.3666666666667
2002 6 85 39.4666666666667 22.8
2002 7 3.5 35.258064516129 22.5161290322581
2002 8 38 38.5806451612903 22.4838709677419
2002 9 184.5 37.8666666666667 19.9666666666667
2002 10 188.5 33.9354838709677 17.1290322580645
2002 11 12.5 26.9666666666667 10.6
2002 12 0 28.9354838709677 9.09677419354839
2003 1 0 22.0322580645161 8.48387096774194
2003 2 0 27.0357142857143 10.5357142857143
2003 3 32 31.4838709677419 13.9354838709677
2003 4 48.5 42.3 16.05
2003 5 73.5 40.0322580645161 22.2903225806452
2003 6 106 41.2666666666667 22.3333333333333
2003 8 111 37.4838709677419 22.0645161290323
2003 9 410 33.6666666666667 20.8333333333333
2003 10 156 41.7741935483871 16.9032258064516
2003 11 7.5 36.4 13.6333333333333
2003 12 48 31.8387096774194 6.03225806451613
2004 1 23 32.5161290322581 9.64516129032258
2004 2 0 32.3103448275862 10.4137931034483
2004 3 53.5 33.6129032258064 16.2258064516129
2004 4 199 36.2 17.2
2004 5 60 35.3548387096774 18.9516129032258
2004 6 37.5 34.1 21.9666666666667
2004 7 47.3 42.6129032258064 20.5483870967742
2004 8 23.2 41.9032258064516 21.7096774193548
2004 9 61.6 42.0333333333333 20.4666666666667
2004 10 12.9 43.3870967741936 19.9032258064516
2004 11 10.4 40.7 13.0333333333333
2004 12 0 32.4838709677419 7.93548387096774
2005 1 14 32.9064516129032 12.3548387096774
2005 2 84 35.9285714285714 12.2857142857143
2005 3 78 40.741935483871 13.1935483870968
2005 4 10 42.7333333333333 13.1
2005 5 140 41.5806451612903 20
2005 6 25 40.9333333333333 23.1
2005 7 222 43.3225806451613 22.6774193548387
2005 8 29 43.4193548387097 22
2005 9 54.2 43.3333333333333 21.3333333333333
2005 10 144 41.4516129032258 17.2903225806452
2005 11 1 38.1666666666667 11.7
2005 12 14 33.258064516129 9.16129032258065
2006 1 0 36.7333333333333 7.7
2006 2 1 34.6071428571429 10.3571428571429
2006 3 4 40.9677419354839 16.2903225806452
2006 4 42 43.0666666666667 19.2666666666667
2006 5 47 42.6129032258064 19.9677419354839
2006 6 32 36.3 21.5666666666667
2006 7 122 37.7333333333333 22.5333333333333
2006 8 13 39.741935483871 22.8387096774194
2006 9 39.5 37.8666666666667 21.3
2006 10 204 33.1290322580645 18.8709677419355
2006 11 40 28.5666666666667 13.4333333333333
2006 12 40 23.741935483871 8.7741935483871
2007 1 25 20.7741935483871 8.41935483870968
2007 2 74.5 24.25 10.6428571428571
2007 3 34 31.258064516129 15.4193548387097
2007 4 44.5 31.6666666666667 16.3666666666667
2007 5 131.5 36.3870967741936 20.4516129032258
2007 6 96.5 38.7333333333333 21.2666666666667
2007 7 99 35.5161290322581 21.9677419354839
2007 8 265 37.4516129032258 21.6774193548387
2007 9 100 35 20.6666666666667
2007 10 15.5 33.2903225806452 16.4193548387097
2007 11 10 28.4333333333333 13.6333333333333
2007 12 1 26.4516129032258 9.90322580645161
2008 1 5 25.4838709677419 7.93548387096774
2008 2 9 30.3103448275862 10.4137931034483
2008 3 15 32.9677419354839 12.0967741935484
2008 4 105 32.6666666666667 17.4
2008 5 62 35.9677419354839 20.2258064516129
2008 6 25 35.7 21.9333333333333
2008 7 108 33.4516129032258 21.2903225806452
2008 8 60 35.4516129032258 22.258064516129
2008 9 225 30.3333333333333 18.9
2008 10 80 30.5806451612903 16.1612903225806
2008 11 1 25.7 12.1833333333333
2008 12 1 24.7096774193548 8.90322580645161
2009 1 49 23.4838709677419 9.45161290322581
2009 2 20 27.0357142857143 11.3928571428571
2009 3 3 28.4193548387097 13.6774193548387
2009 4 18 34.1666666666667 16.6333333333333
2009 5 55 35.741935483871 20.3225806451613
2009 6 50 36.2333333333333 21.3333333333333
2009 7 0 38.8064516129032 23.0967741935484
2009 8 82 39.0645161290323 22.6451612903226
2009 9 253 33 20.4333333333333
2009 10 34.5 30.7096774193548 18.7096774193548
2009 11 0 25.6333333333333 11.6
2009 12 53 17.8387096774194 8.87096774193548
