24.594385	-99.183327
24.586779	-99.146767
24.605923	-99.097404
24.625465	-99.046555
24.661905	-98.884491
24.659603	-98.841232
24.624039	-98.803535
24.594961	-98.762344
24.573668	-98.711182
24.544989	-98.666107
24.496958	-98.657722
24.454811	-98.634285
24.410467	-98.609947
24.383684	-98.566872
24.372576	-98.517204
24.358671	-98.468140
24.355768	-98.455475
24.324896	-98.414986
24.302706	-98.368416
24.274025	-98.322243
24.245848	-98.281151
24.227749	-98.232887
24.195379	-98.193687
24.153826	-98.159485
24.101601	-98.150101
24.051275	-98.144112
24.003647	-98.137131
23.986570	-98.134636
23.949526	-98.128151
23.925554	-98.111794
23.912470	-98.104210
23.902678	-98.091148
23.896078	-98.073692
23.889572	-98.042183
23.889555	-98.009476
23.892839	-97.988731
23.893335	-97.984245
23.897022	-97.970779
23.903004	-97.951538
23.907585	-97.929596
23.907846	-97.888039
23.907341	-97.867203
23.895855	-97.846252
23.877876	-97.821815
23.866291	-97.807953
23.848318	-97.802956
23.826151	-97.800453
23.798992	-97.799942
23.789310	-97.770218
23.788370	-97.770248
23.788342	-97.769226
23.789284	-97.769196
23.789255	-97.768173
23.790195	-97.768143
23.790167	-97.767120
23.791105	-97.767090
23.792046	-97.767059
23.792019	-97.766045
23.792959	-97.766014
23.792931	-97.764992
23.792904	-97.763969
23.793842	-97.763939
23.793816	-97.762917
23.793787	-97.761894
23.793760	-97.760872
23.793732	-97.759850
23.793703	-97.758835
23.793676	-97.757813
23.793648	-97.756790
23.794588	-97.756760
23.795527	-97.756729
23.796469	-97.756699
23.796440	-97.755676
23.797380	-97.755646
23.797352	-97.754623
23.797323	-97.753609
23.798264	-97.753571
23.798235	-97.752556
23.799175	-97.752525
23.799147	-97.751503
23.800089	-97.751472
23.801027	-97.751442
23.800999	-97.750420
23.801939	-97.750389
23.801910	-97.749367
23.801765	-97.744270
23.798306	-97.744377
23.797073	-97.744415
23.796135	-97.744446
23.795193	-97.744476
23.794252	-97.744507
23.793314	-97.744537
23.792376	-97.744568
23.792402	-97.745583
23.791462	-97.745613
23.791489	-97.746635
23.790550	-97.746666
23.790579	-97.747688
23.790606	-97.748711
23.789667	-97.748741
23.789694	-97.749763
23.788755	-97.749794
23.788782	-97.750816
23.787842	-97.750839
23.787813	-97.749825
23.787786	-97.748802
23.786846	-97.748833
23.786819	-97.747810
23.786791	-97.746788
23.787729	-97.746758
23.787703	-97.745735
23.788645	-97.745705
23.789583	-97.745674
23.789555	-97.744659
23.789528	-97.743629
23.789499	-97.742615
23.789471	-97.741592
23.790411	-97.741562
23.791349	-97.741531
23.792292	-97.741501
23.793230	-97.741470
23.794170	-97.741440
23.794142	-97.740417
23.794029	-97.736336
23.793091	-97.736366
23.792152	-97.736397
23.791210	-97.736427
23.790272	-97.736458
23.789331	-97.736488
23.788393	-97.736519
23.787451	-97.736549
23.786512	-97.736580
23.785572	-97.736610
23.784634	-97.736641
23.783693	-97.736671
23.782753	-97.736694
23.781815	-97.736732
23.780874	-97.736755
23.780846	-97.735733
23.779907	-97.735764
23.778967	-97.735794
23.778938	-97.734779
23.778000	-97.734810
23.777060	-97.734840
23.776119	-97.734863
23.775179	-97.734901
23.774240	-97.734924
23.773300	-97.734955
23.773329	-97.735977
23.772388	-97.736008
23.772417	-97.737030
23.772446	-97.738052
23.772472	-97.739075
23.772501	-97.740097
23.772530	-97.741119
23.773468	-97.741089
23.773497	-97.742104
23.774435	-97.742081
23.774464	-97.743095
23.775402	-97.743065
23.775431	-97.744087
23.776373	-97.744057
23.776400	-97.745079
23.777340	-97.745049
23.777367	-97.746071
23.778305	-97.746040
23.778334	-97.747063
23.778362	-97.748077
23.778389	-97.749107
23.778418	-97.750122
23.778444	-97.751144
23.778473	-97.752167
23.778502	-97.753189
23.778528	-97.754211
23.779469	-97.754181
23.779495	-97.755203
23.779524	-97.756218
23.780464	-97.756187
23.780493	-97.757210
23.780521	-97.758232
23.781460	-97.758202
23.781488	-97.759224
23.780548	-97.759254
23.780577	-97.760277
23.780603	-97.761299
23.781544	-97.761269
23.781570	-97.762291
23.782511	-97.762260
23.782537	-97.763283
23.782566	-97.764297
23.782593	-97.765320
23.782621	-97.766342
23.783560	-97.766312
23.783588	-97.767334
23.783615	-97.768356
23.783644	-97.769379
23.784586	-97.769348
23.784613	-97.770370
23.784641	-97.771385
23.783699	-97.771416
23.782761	-97.771446
23.781820	-97.771477
23.780882	-97.771507
23.779940	-97.771538
23.779001	-97.771568
23.778973	-97.770546
23.778034	-97.770576
23.778006	-97.769554
23.777979	-97.768532
23.777039	-97.768562
23.777012	-97.767548
23.776983	-97.766525
23.776043	-97.766556
23.776014	-97.765533
23.775988	-97.764511
23.775047	-97.764542
23.775021	-97.763519
23.774080	-97.763550
23.773142	-97.763580
23.773113	-97.762558
23.772173	-97.762589
23.771233	-97.762619
23.771206	-97.761597
23.770266	-97.761627
23.770239	-97.760605
23.770210	-97.759590
23.769272	-97.759621
23.769243	-97.758598
23.768303	-97.758629
23.760868	-97.761932
23.760897	-97.762955
23.759956	-97.762985
23.759016	-97.763016
23.759045	-97.764030
23.759071	-97.765053
23.758133	-97.765083
23.757195	-97.765114
23.756252	-97.765144
23.755314	-97.765175
23.743277	-97.809517
23.741488	-97.824478
23.734106	-97.841827
23.724936	-97.866257
23.711567	-97.885696
23.686613	-97.903152
23.666855	-97.923088
23.651587	-97.936554
23.639610	-97.947517
23.627636	-97.960983
23.622549	-97.972748
23.624851	-97.980728
23.621157	-97.980225
23.605476	-97.972748
23.597187	-97.968254
23.582005	-97.956490
23.570919	-97.952499
23.549250	-97.947510
23.539061	-97.936539
23.524277	-97.923576
23.490622	-97.910606
23.463863	-97.912399
23.456488	-97.935837
23.447306	-97.942314
23.441814	-97.944008
23.430235	-97.944801
23.412256	-97.935829
23.388788	-97.926552
23.370712	-97.919571
23.323692	-97.931831
23.311714	-97.937012
23.321405	-97.949982
23.335693	-97.968727
23.343088	-97.981689
23.346495	-98.004128
23.349297	-98.015999
23.349302	-98.026367
23.352110	-98.047211
23.357613	-98.068451
23.356726	-98.090187
23.358631	-98.107140
23.354446	-98.124794
23.358648	-98.141151
23.370636	-98.151024
23.375738	-98.171364
23.386429	-98.184830
23.373957	-98.200584
23.351700	-98.216835
23.348421	-98.246651
23.344730	-98.254128
23.337856	-98.281258
23.329082	-98.304588
23.304928	-98.318947
23.283665	-98.327217
23.275389	-98.348557
23.251234	-98.364815
23.228413	-98.366264
23.229172	-98.369011
23.229567	-98.370979
23.229845	-98.372978
23.230227	-98.374947
23.230909	-98.376801
23.231775	-98.378593
23.232748	-98.380348
23.233791	-98.382072
23.234877	-98.383766
23.235981	-98.385437
23.237169	-98.387108
23.239859	-98.389442
23.240744	-98.392586
23.243437	-98.395668
23.246235	-98.397881
23.249037	-98.400719
23.251062	-98.406197
23.252733	-98.410683
23.253593	-98.415184
23.254374	-98.422195
23.254995	-98.426201
23.256325	-98.431190
23.257870	-98.434799
23.260008	-98.440155
23.262142	-98.444763
23.266108	-98.448456
23.270979	-98.450623
23.274689	-98.451942
23.279432	-98.452988
23.283028	-98.454552
23.285700	-98.456390
23.290817	-98.459686
23.294672	-98.463760
23.297832	-98.467339
23.300301	-98.471062
23.301830	-98.473663
23.304058	-98.476891
23.306381	-98.477974
23.310789	-98.480164
23.314613	-98.481346
23.319239	-98.482391
23.322950	-98.483963
23.325970	-98.485657
23.328302	-98.487747
23.331448	-98.490334
23.334715	-98.493156
23.337406	-98.496506
23.340551	-98.499084
23.343826	-98.502785
23.345945	-98.506386
23.347492	-98.510246
23.348465	-98.514236
23.349899	-98.518486
23.350962	-98.520599
23.352957	-98.523315
23.354939	-98.524918
23.358070	-98.526108
23.362001	-98.527176
23.365246	-98.528122
23.368399	-98.531456
23.370407	-98.535187
23.371725	-98.539421
23.372898	-98.541161
23.373957	-98.542519
23.378618	-98.546577
23.382458	-98.549271
23.386406	-98.551453
23.388744	-98.554054
23.391323	-98.557396
23.392654	-98.562637
23.391783	-98.566795
23.390326	-98.570328
23.387724	-98.574768
23.385801	-98.577805
23.383204	-98.582619
23.380363	-98.585930
23.377766	-98.590614
23.375397	-98.595177
23.373919	-98.596954
23.370134	-98.598778
23.366802	-98.599838
23.361280	-98.601318
23.356794	-98.602272
23.351728	-98.602859
23.347574	-98.603188
23.342493	-98.602524
23.338793	-98.601837
23.334866	-98.601402
23.331160	-98.600464
23.325521	-98.601563
23.321838	-98.602005
23.314941	-98.604256
23.310591	-98.606964
23.304520	-98.610458
23.300856	-98.612785
23.297441	-98.616730
23.295530	-98.620903
23.294556	-98.626060
23.293703	-98.631973
23.293882	-98.637360
23.293825	-98.642128
23.294121	-98.647392
23.294302	-98.652908
23.294930	-98.657158
23.295895	-98.660530
23.297560	-98.664635
23.298040	-98.666512
23.300297	-98.671738
23.302416	-98.675339
23.304554	-98.680321
23.307371	-98.684280
23.310650	-98.688492
23.313925	-98.691948
23.317411	-98.694267
23.321486	-98.697205
23.325455	-98.701149
23.329535	-98.704842
23.332470	-98.708679
23.335196	-98.714897
23.336758	-98.720016
23.338573	-98.727135
23.340143	-98.732872
23.341711	-98.738495
23.342920	-98.743111
23.346100	-98.748322
23.349852	-98.753403
23.352570	-98.758743
23.354004	-98.762993
23.355572	-98.768600
23.356791	-98.774101
23.358232	-98.778847
23.361174	-98.783554
23.363874	-98.787399
23.366447	-98.790367
23.369228	-98.791451
23.371799	-98.794159
23.374954	-98.797363
23.377068	-98.800339
23.379782	-98.805313
23.380968	-98.808289
23.379978	-98.812454
23.377804	-98.813622
23.372387	-98.814209
23.367664	-98.814926
23.361210	-98.815041
23.357615	-98.813591
23.355064	-98.812630
23.352060	-98.811943
23.349087	-98.814247
23.348326	-98.818024
23.347569	-98.822556
23.347631	-98.827568
23.348024	-98.831451
23.346231	-98.835869
23.343967	-98.839539
23.341034	-98.844872
23.339106	-98.847664
23.338697	-98.852180
23.339235	-98.858566
23.338493	-98.863853
23.337755	-98.869637
23.338745	-98.875137
23.340410	-98.879242
23.342304	-98.883224
23.343622	-98.887466
23.344381	-98.892845
23.344078	-98.896614
23.342953	-98.898766
23.340570	-98.902191
23.337860	-98.907005
23.337578	-98.912407
23.339027	-98.917648
23.341051	-98.923004
23.341879	-98.924622
23.344000	-98.928093
23.345791	-98.933083
23.346083	-98.938347
23.346846	-98.944221
23.348989	-98.949577
23.351015	-98.955063
23.352465	-98.960304
23.353893	-98.964172
23.355862	-98.964638
23.358616	-98.963585
23.362179	-98.962517
23.365967	-98.960693
23.371592	-98.958466
23.375383	-98.957397
23.378166	-98.958351
23.382111	-98.960411
23.384562	-98.962502
23.385576	-98.964653
23.384706	-98.966537
23.384243	-98.968491
23.383877	-98.970482
23.383646	-98.972481
23.383667	-98.974434
23.384438	-98.976288
23.385138	-98.978180
23.385708	-98.980103
23.386513	-98.982994
23.386997	-98.984932
23.387407	-98.986900
23.387634	-98.988907
23.387426	-98.990875
23.386787	-98.992798
23.385805	-98.994530
23.384462	-98.996002
23.383020	-98.997421
23.381718	-98.998940
23.380455	-99.000496
23.379143	-99.001999
23.377766	-99.003456
23.375656	-99.005592
23.374214	-99.006981
23.372744	-99.008331
23.371216	-99.009621
23.367290	-99.012726
23.365669	-99.013916
23.364122	-99.015182
23.362757	-99.016701
23.361811	-99.018471
23.362000	-99.020363
23.362659	-99.022331
23.363194	-99.024284
23.364170	-99.025993
23.365396	-99.027580
23.366711	-99.029106
23.368053	-99.030586
23.369474	-99.032005
23.370825	-99.033478
23.371975	-99.035118
23.372879	-99.036911
23.373577	-99.038780
23.374142	-99.040703
23.374552	-99.042656
23.374670	-99.044662
23.374922	-99.046646
23.375303	-99.048630
23.375854	-99.050545
23.376638	-99.052368
23.377554	-99.054153
23.378532	-99.055901
23.380030	-99.058502
23.381119	-99.060188
23.382975	-99.062576
23.384598	-99.063690
23.386459	-99.064491
23.388386	-99.064995
23.390373	-99.065239
23.397369	-99.065926
23.399336	-99.066238
23.401262	-99.066742
23.403149	-99.067436
23.404978	-99.068268
23.406729	-99.069229
23.408367	-99.070366
23.409986	-99.071564
23.411659	-99.072662
23.414181	-99.074364
23.415882	-99.075439
23.417629	-99.076370
23.419460	-99.077049
23.421473	-99.077156
23.424501	-99.076920
23.426477	-99.076591
23.429424	-99.075996
23.431370	-99.075478
23.433338	-99.075409
23.435329	-99.075737
23.437323	-99.075676
23.439320	-99.075455
23.441311	-99.075462
23.443293	-99.075699
23.446266	-99.076157
23.448252	-99.076378
23.450262	-99.076553
23.452278	-99.076721
23.454281	-99.076752
23.456245	-99.076546
23.458160	-99.076050
23.460051	-99.075378
23.461931	-99.074631
23.463821	-99.073944
23.465752	-99.073448
23.467745	-99.073257
23.469751	-99.073196
23.471748	-99.073189
23.473749	-99.073242
23.476748	-99.073410
23.480734	-99.073761
23.482733	-99.073822
23.484741	-99.073692
23.486744	-99.073631
23.488720	-99.073837
23.490711	-99.074226
23.492649	-99.074821
23.494434	-99.075653
23.496164	-99.076874
23.497473	-99.078400
23.497845	-99.080193
23.497475	-99.082245
23.497276	-99.084290
23.497511	-99.086281
23.497953	-99.088242
23.498688	-99.090088
23.499592	-99.091881
23.500729	-99.094711
23.501032	-99.096634
23.500587	-99.098579
23.499973	-99.100517
23.499825	-99.102509
23.499949	-99.104507
23.500189	-99.107513
23.500286	-99.110550
23.501404	-99.112122
23.503302	-99.112694
23.505301	-99.112999
23.507322	-99.113251
23.509426	-99.113396
23.511044	-99.114281
23.512312	-99.115784
23.513393	-99.117554
23.514296	-99.119408
23.515009	-99.121262
23.515486	-99.123260
23.515680	-99.125252
23.515432	-99.127197
23.514683	-99.129097
23.513815	-99.130920
23.512775	-99.132660
23.511385	-99.134048
23.509705	-99.135162
23.507900	-99.136078
23.505920	-99.136459
23.504126	-99.137146
23.502647	-99.138519
23.501383	-99.140099
23.500322	-99.141808
23.499512	-99.143654
23.498995	-99.145569
23.498589	-99.147530
23.498264	-99.149513
23.498007	-99.151505
23.497807	-99.153496
23.497684	-99.155495
23.497692	-99.158508
23.497820	-99.160500
23.498125	-99.162468
23.498684	-99.164406
23.499399	-99.166267
23.500256	-99.168076
23.501081	-99.169899
23.501776	-99.171776
23.502426	-99.173676
23.503115	-99.175552
23.503916	-99.177376
23.504791	-99.179184
23.505733	-99.180954
23.506750	-99.182671
23.507912	-99.184288
23.509172	-99.185852
23.510372	-99.187454
23.512020	-99.189964
23.513363	-99.191452
23.514811	-99.192848
23.516373	-99.194077
23.518167	-99.194969
23.520056	-99.195656
23.522038	-99.196114
23.523796	-99.196968
23.525373	-99.198219
23.526789	-99.199669
23.527933	-99.201279
23.528843	-99.203079
23.529840	-99.204819
23.531498	-99.207329
23.532393	-99.209106
23.533003	-99.211021
23.533398	-99.212975
23.533806	-99.215927
23.534439	-99.217827
23.535114	-99.219719
23.535736	-99.221626
23.536425	-99.223511
23.537416	-99.225227
23.538647	-99.226814
23.539967	-99.228325
23.541389	-99.229729
23.542839	-99.231110
23.544924	-99.233269
23.546198	-99.234810
23.547319	-99.236465
23.548468	-99.238106
23.550280	-99.240494
23.551500	-99.242081
23.554375	-99.249260
23.558275	-99.257095
23.559952	-99.262337
23.562557	-99.267807
23.564224	-99.272171
23.565765	-99.275650
23.568359	-99.280251
23.572107	-99.284821
23.575268	-99.288406
23.578066	-99.291115
23.580753	-99.293953
23.584356	-99.296150
23.588663	-99.299332
23.592606	-99.300896
23.596546	-99.302582
23.600027	-99.304153
23.604420	-99.304710
23.608452	-99.304253
23.612005	-99.302696
23.614649	-99.301521
23.617273	-99.299339
23.621056	-99.297272
23.623554	-99.293831
23.625355	-99.290039
23.625608	-99.282631
23.625999	-99.276733
23.626410	-99.272583
23.627054	-99.268562
23.627260	-99.266426
23.629654	-99.264000
23.633680	-99.263054
23.639681	-99.263321
23.643269	-99.264267
23.646402	-99.265839
23.651382	-99.267509
23.654167	-99.268715
23.657051	-99.268661
23.661192	-99.267838
23.664303	-99.267410
23.667870	-99.266464
23.672831	-99.266632
23.677355	-99.268562
23.680847	-99.271385
23.682970	-99.275230
23.684166	-99.278725
23.684425	-99.281105
23.685867	-99.285843
23.687523	-99.289200
23.691240	-99.291267
23.695660	-99.294083
23.699245	-99.295013
23.703524	-99.295692
23.708261	-99.296364
23.712427	-99.297668
23.714865	-99.298630
23.716972	-99.301239
23.718512	-99.304588
23.719721	-99.309341
23.720570	-99.312706
23.720852	-99.316841
23.720997	-99.319221
23.722637	-99.321327
23.725210	-99.324547
23.728113	-99.326118
23.732410	-99.328560
23.736946	-99.331352
23.739511	-99.333572
23.742767	-99.335892
23.746017	-99.337479
23.748573	-99.339050
23.751247	-99.340523
23.753111	-99.341988
23.755781	-99.343452
23.757286	-99.344040
23.760675	-99.347504
23.763231	-99.349091
23.771578	-99.352333
23.775755	-99.354385
23.781090	-99.356682
23.786776	-99.359467
23.792908	-99.360985
23.796152	-99.362053
23.800089	-99.363243
23.804373	-99.364677
23.808531	-99.365105
23.813496	-99.365395
23.820766	-99.365639
23.825159	-99.366318
23.832783	-99.367188
23.838207	-99.367218
23.843283	-99.367126
23.849056	-99.367645
23.854027	-99.368446
23.857836	-99.368500
23.863028	-99.368790
23.871561	-99.368645
23.876642	-99.368805
23.881727	-99.369720
23.885670	-99.371269
23.889057	-99.374733
23.891766	-99.379196
23.893671	-99.384308
23.894548	-99.390060
23.894960	-99.395576
23.894232	-99.401985
23.891638	-99.406921
23.889160	-99.411980
23.887695	-99.414894
23.885777	-99.418312
23.883856	-99.421852
23.882799	-99.423470
23.881021	-99.426041
23.880028	-99.429451
23.878689	-99.433357
23.877237	-99.437401
23.876244	-99.441177
23.876192	-99.446198
23.876255	-99.451462
23.877384	-99.458969
23.878845	-99.465591
23.880417	-99.471329
23.882435	-99.476189
23.884909	-99.480286
23.889145	-99.487106
23.891632	-99.492584
23.893518	-99.495934
23.895180	-99.499672
23.897770	-99.504013
23.899189	-99.506996
23.901070	-99.509727
23.902830	-99.512329
23.904242	-99.514435
23.905083	-99.517303
23.905121	-99.520569
23.903763	-99.522720
23.901031	-99.525780
23.899105	-99.528572
23.897892	-99.533363
23.898403	-99.537491
23.899715	-99.540855
23.902876	-99.544563
23.905560	-99.547401
23.908236	-99.549232
23.911364	-99.550179
23.914707	-99.550125
23.917818	-99.549942
23.920818	-99.549889
23.924522	-99.550827
23.926651	-99.554932
23.927732	-99.558678
23.927788	-99.563316
23.927252	-99.566711
23.925802	-99.570877
23.923897	-99.575546
23.921986	-99.579597
23.920656	-99.584259
23.918745	-99.588310
23.917667	-99.594849
23.917742	-99.600876
23.919647	-99.605850
23.922380	-99.612457
23.924969	-99.616302
23.927759	-99.618256
23.931360	-99.620453
23.935431	-99.623138
23.940063	-99.624687
23.944820	-99.626732
23.947477	-99.627068
23.952114	-99.628983
23.954670	-99.630455
23.957375	-99.634789
23.958923	-99.638786
23.959824	-99.646416
23.960468	-99.652176
23.960423	-99.657822
23.960598	-99.662712
23.961233	-99.667831
23.961119	-99.677376
23.960932	-99.681137
23.960184	-99.685921
23.958626	-99.690590
23.956137	-99.694641
23.954214	-99.697937
23.951244	-99.700371
23.948271	-99.702560
23.944822	-99.703499
23.941832	-99.704178
23.938404	-99.706993
23.937063	-99.710533
23.935713	-99.713440
23.934944	-99.716713
23.934156	-99.718353
23.932800	-99.720512
23.928429	-99.721596
23.924158	-99.721542
23.920692	-99.720848
23.917082	-99.718277
23.913940	-99.716080
23.911266	-99.714241
23.908945	-99.713150
23.904900	-99.712601
23.903152	-99.710999
23.898272	-99.708076
23.894323	-99.705887
23.891182	-99.703804
23.889326	-99.702835
23.886780	-99.702255
23.883560	-99.703316
23.879322	-99.705643
23.875551	-99.708595
23.873508	-99.711517
23.873314	-99.714531
23.874699	-99.715996
23.878723	-99.798470
23.869741	-99.809135
23.857464	-99.814026
23.847582	-99.818909
23.836197	-99.830925
23.834988	-99.831375
23.842304	-99.846527
23.856594	-99.867371
23.858507	-99.881004
23.855200	-99.886421
23.855362	-99.890068
23.858654	-99.895393
23.859631	-99.897484
23.861853	-99.902245
23.863203	-99.909241
23.862486	-99.916527
23.866966	-99.924606
23.870975	-99.931931
23.874809	-99.933876
23.879980	-99.932266
23.886889	-99.931274
23.890587	-99.931717
23.897060	-99.932602
23.902834	-99.933258
23.908710	-99.932899
23.915985	-99.933151
23.920053	-99.935829
23.923319	-99.938667
23.924397	-99.942024
23.924664	-99.944916
23.922611	-99.947083
23.920668	-99.948494
23.916994	-99.950066
23.913662	-99.951004
23.910448	-99.952560
23.908998	-99.956604
23.909750	-99.961479
23.913820	-99.964172
23.917198	-99.966866
23.919771	-99.969711
23.921873	-99.971802
23.922150	-99.975815
23.921518	-99.980843
23.921104	-99.984863
23.921034	-99.988373
23.921530	-99.991249
23.923523	-99.993851
23.925615	-99.995064
23.929663	-99.995872
23.934740	-99.995911
23.939123	-99.995834
23.944002	-99.998634
23.947266	-100.001587
23.949936	-100.003044
23.954199	-100.002472
23.958460	-100.001770
23.964220	-100.001411
23.967466	-100.002861
23.970362	-100.003563
23.974049	-100.003250
23.977976	-100.003555
23.980862	-100.003761
23.984419	-100.001938
23.988668	-100.000488
23.991993	-99.998924
23.994982	-99.997993
23.996473	-99.997337
23.998777	-99.997177
24.000154	-99.996521
24.001759	-99.995491
24.004286	-99.994446
24.006681	-99.992393
24.007809	-99.990242
24.010895	-99.987930
24.013985	-99.985748
24.018110	-99.983414
24.022701	-99.981331
24.027386	-99.977737
24.031851	-99.975021
24.035873	-99.973572
24.040020	-99.973251
24.047413	-99.973869
24.051252	-99.976563
24.051533	-99.980827
24.050907	-99.986229
24.051329	-99.992241
24.052744	-99.994972
24.056211	-99.995667
24.060350	-99.994339
24.064362	-99.992142
24.068144	-99.990318
24.072973	-99.988976
24.078506	-99.988503
24.083351	-99.988548
24.087284	-99.989357
24.101870	-99.993614
24.109259	-99.993988
24.115948	-99.993744
24.122280	-99.992752
24.128611	-99.991638
24.134588	-99.989906
24.142059	-99.987640
24.149748	-99.984123
24.156071	-99.982384
24.161253	-99.981415
24.172544	-99.980461
24.183714	-99.978760
24.192699	-99.977600
24.199024	-99.975983
24.204540	-99.974258
24.210522	-99.972778
24.215021	-99.972824
24.219418	-99.973747
24.224607	-99.973785
24.230009	-99.972183
24.237471	-99.968918
24.243355	-99.968811
24.246033	-99.970901
24.244556	-99.972931
24.242172	-99.975861
24.239691	-99.980545
24.237667	-99.985222
24.236671	-99.988625
24.238440	-99.991852
24.240988	-99.992683
24.245256	-99.992607
24.249397	-99.991661
24.252956	-99.990089
24.262121	-99.984917
24.265909	-99.983345
24.270496	-99.981010
24.277643	-99.980629
24.280663	-99.982208
24.283218	-99.983665
24.287518	-99.986229
24.291233	-99.988297
24.295292	-99.989853
24.298988	-99.990540
24.303259	-99.990341
24.307743	-99.989388
24.313276	-99.989037
24.319632	-99.989807
24.326103	-99.990822
24.332584	-99.992340
24.339064	-99.993980
24.345308	-99.995377
24.351189	-99.995026
24.359030	-99.994507
24.365711	-99.993767
24.372952	-99.991760
24.379040	-99.989517
24.383272	-99.986687
24.385889	-99.983627
24.388252	-99.978569
24.388313	-99.974052
24.388603	-99.969406
24.389709	-99.965248
24.392210	-99.962196
24.396469	-99.961494
24.402000	-99.961021
24.407194	-99.961433
24.413082	-99.961578
24.417936	-99.962502
24.424410	-99.963387
24.429392	-99.965431
24.433344	-99.967621
24.438223	-99.970421
24.443108	-99.973724
24.446718	-99.976669
24.450691	-99.980865
24.454433	-99.984940
24.456558	-99.989037
24.458677	-99.992386
24.462427	-99.997337
24.464199	-100.000694
24.465025	-100.002190
24.466202	-100.004295
24.468103	-100.008904
24.471983	-100.014984
24.476404	-100.018044
24.479082	-100.018997
24.489185	-100.002663
24.489178	-99.989304
24.482161	-99.935753
24.469952	-99.884293
24.455448	-99.834435
24.416689	-99.799026
24.385817	-99.760132
24.435831	-99.746574
24.483847	-99.726639
24.531572	-99.725639
24.579594	-99.719170
24.623014	-99.695740
24.642656	-99.646675
24.609488	-99.608177
24.587496	-99.557220
24.566902	-99.509354
24.556091	-99.456398
24.557060	-99.402054
24.588291	-99.363663
24.601841	-99.308617
24.599016	-99.253174
24.597589	-99.198723
24.594385	-99.183327
