"anio" "mes" "ppAcc" "mTmax" "mTmin"
1970 1 -100 0.10558481164999 -29.3951128639028
1970 2 648.566254150317 -16.450389747892 -2.2141366946258
1970 3 -100 -17.233391344473 -18.3905533519132
1970 4 -100 -2.176235632184 -21.1814655172414
1970 5 -89.0470974808324 -12.685215053764 -8.11854838709701
1970 6 117.707322058146 -21.339227821986 -1.90604185086901
1970 7 -38.9739577512013 -6.820740994267 -0.420124925130008
1970 8 -0.363485304808432 -0.923843396746982 6.714937965261
1970 9 148.087249255766 -8.32770270270302 0.879504504504993
1970 10 -94.8575949367089 5.72762920074801 -15.5843519284376
1970 11 75.8057764755128 -0.237584470128027 -32.8817284009094
1970 12 -100 6.51388147447701 -23.6290971943641
1971 1 -53.3319318898467 5.25108745715301 -5.096171064961
1971 2 -100 -9.97631567381802 -51.0733959538851
1971 3 -100 -3.75412867166197 -16.9850233979961
1971 4 -100 -19.130258620689 -32.8251436781609
1971 5 91.6757940854326 -15.588440860215 -7.15080645161301
1971 6 155.071278933114 -38.339227821986 -6.239375184203
1971 7 -7.83822190997752 -13.272353897493 -3.96851202190401
1971 8 83.4769965728528 -20.439972429005 -2.12377171215801
1971 9 95.7933394541358 -3.99436936937001 8.212837837838
1971 10 43.9873417721519 -9.43366112183298 11.835002910272
1971 11 -100 2.02842538208898 -14.3472456422887
1971 12 -91.3438649642934 -0.486118525522983 0.963495398228496
1972 1 -100 0.608230314295 1.6895432207533
1972 2 -100 -6.95964900715101 -33.5567292872184
1972 3 161.437908496732 -20.447677058759 -18.747696209056
1972 4 -100 13.283534482759 3.3817528735632
1972 5 288.828039430449 -8.16908602150502 -1.98951612903201
1972 6 -12.319247866742 -34.339227821986 1.093958149131
1972 7 -27.7650928483608 -11.659450671686 -1.71044750577501
1972 8 44.1894277702772 -2.85932726771399 -5.865707196029
1972 9 35.8818128703782 9.00563063063 -3.78716216216199
1972 10 -12.5791139240507 8.63085500719901 0.222099684466013
1972 11 59.0623691921306 6.810034577491 17.6182715990906
1972 12 -38.5414412464835 -19.693015077247 -6.6686885098175
1973 1 71.1162497372288 -26.190711484646 -22.7284461972361
1973 2 153.546634470269 -38.776315673818 -13.4733959538851
1973 3 -100 -22.178446289528 -3.6103335716934
1973 4 -100 -27.509568965517 -15.1814655172414
1973 5 4.052573932092 0.540591397849006 11.558870967742
1973 6 13.5864288999024 -10.005894488653 -4.572708517536
1973 7 65.0193999584862 -11.014289381364 1.19277830067599
1973 8 174.607955135528 -11.246424041908 5.424615384616
1973 9 -39.264947277634 8.33896396396398 -0.120495495495003
1973 10 193.117088607595 -2.98204821860697 2.80274484575601
1973 11 -100 -61.309013041556 -24.6674426866237
1973 12 -100 -37.624049560006 -65.9790333374037
1974 1 -100 21.437723401853 16.7817091193708
1974 2 -100 7.23906894156698 -2.2426267231159
1974 3 174.509803921569 -10.205741574888 -12.468894365738
1974 4 5.9135039717564 -12.509568965517 3.15186781609199
1974 5 190.251916757941 -14.29811827957 -17.150806451613
1974 6 -47.1922742833787 32.327438844681 -4.906041850869
1974 7 15.8249373293526 -16.530418413622 -23.323350731582
1974 8 33.172707446256 1.65680176454401 -15.543126550868
1974 9 -49.5590240102384 -1.99436936937001 -14.453828828829
1974 10 -76.8591772151899 -2.01430628312298 -22.3585454768247
1974 11 -83.2565927166178 -7.73758447012803 -17.1674426866237
1974 12 21.1858904998918 -1.34326138266598 -15.2031712684382
1975 1 47.7822156821521 -22.487007780943 -1.3580758268657
1975 2 -100 -22.746686044188 -15.1770996575888
1975 3 -100 -5.04445125230699 2.04723466652
1975 4 -100 3.15709770114999 12.8185344827583
1975 5 -100 -20.427150537634 -0.0540322580649999
1975 6 21.5574063665622 -20.005894488653 -8.23937518420299
1975 7 -12.1972249277489 -21.982031316848 -3.323350731582
1975 8 87.9322878803613 -23.504488558037 -0.704416873448999
1975 9 -73.6471635645327 -19.661036036036 -11.453828828829
1975 10 -100 -8.143338541188 -23.3262874123086
1975 11 -100 -10.677144909688 -18.4586514778325
1975 12 -22.094784678641 -24.453860461007 -17.0580099781156
1976 1 -100 -12.027237666 -12.8178459418083
1976 2 -75.852701479022 -20.154093451596 -19.9919144724036
1976 3 -100 -6.657354478114 5.9182024084555
1976 4 270.697263901147 -23.176235632184 1.81853448275859
1976 5 -89.0470974808324 -24.943279569893 -6.82822580645201
1976 6 -53.1705073833736 -13.005894488653 -8.23937518420299
1976 7 64.3966852416617 -38.111063574912 1.837939590999
1976 8 -32.7656039048707 -18.343198235456 -6.18828784119099
1976 9 44.1170742564617 -13.661036036036 2.212837837838
1976 10 159.691455696202 -24.272370799252 7.641454523175
1976 11 611.594809543742 -64.523298755842 0.618271599090594
1976 12 -82.6877299285869 -46.711924977136 36.4903771186586
1977 1 -61.1099432415389 -14.530018533631 11.6204187967902
1977 2 -100 -23.804887102389 -13.9733959538851
1977 3 -100 -6.01219318779098 3.3375572471652
1977 4 147.131509267432 -32.509568965517 -11.5147988505747
1977 5 -67.1412924424973 -11.394892473118 3.49435483871
1977 6 103.259925399825 -26.672561155319 -1.572708517536
1977 7 -24.6515192642384 -17.143321639428 -4.936253957388
1977 8 44.1894277702772 -8.98835952577901 -0.704416873448999
1977 9 -6.32390173329991 -8.66103603603602 -2.120495495495
1977 10 -28.0063291139241 -11.369144992801 4.09306742640101
1977 11 -49.7697781498535 -22.523298755842 -15.0483950675761
1977 12 -48.0631897857607 -28.002247557781 -6.73542933295431
1978 1 -100 -14.20743788847 -10.9602263645001
1978 2 -75.852701479022 -34.042982340485 -16.4733959538851
1978 3 -100 -18.592838349082 -4.4043782367058
1978 4 -100 -2.176235632184 4.8185344827586
1978 5 -12.3767798466594 -5.26586021505402 0.591129032257989
1978 6 -2.35552603341722 -21.005894488653 -1.572708517536
1978 7 -6.59279247632857 7.37280739283001 -3.323350731582
1978 8 10.9772562052134 -15.762553074166 2.19880893300299
1978 9 60.6905377959548 -21.327702702703 4.54617117117101
1978 10 -7.43670886075952 -31.046564347639 5.060809361885
1978 11 -58.1414817915446 -16.189965422509 -8.3817284009094
1978 12 73.1227007141311 -9.61515078358801 11.6516674412392
1979 1 -100 -12.594534662663 1.2978381516289
1979 2 -27.5581044370661 -21.635574933077 5.1932707127816
1979 3 -100 -14.721870607146 4.9504604729716
1979 4 -100 0.823764367816011 -2.18146551724141
1979 5 -100 -11.072311827957 -12.312096774194
1979 6 -44.103520515048 -8.00589448865299 -4.572708517536
1979 7 -50.1205511823595 21.888936425088 6.03148797809599
1979 8 -47.3465572748988 -13.504488558037 5.747196029777
1979 9 -23.2061875747711 -14.661036036036 -5.45382882882899
1979 10 -100 11.21150016849 -27.5198357994054
1979 11 -100 -17.523298755842 -25.0483950675761
1979 12 306.838346678208 -15.486118525523 9.2968287315618
1980 1 47.7822156821521 -15.435725729661 -9.7939732627632
1980 2 250.13582855418 -20.652177742784 8.181776459908
1980 3 -100 -1.49606415553297 12.3698153116813
1980 4 -29.3909973521624 -22.84290229885 2.48520114942529
1980 5 -94.5235487404162 -3.00779569892502 12.204032258064
1980 6 -68.1160901333607 -2.33922782198601 -1.90604185086901
1980 7 -4.72464832585514 15.437323521862 2.805681526483
1980 8 44.9994807352788 -6.73029500965001 -5.22054590570701
1980 9 -44.4119856439362 -7.661036036036 3.54617117117099
1980 10 -7.43670886075952 -3.62720950892999 -2.3585454768247
1980 11 209.75303474257 -24.880441612985 8.1897001705192
1980 12 73.1227007141311 -28.658532318626 -7.7031712684382
1981 1 187.786420012612 -36.974187268122 -6.3324348012247
1981 2 44.8837911258678 -13.090601388104 9.59803261754351
1981 3 30.718954248366 -25.367031897469 5.9182024084555
1981 4 464.872021182701 -22.509568965517 10.4852011494253
1981 5 -45.2354874041621 -20.104569892473 -0.376612903226015
1981 6 15.5791732665674 -11.672561155319 4.09395814913099
1981 7 -66.3734052914783 -6.820740994267 -3.000770086421
1981 8 23.5330771627375 2.947124345189 2.037518610422
1981 9 -45.4413933171966 1.33896396396398 19.379504504505
1981 10 2.84810126582276 7.66311307171502 10.222099684466
1981 11 151.151109250733 0.810034577490981 -10.3817284009094
1981 12 -100 -14.175773697937 -15.6342057511968
1982 1 -100 6.32251602858101 3.4752575064676
1982 2 -27.5581044370661 5.70060740310499 0.449680969191801
1982 3 -100 12.052322941241 -0.533410494770301
1982 4 -100 24.15709770115 23.4852011494253
1982 5 -72.6177437020811 -4.62069892473099 19.300806451613
1982 6 -93.0253947166727 23.327438844681 8.760624815797
1982 7 39.4880965686827 1.243775134765 0.225036365192004
1982 8 -10.0841208848271 6.49551144196302 -7.156029776674
1982 9 -77.3530311882703 16.672297297297 -7.120495495495
1982 10 10.5617088607595 -2.65946757344597 -3.97144870263119
1982 11 318.585182084554 -16.189965422509 -10.0483950675761
1982 12 1189.76412032028 -34.486118525523 -3.7031712684382
1983 1 8.89215892369103 -39.613444562552 8.9062919892262
1983 2 -100 -35.854576543383 -27.1255698669286
1983 3 -100 -33.614343725426 -27.200077161437
1983 4 -100 -9.17623563218399 -19.5147988505747
1983 5 75.2464403066813 -2.652956989247 6.397580645161
1983 6 -39.2212968167189 9.99410551134698 -7.57270851753601
1983 7 40.6712545306492 -14.562676478138 4.418584752289
1983 8 -26.2851801848583 -8.66577888061798 2.52138957816401
1983 9 38.9700358901595 -5.32770270270301 2.879504504505
1983 10 -53.7183544303798 -9.43366112183298 -3.64886805746989
1983 11 193.009627459188 -15.951870184413 -0.0245855437665021
1983 12 -100 -17.577027616432 -9.0668076320746
1984 1 8.89215892369103 -11.420341114276 12.1752575064676
1984 2 24.3585873830365 -17.561500859003 -1.1030255835147
1984 3 -100 -1.81864480069397 2.3698153116813
1984 4 -100 6.490431034483 -3.18146551724141
1984 5 15.0054764512596 -19.459408602151 -5.53790322580701
1984 6 0.633590516580211 -19.005894488653 -2.406041850869
1984 7 76.8509795781513 -30.691708736202 -2.67818944125901
1984 8 9.76217675771104 -14.149649848359 -7.156029776674
1984 9 -14.0444592827532 -12.661036036036 -1.787162162162
1984 10 2.07674050632909 -0.0788224121559722 -3.0037067671473
1984 11 -100 -4.52329875584201 -19.3817284009094
1984 12 -30.7509197143475 -14.520601284144 -11.841102302921
1985 1 -33.8869035106162 -34.748912542847 -24.7390282078181
1985 2 -100 -7.73345853096099 -6.1162530967422
1985 3 -100 0.439419715435001 4.6278798278103
1985 4 164.783759929391 -14.84290229885 -0.514798850574696
1985 5 -12.3767798466594 3.12123655914 2.84919354838699
1985 6 15.5791732665674 -21.339227821986 -2.57270851753601
1985 7 -54.1059253700361 -27.143321639428 -9.774963634808
1985 8 3.28175303769858 -4.14964984835898 -5.543126550868
1985 9 -66.0295467824055 5.672297297297 -11.787162162162
1985 10 -15.1503164556962 9.27601629752203 -3.3262874123086
1985 11 -24.6546672247802 -1.52329875584201 -13.3817284009094
1985 12 64.4665656784246 1.35259115189601 6.81295776381989
1986 1 -100 4.179658885724 -11.617335086125
1986 2 -15.4844551765771 0.123684326181994 -11.830538811028
1986 3 -100 -18.304819915902 -25.5334104947703
1986 4 -100 8.15709770114999 9.4852011494253
1986 5 -28.8061336254107 -2.04005376344099 5.75241935483898
1986 6 94.4918501864996 -32.672561155319 -4.906041850869
1986 7 -22.4720177553527 -26.820740994267 -6.226576538033
1986 8 -22.2349153598505 -3.82706920319798 -13.285062034739
1986 9 -3.23567871351859 -2.661036036036 -0.787162162162005
1986 10 24.7033227848101 -15.885274025059 -2.681126121986
1986 11 -7.91125994139808 2.47670124415798 4.6182715990906
1986 12 -100 -14.776441106168 -9.6386551394059
1987 1 1.11414757199882 -27.020341114276 -1.0247424935324
1987 2 129.399335949291 -32.376315673818 -13.6473089973634
1987 3 -100 -24.37624848733 -3.3905533519132
1987 4 959.135039717564 -13.84290229885 -8.5147988505747
1987 5 146.440306681271 -23.975537634409 -19.5701612903227
1987 6 30.5247560165545 -7.672561155319 2.42729148246399
1987 7 11.5282057832637 -4.240095832977 -17.516899118679
1987 8 -1.49755945581062 -3.18190791287599 -1.994739454094
1987 9 -72.6177558912723 8.67229729729697 -11.787162162162
1987 10 -100 2.17924210397303 -27.8424164445667
1987 11 -100 -7.18996542250903 -11.0483950675761
1987 12 -100 -2.796463353109 5.7451045936308
1988 1 55.5602270338443 0.903796816757989 -26.1626735280152
1988 2 -100 17.253313955812 5.1932707127816
1988 3 2514.37908496732 -18.98215981738 -10.5334104947703
1988 4 -100 -11.509568965517 -3.848132183908
1988 5 -100 4.41155913978498 -6.183064516129
1988 6 12.5900567165699 -13.339227821986 -12.906041850869
1988 7 48.8288173210498 -15.207837768461 1.515358945838
1988 8 156.786789905494 -11.569004687069 3.48913151364799
1988 9 0.881951979523173 -5.66103603603601 -7.120495495495
1988 10 -64.003164556962 -3.30462886376797 -17.8424164445667
1988 11 -100 12.143367910825 -13.0483950675761
1988 12 -100 -4.77644110616797 -4.7999454619866
1989 1 -100 9.01836856314301 5.813967183887
1989 2 -100 1.08522278772 -0.319549800039001
1989 3 -100 -14.733391344473 -21.9619819233417
1989 4 -100 -11.84290229885 -3.5147988505747
1989 5 4.052573932092 -9.136827956989 -6.82822580645201
1989 6 -100 -3.67256115531902 -14.572708517536
1989 7 2.74792827603858 6.72764610250699 -9.12980234448501
1989 8 -14.1343857098349 -12.536746622553 3.81171215880901
1989 9 -53.6766547032802 -8.99436936937001 -11.453828828829
1989 10 -76.8591772151899 5.72762920074801 -15.9069325735989
1989 11 0.460443700293007 2.47670124415798 -0.715061734242699
1989 12 263.557671499675 -34.175773697937 -0.461791958093398
1990 1 288.900567584611 -11.153674447609 17.9752575064676
1990 2 986.628433444008 -24.968908266411 10.3784558979668
1990 3 -100 -10.850902865211 8.1762669245845
1990 4 -100 -6.17623563218398 -4.5147988505747
1990 5 -38.1161007667032 -0.749731182796012 13.49435483871
1990 6 15.5791732665674 -18.005894488653 -1.239375184203
1990 7 187.071484456084 -29.401386155557 -2.033028150937
1990 8 27.9883684702461 -20.601262751585 3.166550868487
1990 9 -3.54450101549672 -12.99436936937 -0.787162162162005
1990 10 -26.4636075949367 -19.756241766994 9.57693839414301
1990 11 -100 -14.178471169635 -6.41621115953011
1990 12 -100 -6.34326138266598 -9.1317426970096
1991 1 -100 -5.487007780943 -2.1914091601991
1991 2 141.47298520978 -11.304887102389 -0.0448245253137003
1991 3 -100 7.85877455414401 -10.8559911399316
1991 4 -100 4.15709770115001 -0.514798850574696
1991 5 -100 3.766397849462 -6.183064516129
1991 6 253.911399519696 -9.67256115531899 -9.23937518420301
1991 7 218.331763240672 -34.240095832977 2.48310088132099
1991 8 -43.296292449891 -11.246424041908 -3.285062034739
1991 9 53.2788025484796 -23.327702702703 3.54617117117099
1991 10 131.408227848101 -21.369144992801 -8.16499708972799
1991 11 486.019254918376 -21.856632089175 -6.0483950675761
1991 12 592.490802856525 -13.163537880362 36.4903771186586
1992 1 1542.7159974774 -9.36872821104998 45.588160732274
1992 2 -100 -11.662029959532 36.7408897604006
1992 3 -100 -19.560580284565 12.04723466652
1992 4 -100 -45.84290229885 -16.848132183908
1992 5 1061.00766703176 -37.523924731183 -12.634677419355
1992 6 163.042256399774 -19.005894488653 -15.906041850869
1992 7 49.5138035095567 -4.240095832977 -8.484641054162
1992 8 -41.6761865198879 -10.278682106424 -1.994739454094
1992 9 203.67526361183 -13.327702702703 -3.12049549549501
1992 10 406.526898734177 -18.78849983151 -0.100480960695997
1992 11 -9.58560066973629 -22.737584470128 -1.1674426866237
1992 12 -30.7509197143475 -5.74418304165199 7.45811905414239
1993 1 -6.6638637796934 -4.391769685705 3.1181146493247
1993 2 -100 30.823684326182 -79.4733959538851
1993 3 -100 -29.326987403587 -29.8437553223565
1993 4 -100 -25.176235632184 -13.5147988505747
1993 5 -100 -21.394892473118 -14.892741935484
1993 6 158.160032701445 -13.672561155319 -3.57270851753601
1993 7 47.5833878874009 -17.788482929751 -2.67818944125901
1993 8 -12.5142797798318 -7.375456299972 -4.575384615384
1993 9 227.35164009682 -9.66103603603603 -0.120495495495003
1993 10 491.376582278481 -15.240112734736 0.54468032962701
1993 11 -16.2829635830892 -4.18996542250902 9.95160493242389
1993 12 -100 16.836462119638 21.6516674412392
1994 1 -100 11.512992219057 30.6419241731343
1994 2 -100 9.845906548404 14.4525299720408
1994 3 -100 2.697484231564 3.98271853748779
1994 4 -100 -10.176235632184 -2.18146551724141
1994 5 -100 17.637365591398 0.591129032257989
1994 6 43.4775943998767 -20.339227821986 -6.239375184203
1994 7 -72.600552459723 5.11474287670101 -10.097544279969
1994 8 14.3794786582199 -2.536746622553 -15.220545905707
1994 9 184.116517819882 -3.99436936937001 -9.453828828829
1994 10 -100 -4.59495144441398 0.867260974788007
1994 11 -100 7.47670124415798 1.6182715990906
1994 12 -100 9.18054814114402 6.6301620648951
1995 1 -100 2.67965888572402 -24.5247424935324
1995 2 -100 -2.00594530344802 9.2673447868556
1995 3 -100 -0.850902865210976 -9.5656685592864
1995 4 -100 -8.17623563218401 -10.5147988505747
1995 5 -100 16.992204301075 1.55887096774199
1995 6 -100 23.994105511347 -5.572708517536
1995 7 221.507608296477 25.759904167023 -17.516899118679
1995 8 -34.3857098348738 5.527769506479 -11.994739454094
1995 9 67.3816876721476 9.00563063063 -0.453828828828993
1995 10 -100 -34.272370799252 1.83500291027201
1995 11 -41.3980745081624 0.810034577490981 6.6182715990906
1995 12 -100 10.707429861574 43.587151312207
1996 1 -100 1.11514275669201 -28.7021618483711
1996 2 -100 -14.162029959532 -2.90196738245649
1996 3 -100 0.600710038015002 -12.7914750108993
1996 4 -100 -4.17623563218399 -1.84813218390801
1996 5 -100 -3.49166666666701 4.30080645161299
1996 6 -100 -18.172561155319 -6.90604185086901
1996 7 -64.941161442782 10.759904167023 -14.129802344485
1996 8 40.6251947242704 1.49551144196302 -9.736674937965
1996 9 -9.30918398575519 -3.16103603603601 -3.95382882882901
1996 10 108.267405063291 -24.756241766994 -10.423061605857
1996 11 -49.7697781498535 -24.523298755842 -5.20931460780591
1996 12 -100 -10.15278519219 -2.8698379351049
1997 1 47.7822156821521 -18.234134217724 -15.9212942176703
1997 2 -100 -14.299392596895 6.0266040461149
1997 3 618.954248366013 -22.302515768436 -1.1785717850929
1997 4 1216.85789938217 -61.199224137931 -13.3423850574712
1997 5 -56.1883899233297 -32.201344086022 -12.957258064516
1997 6 -69.1124623166932 -16.839227821986 -0.406041850869006
1997 7 -33.1827108847337 -12.143321639428 2.644391203902
1997 8 -60.8744417904248 6.81809208712401 -9.575384615384
1997 9 -74.7795120051192 4.838963963964 -2.620495495495
1997 10 70.4707278481012 -10.078822412156 -10.2617712832764
1997 11 0.460443700293007 -18.488815997221 3.7562026335734
1997 12 -13.4386496429344 -29.639964679369 -27.549325114592
1998 1 -100 -17.889306631517 -18.852328700429
1998 2 -100 -13.090601388104 -46.7114911919803
1998 3 -100 -10.706297748414 -12.9472035982186
1998 4 -100 -6.17623563218398 -14.1814655172414
1998 5 -100 10.863172043011 -13.279838709678
1998 6 -25.7702723417304 8.160772178014 5.76062481579699
1998 7 -61.1426016701527 2.53409771541001 6.19277830067599
1998 8 -26.3661854813584 -4.794811138682 4.134292803971
1998 9 -5.08861252538738 -8.32770270270302 16.046171171171
1998 10 -28.0063291139241 -9.43366112183298 17.157583555433
1998 11 -100 5.47670124415799 13.4516049324239
1998 12 -100 3.61065566802502 -9.7999454619866
1999 1 -100 -2.13613058796 -27.972110914585
1999 2 -100 13.734795437293 0.0080855275963998
1999 3 -100 -8.28101039209198 -7.5334104947703
1999 4 -100 -5.509568965517 4.8185344827586
1999 5 -100 -11.394892473118 -8.763709677419
1999 6 -51.6759491083748 -18.672561155319 0.760624815796991
1999 7 -12.8199396445733 -26.498160349106 -4.452382989646
1999 8 -72.4581991899471 -7.375456299972 -1.02699751861
1999 9 -57.7942853963219 -10.327702702703 -0.453828828828993
1999 10 -100 22.824403394296 77.318873878014
1999 11 -100 30.143367910825 102.951604932424
1999 12 -100 36.836462119638 116.167796473497
2000 1 -100 55.147400821208 114.201063958081
2000 2 -100 43.140925705492 96.4576385288739
2000 3 -100 19.632968102531 75.4343314407137
2000 4 -100 -5.509568965517 -1.84813218390801
2000 5 288.828039430449 -19.136827956989 -5.53790322580701
2000 6 38.9939195748806 -48.672561155319 -4.40604185086901
2000 7 -45.2011049194461 -10.04654744588 -17.033028150937
2000 8 -65.167722504933 1.01164047422099 -15.381836228287
2000 10 33.7025316455696 9.59859694268303 -2.19725515424409
2000 11 -100 18.143367910825 5.2849382657573
2000 12 -13.4386496429344 -6.71192497713598 -17.2193003006963
2001 1 -100 -4.85259917879201 -6.4440973322421
2001 2 -100 5.83797004046801 2.4551754746863
2001 3 -100 -14.076709316824 -19.5656685592864
2001 4 -100 3.49043103448299 2.651867816092
2001 5 61.5553121577218 -26.556182795699 0.429838709676993
2001 6 -17.7992948750706 -22.005894488653 -18.406041850869
2001 7 -17.8016573791691 -4.078805510396 -10.25883460255
2001 8 -15.754491639838 -2.375456299972 -16.510868486352
2001 9 -90.735330940656 3.83896396396398 -4.953828828829
2001 10 -100 22.824403394296 -13.4875777348893
2001 11 -16.2829635830892 -6.18996542250901 -28.2150617342427
2001 12 -48.0631897857607 5.22355889383203 -25.7676873974705
2002 1 -53.3319318898467 17.728045982498 -50.3150650741776
2002 2 250.13582855418 13.695112897611 -47.5448245253137
2002 3 -100 12.052322941241 -50.210829849609
2002 4 -100 13.15709770115 -18.6814655172414
2002 5 -61.6648411829135 -4.29811827957 -3.27983870967801
2002 6 -65.1269735833633 -0.442676097848 -7.50374300029501
2002 7 -40.8421019016748 -20.691708736202 -0.903995892872
2002 8 -48.1566102399003 -13.112015439757 -3.285062034739
2002 9 -14.3532815847313 2.83896396396397 -2.453828828829
2002 10 20.8465189873417 -0.723983702477966 -3.8101583800505
2002 11 42.3189619087484 -16.856632089175 -19.7150617342427
2002 12 -100 -7.03450562229698 -41.896719655535
2003 1 -100 -2.91711530782401 -0.315065074177601
2003 2 -100 7.445112897611 11.0266040461149
2003 3 -100 5.600710038015 -4.7269588818671
2003 4 -100 15.323764367816 -7.348132183908
2003 5 -83.5706462212486 22.476075268817 2.20403225806399
2003 6 -100 -8.67256115531902 -2.90604185086901
2003 7 -43.3329607689727 -11.659450671686 -3.96851202190401
2003 8 -50.4247585419047 -9.31094017094001 -3.93022332506201
2003 9 -100 -3.99436936937001 6.21283783783801
2003 10 -100 -5.885274025059 -8.48757773488929
2003 11 -100 3.81003457749099 -3.3817284009094
2003 12 -100 -10.26031207391 -64.4773648168253
2004 2 -100 -12.376315673818 -34.9216718159541
2004 3 -100 0.439419715435001 3.3375572471652
2004 4 -100 -8.509568965517 -11.5147988505747
2004 5 -100 -3.00779569892502 -3.925
2004 7 -86.922990946686 -9.401386155557 -11.549157183195
2004 10 -100 1.534080813651 2.641454523175
2004 11 -100 -0.189965422508998 -24.8817284009094
2004 12 -100 -15.744183041652 -24.154784171664
2005 1 -100 14.502239530885 -10.6376457193389
2005 2 -100 -12.019172816675 2.8123183318292
2005 3 -100 -5.36703189746898 -19.2430879141251
2005 4 -100 20.65709770115 -3.5147988505747
2005 5 -100 5.70188172042997 -17.150806451613
2005 6 -100 34.327438844681 -10.572708517536
2005 7 -87.5457056635105 12.856678360572 5.547617010354
2005 8 6.11693841520403 -0.923843396746982 -0.704416873448999
2005 9 -79.4118465347912 7.67229729729699 -11.453828828829
2005 10 -100 10.888919523328 -12.681126121986
2005 11 -100 11.976701244158 -27.0483950675761
2005 12 -100 10.384849216412 -39.6386551394059
2006 1 -100 21.921594369595 -39.0247424935324
2006 2 -100 25.123684326182 -21.4733959538851
2006 3 -100 20.762000360596 -16.0172814625122
2006 4 -100 11.823764367816 -29.1814655172414
2006 5 -25.5202628696605 14.088978494624 -31.0217741935485
2006 6 -0.362781666752266 12.494105511347 -15.739375184203
2006 8 -67.5978813999377 24.560027570995 -4.252803970223
2006 9 -35.1473165845922 18.338963963964 -17.120495495495
2006 10 -53.2041139240506 18.953435652361 -2.3585454768247
2006 11 -83.2565927166178 19.476701244158 -47.3817284009094
2006 12 -65.3754598571738 16.836462119638 -70.2838164297285
2007 2 93.1783881678237 -40.769172816675 -37.5448245253137
2007 3 -100 19.471677779951 -27.95276533348
2007 4 -100 11.823764367816 -29.848132183908
2007 5 -100 8.60510752688199 -31.5056451612904
2007 6 -27.2648306167292 74.327438844681 31.427291482464
2007 7 -68.2415494419517 60.921194489604 45.063746042612
2007 8 -12.5142797798318 80.043898538737 54.779454094293
2007 9 -56.3531146537573 95.797297297297 77.171171171171
2007 10 -79.4303797468355 123.640412952241 104.947308764513
2007 11 -7.91125994139808 123.476701244158 134.284938265758
2007 12 -100 152.642913732541 146.167796473497
2008 2 -100 130.727132602044 144.388673011632
2008 3 -100 127.858774554144 112.208524989101
2008 4 -100 127.15709770115 108.651867816092
2008 5 -83.5706462212486 124.110483870968 79.849193548387
2008 6 -59.0491032650352 164.994105511347 61.760624815797
2008 7 -65.7506905746538 148.317190040216 62.093779413023
2008 8 -8.86904143732479 90.681317893576 89.154937965261
2008 11 -100 148.012415529872 124.082557313377
2008 12 -100 162.513881474477 110.630162064895
2009 1 -100 171.246325552391 113.641924173135
2009 2 -100 166.697758400256 136.304381823893
2009 3 -100 155.397150527448 129.46658950523
2009 4 -100 148.723764367816 113.318534482758
2009 5 -67.1412924424973 136.28252688172 88.65564516129
2009 6 -78.0798119666855 134.660772178014 81.193958149131
2009 7 -73.2232671765475 123.276033199281 50.386326687773
2009 8 -91.2514279779832 49.076156603253 -10.220545905707
2009 9 -64.897198341819 32.338963963964 1.546171171171
2009 10 -75.5735759493671 28.469564684619 -15.423061605857
2009 11 -100 4.64336791082498 -29.5483950675761
2009 12 -100 21.513881474477 -28.8322035265027
