"anio" "mes" "ppAcc" "mTmax" "mTmin"
1970 1 58.5819494943922 -8.60614538751526 -20.2662466268215
1970 2 59.0328548636758 -15.703541267845 -6.62969157785274
1970 4 -5.61505027591095 1.97420194093531 -19.6099178361344
1970 5 58.5613097698066 -7.34303125375132 -17.6701599999624
1970 6 36.5443995409943 -8.79559309337346 -15.0318798110138
1970 7 -11.2970636687359 -8.86694648690987 -23.2413090582375
1970 8 33.2726674102954 -8.56957485889237 -18.493130016423
1970 9 13.0403651982529 -19.1873468093933 -14.3066735424018
1970 10 -3.65440479455674 1.1309172646091 -16.1298213245557
1970 11 3.13575826180535 -6.71790870640069 -23.2354387290544
1970 12 -7.68442055513652 12.2021359487896 -19.0015169897446
1971 1 -1.59129128052964 3.4157541356673 -9.43292797901415
1971 2 -2.21994623993891 -5.29879232967622 -20.9050156507552
1971 3 -3.46405696432291 -7.5558840608598 -10.3084119473898
1971 4 -5.61505027591095 -8.04133378239698 -23.3477531067296
1971 5 -0.297501905001889 -12.3055202331778 -6.4808729747752
1971 6 21.157782680392 -23.02835192846 -13.6661477638764
1971 7 -3.77973896379348 -13.6142751870416 -14.6987093002982
1971 8 12.6664524991057 -31.2458212874822 -12.6957423011939
1971 9 18.2547789141934 -23.6561431892496 0.60181083923047
1971 10 0.351385076399686 -18.9005056776212 2.03472097786833
1971 11 -7.1716672591512 -8.21932764868197 -6.29849486760378
1971 12 -4.20902323287009 -5.1533414049894 2.05039207895729
1972 1 -2.75611357852321 -3.01701666182509 1.85942959454775
1972 2 -2.21994623993891 -7.6318888383645 -11.5773891258474
1972 3 -3.46405696432291 -17.6760764805644 -5.89973546074015
1972 4 -5.61505027591095 3.22614390635161 -7.21124474342838
1972 5 8.93281806931759 -5.40645018860967 -9.89455376212033
1972 6 -8.02822497513064 -16.2004743791953 -12.7001421695595
1972 7 -5.25510175635228 -7.68011431187693 -12.0625164062468
1972 8 -15.1499676295748 -5.96368576654649 -23.6463635410716
1972 9 2.9926577057432 1.84228321346067 -14.7584457963903
1972 10 16.7259296366251 -3.38836717967461 -3.84204270821006
1972 11 8.35010293711278 -1.71317889879786 10.2171319823679
1972 12 -7.68442055513652 -0.341825700637656 -7.76698072671945
1973 1 -0.814743081867262 -4.7043008054295 -7.04592556509049
1973 2 -2.21994623993891 -0.222426930776877 -1.84421362159566
1973 3 -3.46405696432291 -0.849732457441671 -4.81836198288269
1973 4 3.39208844066099 -9.81491823340397 -13.9575815732832
1973 5 -1.0425501540501 -8.91650336917956 -6.19639957582973
1973 6 -4.85377284376697 -6.39141085771705 -14.698774433663
1973 7 12.2103834927009 -12.512216738797 -13.8978405729914
1973 8 11.6289184149859 -22.601285356141 -9.63600989593324
1973 9 -5.34001005959677 -10.6440596126091 -11.114149614214
1973 10 -6.5006239133942 -21.221219311172 -9.62976452025693
1973 11 -7.1716672591512 -5.34160800930988 -8.82639693647702
1973 12 -7.68442055513652 -9.81905360314925 -17.422082907509
1974 1 -2.1089900796379 9.95398019213521 0.849543957887741
1974 2 -0.454317619775489 -0.0424139733692937 -5.41304463982127
1974 3 -3.46405696432291 0.369567834089388 -2.48924987672821
1974 4 -5.61505027591095 -6.47640632562612 -2.83524247541448
1974 5 -1.61168423318415 -5.76955913832382 -9.89455376212033
1974 6 -11.392196636725 -5.29235612141674 -8.20321957532575
1974 7 14.388299996002 -13.1904065531014 -9.55980163341261
1974 8 3.95904619820149 -11.0752374476869 -2.71135234718788
1974 9 -3.26117402666372 -14.1928096789656 -5.87359146794352
1974 12 8.88433412078486 -7.34039399787697 2.37493332873169
1975 1 1.54263537835782 -7.97341383366346 0.665928387585917
1975 2 -2.21994623993891 -1.30250467522338 -7.92744831175299
1975 3 -3.46405696432291 8.66080981649706 -5.40064000942136
1975 4 -5.61505027591095 9.6945107276705 -0.738408055324492
1975 5 -2.1808183123182 -1.7753606914689 -5.34297937899328
1975 6 4.30238946050212 -3.41022488550289 -7.870114197975
1975 7 -0.899268749750124 -8.10398294581717 -10.2271922395021
1975 8 16.0679882938783 -9.07070737665158 -1.7451210613162
1975 9 -9.23782762134624 -8.27822623503731 -20.029122092927
1975 10 -13.8797105177876 8.5816294565359 -15.1503607102093
1975 11 -7.1716672591512 10.2981726394488 -13.5451474650404
1975 12 3.63082654061466 1.55361987986521 -9.87649885025331
1976 1 -2.75611357852321 1.93938051001327 -7.22954113539232
1976 2 -2.21994623993891 2.43597870808441 -10.8734719688434
1976 3 -3.46405696432291 6.83185937920164 0.921235707283775
1976 4 -2.37248033794505 -6.1634208342722 -6.39074431817574
1976 5 -1.61168423318415 -8.55339441946539 -10.2738516273809
1976 6 -11.7238558146286 5.34099845228701 -11.7008260375072
1976 7 29.0716725505157 -14.2924650013461 3.78801048836812
1976 8 -6.06169438639873 -7.94315921169395 -9.79704844357885
1976 9 8.17242415446806 -4.59804098103833 -2.71118569002115
1976 10 13.8797105177876 -12.4269360682421 3.01418159221495
1976 11 31.0264390832172 -29.8147367684878 2.88621598263556
1976 12 7.83363260475082 -21.920744617125 17.8717780054611
1977 1 -2.38632872201732 -1.32973251822068 -0.894803959979564
1977 2 -2.21994623993891 -3.91269255763634 -6.14303280264016
1977 3 -3.46405696432291 5.97834917512981 -0.991963522771749
1977 4 -2.01219478928217 -17.0135845345491 -5.75257732075706
1977 5 -3.88822054972034 1.0084745896727 -2.78271878848454
1977 6 0.950262769547202 -5.14123609517555 -6.87079806592272
1977 7 -3.52681962792626 0.119068552625157 -9.0926282091501
1977 8 6.34931459452814 2.83118992012252 -3.19446799012371
1977 9 -2.30837417823608 7.23112590681666 -5.1206377112948
1977 10 -3.26788121051708 9.68091486190234 1.4114278596479
1977 11 -0.50215662794402 3.16643266361452 -3.60206599413903
1977 12 3.63082654061466 12.6346863504941 -6.63108635250894
1978 1 -2.75611357852321 4.04848568951913 -6.03603992843049
1978 2 -1.13154503572858 -10.6631784604277 -7.11635035306532
1978 3 -3.46405696432291 -2.62991088307607 -5.56700515986092
1978 4 -5.61505027591095 3.53912939770614 -1.83240862232793
1978 5 -0.835592307092263 4.88163671995673 -7.80841550318725
1978 6 0.417239090773452 -1.96771554410882 -1.87421740566336
1978 7 0.61824726545321 5.29026588669767 -4.05382913317851
1978 8 -3.04102553389801 -2.68126777522571 -0.456812680154294
1978 9 5.66049728134062 -1.31216128996758 5.11953337911846
1978 10 7.55477914259325 -9.61765114341698 -1.34887023532831
1978 11 4.04523698424269 7.04509826450673 -1.66400774133623
1978 12 -7.68442055513652 11.1766512885687 6.75624020068662
1979 1 -2.75611357852321 3.83757517156874 -2.36372852239411
1979 2 -0.708277900757899 -3.82268607893254 3.59014270161154
1979 3 -3.46405696432291 1.8327281839256 -0.160137770573683
1979 4 -5.61505027591095 3.53912939770614 -6.02607746250796
1979 5 -4.66431247581223 1.49261985595847 -15.4891972747141
1979 6 -3.6692757798253 -0.236704334436154 -5.03871849049407
1979 7 -11.2408593718765 11.9873903029551 4.62224874597915
1979 8 -2.6207585631153 -3.55824968130335 0.0263029627815561
1979 9 -4.90691921940239 -1.70646685289582 -8.28304348921718
1979 10 -13.8797105177876 24.7044820685747 -21.5613756404767
1979 11 -2.62427364696449 0.538949514623335 -12.6182500397869
1979 12 21.8160450873576 -9.67325009695645 6.26942832602495
1980 3 -3.46405696432291 10.2459001954874 1.08760085772339
1980 4 1.44654647788145 -5.63482311554066 -0.559113517954434
1980 5 -1.20811643161637 4.27645513710007 3.28604705568531
1980 6 -9.29563683354822 10.0596067868025 -4.98320092760308
1980 7 -8.23392948989956 12.4112589368953 -1.21741905730017
1980 8 -0.979090708495343 13.8394008935589 5.54455719542563
1980 9 -0.835865321575165 12.9441753963592 5.80221145181245
1980 10 -7.7304716807931 2.1080598471568 3.63747471043509
1980 11 10.5934837857916 -8.18596278329741 -0.355116225675224
1980 12 1.20613073438227 -2.47680561274213 5.16830622857597
1981 1 0.821554908171325 -14.279638320386 -1.28039665761338
1981 2 -0.647811167190658 -0.0809881785280579 14.3893326658527
1981 3 1.30049920162293 -13.3446573496982 7.09655164860159
1981 4 13.1197982545587 -4.62631431006663 16.2733007615796
1981 5 -2.38777615927603 -3.83297807318218 7.55314803986694
1981 6 -5.56447108213197 4.11005714763094 15.6249184178247
1981 7 -10.0605691378295 -1.57640598313626 5.62333465511281
1981 8 -6.9153616708011 3.58288869676096 1.79772698687929
1981 9 -3.24385039305595 9.8948790430454 1.43507966325368
1981 10 15.0041427622666 -2.8997958884004 5.50735406509664
1981 11 -7.1716672591512 0.789186005003557 -6.21423146530802
1981 12 4.43905847602546 2.55966407259295 1.28772014198735
1982 1 -2.75611357852321 15.9649299537268 18.5684464920133
1982 2 -1.25247850286306 0.559937076418125 0.214727350457581
1982 3 -3.46405696432291 6.83185937920164 2.75125236211947
1982 4 1.23037514868373 4.34941405865621 4.11166112505762
1982 5 0.923549392049342 -9.15857600232208 11.346126692473
1982 6 -11.7238558146286 15.8232329997496 -0.475174820790574
1982 7 3.28795136627389 0.203842279413428 7.12496351881226
1982 8 -14.8610340871617 6.84025006219311 -4.32173782364001
1982 9 -9.411063957424 6.46442064556738 -3.51433636377903
1982 10 1.2298477673989 -8.51836573805056 -1.70503773145428
1982 11 23.1442901554269 -5.19146611508189 -5.28733404005452
1982 12 33.1312921831088 -15.505390344656 -1.68183229344875
1983 1 -0.583627546551077 -20.9873739412807 4.87548535117204
1983 2 -2.21994623993891 -10.438162263668 -12.6723713700757
1983 3 -3.07981856384341 -18.0244479924299 -9.44984893887107
1983 4 -5.61505027591095 -4.525463429519 -13.0732644482887
1983 5 0.0439785424785398 -1.04914279204058 2.33780239253352
1983 6 -3.84695033941655 6.1552148360963 1.93983916500166
1983 7 5.21294853370774 -4.88258132787083 13.4651742766584
1983 8 8.88404976206135 -6.43976165841708 11.1379627503049
1983 9 3.39110127872204 -4.2081165910309 8.71363264418555
1983 10 -1.26498627503887 1.4973457330646 -1.52695398339129
1983 11 10.1084284671583 -3.83184785068299 2.82161404087546
1983 12 -7.68442055513652 7.69896765938496 -3.76130030126272
1984 1 -1.02736937435815 -10.7625236141478 2.52741037616297
1984 2 -1.25247850286306 -12.1839775833551 -1.08066278462419
1984 3 -3.46405696432291 -3.28833304050301 1.9194266099214
1984 4 -5.61505027591095 -3.92035814623433 -6.19929421895015
1984 5 0.199196927696917 -17.3890455291752 -0.696580529550823
1984 6 3.52062139830062 -5.55796101602235 2.10084009738813
1984 7 10.4961524384897 -14.1229175477701 1.28529571553398
1984 8 -10.8159644933781 -9.1959905060908 -8.99185570535279
1984 9 -8.16376233766417 -10.8149253565444 -5.26118907920253
1984 10 9.20628900167178 5.77234453171083 -3.12970771595812
1984 11 -6.7472438553471 -1.65479038437577 -11.8402179585892
1984 12 -6.63371903910248 -1.21664673779267 -6.5499510400653
1985 1 -2.57122115027026 -11.543269637494 -6.71949788455396
1985 2 -2.17157285308512 -2.33757918031823 -4.67057804686873
1985 3 -2.5418848031721 0.735357921548623 2.50170463646002
1985 4 10.9580849625814 -12.8960865149566 -1.96915869320337
1985 5 -2.87412709962695 1.0084745896727 1.01025986412147
1985 6 10.7578984589842 -16.1555963107963 -4.98320092760308
1985 7 -1.46131171834395 -12.6817641923729 -7.89132511819052
1985 8 -7.28309527023597 -8.06844234113314 -7.38147022889965
1985 9 -1.82331243721836 0.492881953660693 -15.0144500736508
1985 10 2.24886448895799 -0.945510723305021 0.966218489490411
1985 11 -5.77713321808061 3.30406273332373 -7.52312298096903
1985 12 2.49930183103955 -8.58944403425877 -1.31131436662296
1986 1 -2.75611357852321 -3.11435997780239 -13.5183744182296
1986 2 -1.73621237140099 -0.762465803000129 -10.1985225960784
1986 3 -3.46405696432291 -9.384834498156 -18.7959029844725
1986 4 -5.61505027591095 1.7272911644223 3.05412724362092
1986 5 -3.76404584154564 -2.98572385718222 0.34648859991574
1986 6 6.9201279718132 -14.6682089010039 4.51585408318037
1986 7 -10.833378219646 -7.34101940472497 -6.55654390601163
1986 8 -4.77462678837668 5.71270189723545 -14.1450892300014
1986 9 10.2859074546167 -3.19168447325991 -1.47634152911855
1986 10 1.58123284379859 -2.77765306558241 9.2471127744192
1986 11 8.28947102228362 9.95618276926266 17.8907191514364
1986 12 -7.68442055513652 9.64085435667435 14.5344121536139
1987 1 -1.0181247529455 -6.65170792117321 -4.22130604194753
1987 2 -0.151983951939285 -14.4434505659905 -4.52083688526488
1987 3 -2.5418848031721 -18.0418665680237 -9.89249907129076
1987 4 7.06700103702235 -13.7028935593365 -7.60933939419909
1987 5 -1.32194324744318 -16.0576460468902 -11.1272718242173
1987 6 -7.13985217717438 -2.67614790954908 -3.2121906713548
1987 7 -7.02553710742284 1.12093986921129 7.10221156633232
1987 8 -5.28682715901811 11.9768583692221 1.9587655345249
1987 9 -0.125596343656373 27.6824411040423 -4.38776272149078
1987 10 -13.8797105177876 8.94805792499137 -17.2873656869651
1987 11 -6.26218853671385 9.23049694716027 9.90816617395005
1987 12 -7.44195097451328 19.1958441291559 19.7378901916641
1988 1 -2.24765940082761 8.18383834505026 12.299286305994
1988 2 -2.21994623993891 10.8607846365185 16.5900851567156
1988 3 15.6710153795564 -9.57992254480089 14.2304477424524
1988 4 -2.37248033794505 -2.205893176928 13.8057217048938
1988 5 -3.83648108798088 13.3541788799524 10.208233096691
1988 6 -4.60502846033922 7.27075539344093 8.86287925760639
1988 7 6.78666884577046 1.98409054196257 11.7966977614363
1988 8 10.1054506458986 2.58062366124253 12.4262711314668
1988 9 -11.5765181583959 13.4523914552443 2.01736390172847
1988 10 -11.9822311052293 12.1237713182719 2.83609784415157
1988 11 -7.05040342949289 22.0509464709689 11.7001678627735
1988 12 -7.44195097451328 17.7378090672305 13.733877070837
1989 1 -2.75611357852321 17.7576693563068 6.81704999269684
1989 2 -2.06273273266409 6.16803305719883 -0.549353666119325
1989 3 -3.46405696432291 1.95465821307893 -12.7207066287641
1989 4 -2.58865166714278 2.53409820880223 -2.93856475118699
1989 5 -4.66431247581223 13.8383241462382 -5.72227724425412
1989 6 -10.6222735451629 16.4739649915341 -3.2121906713548
1989 7 -6.3370344708954 13.343769931564 -4.88806739078956
1989 8 5.29864716757137 0.32552733132802 4.85745939213995
1989 9 -3.86750120293586 -2.17525235548889 -12.5397420601344
1989 10 -8.3981033259525 19.5744835101987 -14.6161094660204
1989 11 -4.32196726218086 17.6968315383545 1.02961235205203
1989 12 15.9159519588588 -12.5893202208062 -1.76296760589239
1990 1 -2.2846378864782 4.15394094849465 -4.1998842254123
1990 2 -0.00686379137790794 -6.24321745264735 2.18810194445147
1990 3 -0.390149760486882 0.613427892395294 1.00441828250356
1990 4 -4.31802230072459 3.24005437263394 -1.61664739939112
1990 5 -1.24950800100793 6.91504683835584 9.63928629880007
1990 6 -0.092094646721465 2.25082288539007 -0.153172956018603
1990 7 8.38849130626287 -6.32373468326803 5.12279170054599
1990 8 15.0041875240845 -0.802020833629635 3.24707391568681
1990 9 -6.53534077853328 1.89047611559667 -0.020630932932004
1990 10 13.3174943955481 -2.77765306558241 9.2471127744192
1990 11 -7.1716672591512 4.51353910349464 -1.3325716923062
1990 12 -7.68442055513652 5.19870753467724 -4.44043291653145
1991 1 -2.45104107190585 2.06592682078378 -1.47013274692524
1991 2 -1.90551922538926 -0.514947986564579 4.76913152013253
1991 3 -3.46405696432291 11.4652004870177 -6.23246576161938
1991 4 -5.61505027591095 4.24856317810858 -5.05363251406038
1991 5 -4.66431247581223 8.14961726738333 -7.90323996950202
1991 6 -4.8774627850458 6.52706168854413 -3.0511897389693
1991 7 18.2944986277291 -10.9015159298238 9.12713533707958
1991 8 -11.3150315211826 8.21836448602998 -9.1528942529984
1991 9 4.67305016569742 -10.8149253565444 -1.03962835026268
1991 10 -13.458048426108 -4.48765258504106 -3.04066584192665
1991 11 -5.89839704773892 -8.04082561887694 16.8969727603615
1991 12 19.2297028940431 -13.0267307393837 11.462088322416
1992 1 9.44678668617133 -20.5757078562442 30.3633666820679
1992 2 -1.07107830216134 -13.524763748875 -0.552050666720838
1992 3 -2.3113417628844 -5.75131962939486 23.7465343475982
1992 4 5.26557329370796 -12.3188021642372 13.7753328002553
1992 5 0.344067420567402 -19.3837240262713 13.2843387839543
1992 6 -7.30568176612622 7.91828180891114 12.5159348958849
1992 7 -3.77973896379348 5.9515009556446 14.5329992464007
1992 8 -9.10862992457336 5.33685250891702 14.1010720269777
1992 9 -5.322686425989 -0.218620528778952 15.7592719297264
1992 10 19.8532568165823 -13.0376501823343 -0.458451495013427
1992 11 13.7463433569077 -14.8622723466395 9.84300247617467
1992 12 0.640368379594709 -0.95420042664634 14.2206889454987
1993 1 -1.57280203770435 -0.507181498213433 25.196968579909
1993 2 -2.21994623993891 1.411833561118 17.1737160868904
1993 3 -3.46405696432291 -10.3115027197194 16.5761963636509
1993 4 -3.02099432553823 -8.15609512922694 17.7714737602814
1993 5 -4.38491938241915 -12.5475928663203 -13.3082345494656
1993 6 6.1383599096117 0.670473762484807 0.00782797636786294
1993 7 -3.77973896379348 -0.813442442043532 -2.05165731491121
1993 8 -13.0486327756613 1.42801887039704 16.2267808558946
1993 9 7.09835887078598 -6.9270725060693 14.5655892408543
1993 10 -2.38941851951787 -2.92422445296475 13.0402966081604
1993 11 8.5926305964294 -1.02586267188752 11.0485308850196
1993 12 -7.68442055513652 2.10767320339624 0.83336239230314
1994 1 -2.43255182908055 -1.89919091668691 2.68569966090593
1994 2 -2.21994623993891 4.13710115558783 6.33339186903009
1994 3 -3.46405696432291 2.56430835884407 15.7277340964089
1994 4 31.7825896752958 -5.65499329165056 20.2919295110391
1994 5 -2.46021140571127 0.427500270130205 25.9301296117425
1994 6 9.49048660056662 -7.69608041759993 14.0149090939629
1994 7 -13.3766226525331 6.71446449673678 9.99474312499597
1994 8 -6.33749458597488 -0.802020833629635 10.9769242026592
1994 9 3.9108102869553 -2.17525235548889 8.33514788917653
1994 10 8.08185675719278 -4.7075096661142 15.4978523314297
1994 11 -7.1716672591512 3.98136950061907 14.2252611515702
1994 12 -7.68442055513652 5.98604646811623 13.0523404463107
1995 1 -2.54348728603232 1.77283392859725 6.55112399432871
1995 2 -2.21994623993891 3.71916447892446 13.2702848777952
1995 3 -3.46405696432291 4.53957483112414 12.1508833619573
1995 4 -5.25476472724807 0.113677075663599 17.4718391605414
1995 5 2.84825736875722 5.09950208978508 21.4544148016672
1995 6 -5.8724403187568 3.92413372140702 18.6517359466839
1995 7 4.25747548709824 -1.23731107598377 14.7999554888363
1995 8 3.82771276983189 -5.18693036402021 19.8662520326779
1995 9 4.70769743291297 -2.50559279376431 12.4402517704218
1995 10 -13.8797105177876 -0.285939480085606 3.26349883950267
1995 11 -6.7472438553471 -2.356286679075 14.2089702271264
1995 12 12.5213778301335 -11.8894633910824 7.74609101249867
1996 1 -2.70064585004733 1.05355633462112 -4.7874540503781
1996 2 -2.21994623993891 4.60936913978197 6.13866842559839
1996 3 -3.46405696432291 -7.11693595590901 8.14148323636276
1996 4 -1.21956658222384 -6.60299156879611 2.49010917352134
1996 5 -3.20525965475948 3.33237186784266 16.3338936206498
1996 6 -2.27156924437413 -1.30031455549052 14.9487145018028
1996 7 -2.95072558511759 6.83314771424014 10.1949603068219
1996 8 -1.78022462154988 2.20477427292332 9.55978498338065
1996 9 -4.36988657756135 -0.879301405330514 11.1301122338542
1996 10 3.40843524107696 -12.6467931493152 5.115569819358
1996 11 -6.01966087739723 -12.5158881885087 7.855509694025
1996 12 -7.68442055513652 -2.50739146103348 10.1041394088861
1997 1 -2.70989047145998 -0.222452298979994 1.42334261508091
1997 2 -0.974331528453757 -0.914191009958453 10.337898362208
1997 3 15.5941676994605 -12.2623831861681 17.6575698415083
1997 4 42.0867563670541 -27.2975922571315 6.91412591086486
1997 5 -0.35958925908924 -17.3890455291752 3.89292364010219
1997 6 -3.69296572110413 2.92014721979685 14.3691111452127
1997 7 -5.52207216643435 5.78195350206807 14.9334336100546
1997 8 -7.20429521321422 13.3299161671711 7.2086221877603
1997 9 -15.2837757504599 9.58994940771403 2.94901868328796
1997 10 -1.26498627503887 -6.95493760597425 0.200458372819612
1997 11 0.589217838980791 -4.84780800162635 14.5999524137787
1997 12 -7.68442055513652 -7.7758604697047 -0.707667642042501
1998 1 -2.75611357852321 -4.32466187311867 -3.0981908036014
1998 2 -1.49434543713203 -3.37908271960597 -11.170681435134
1998 3 -3.46405696432291 7.29519348998294 7.04347324346136
1998 4 -5.61505027591095 12.639356439656 15.5330270445739
1998 5 -4.66431247581223 24.3926909512612 4.32911618515189
1998 6 -0.0565597348032153 15.2840550636995 28.601593568148
1998 7 -5.88740009602033 3.44219864271729 17.7364741556276
1998 8 -0.952824022821422 0.926886352638606 13.2636715792218
1998 9 0.376789030969115 -3.59825732036815 22.5137690960313
1998 10 6.25465435991441 -10.4237937740187 17.617048933379
1998 11 -7.1716672591512 8.62575876207446 7.13870901849564
1998 12 -7.68442055513652 4.61549350990693 7.95704282485202
1999 1 -2.75611357852321 9.17624765719262 -12.6882790274902
1999 2 -2.21994623993891 8.5982079822037 0.70205461299877
1999 3 0.224631680280323 7.92922964157934 -3.90335365546485
1999 4 -3.74156542286399 10.2996160109552 -3.29107604499924
1999 5 -3.84682898032878 9.2389441165258 -12.265165419999
1999 6 4.56297881456929 1.87897603294168 3.22784662409053
1999 7 -0.829013378675895 -1.91550089028822 -10.3940398910236
1999 8 -7.05982844200766 10.0976114276261 -8.18666296712672
1999 9 -12.3734053043536 9.64077101360208 -12.8308841793714
1999 10 -12.5444472274688 5.5280588860741 -19.1572450416265
1999 11 -7.1716672591512 3.66690564437493 -14.5282204918244
1999 12 -7.03783500680788 4.51829117244565 -14.5673219141227
2000 1 -2.75611357852321 20.3940508306889 -12.2789693186923
2000 2 -2.21994623993891 16.4753267046332 -3.4971753236108
2000 3 -3.46405696432291 17.3178418863647 -6.89792636337782
2000 4 -5.61505027591095 17.056625007634 -3.11482039809315
2000 5 9.32603797853748 6.81821778509838 1.67403112832779
2000 6 0.902882886989534 -11.0427020896338 2.4228419621601
2000 7 -15.2735176715372 13.5980911119283 -14.3983835275583
2000 8 -7.69022889818172 9.22062952154838 -13.9840506823558
2000 9 -7.67870059664646 15.993471749673 -8.60932345043151
2000 10 -8.3981033259525 12.2459141410907 1.67855348174235
2000 11 -5.35270981427651 10.4399733173305 3.79906950750644
2000 12 2.90341779874495 -0.225182895683228 -5.08951541608034
2001 1 -2.75611357852321 6.05213561004944 1.76762180939681
2001 2 -1.28875854300341 8.16424817416718 6.41160488647501
2001 3 1.60788992200654 -0.118152282523175 -6.31564833683915
2001 4 9.30077143873219 15.9472653216118 5.16919500649431
2001 5 -2.25325355875344 -0.928106475468949 4.51876511778201
2001 6 -1.45426627025438 -3.14095647510916 -2.56818694181084
2001 7 -5.85929794759064 4.10343371166474 -7.05708686057847
2001 8 5.8108475382128 3.83345495564018 1.79772698687929
2001 9 -6.84716618347324 8.75139291055274 -0.748486231025712
2001 10 -3.19760419523715 10.4137717988133 -6.5132989291548
2001 11 -7.1716672591512 -0.203418740170971 -8.01185071428452
2001 12 0.317075605430389 -1.50825375017738 0.508821142528694
2002 1 0.655151722743672 2.04483576898879 -6.40327106903413
2002 2 0.0173229020489882 -8.15264060800862 5.23840962480177
2002 3 -3.23351392403521 8.29501972903858 1.66987888426201
2002 4 0.87008960002085 6.6689843112472 8.6943079446168
2002 5 -2.92586656136641 8.02858095081247 7.83762143881243
2002 6 -0.151319499918548 -0.0732199424114332 -0.475174820790574
2002 7 10.9176846649351 -6.32373468326803 -0.716876102733345
2002 8 7.66264887822411 -2.80655090466493 -4.64381491893023
2002 9 -1.90993060525724 -1.66703629660299 7.69463522685487
2002 10 10.2253057232309 -2.8997958884004 8.97998715232469
2002 11 25.9939901523972 -20.4016741220217 2.65870479643697
2002 12 -6.63371903910248 -8.06941152883919 -5.57632729074201
2003 1 -2.47877493614379 -9.23887694136707 4.15462422332047
2003 2 -2.02645269252374 2.86993851612093 4.61270548524275
2003 3 -3.46405696432291 1.46693809646637 -5.73337031030054
2003 4 -5.39887894671322 6.36643166960487 3.67102200779235
2003 5 -3.10178073128057 18.5587404925214 3.66534492094557
2003 6 9.94059548486446 -1.9324542046523 5.96486247465571
2003 7 11.5499830046031 -2.67846443138095 0.284209806400316
2003 8 -2.52882516325658 -2.05485212802728 -0.939928323090126
2003 9 16.0720010796136 -4.97044067935936 13.6921628831426
2003 10 5.9384077911547 -5.70908081322547 4.17172595462411
2003 11 -7.05040342949289 4.63448674051123 4.28779724082192
2003 12 -7.68442055513652 -1.65405725637018 -16.6918650955165
2004 1 0.553460887204551 -15.1443714439832 5.43993321543319
2004 2 -1.9901726523834 -5.80925764461085 -3.28680927669012
2004 3 15.209929298981 -1.82517269066605 15.6533075817385
2004 4 -5.4709360564458 -6.94588456265762 -5.58239945477873
2004 5 0.385458989958969 -8.55339441946539 5.84630764619406
2004 6 17.8648808426342 -18.4796391385978 2.26184102977364
2004 7 -7.34871181436429 0.0342948258374269 -11.0614304971131
2004 8 -4.30182644624613 6.71496693275389 -1.10096687073474
2004 9 20.6627639856741 -3.44579250270247 2.74521919982131
2004 10 -7.30880958911347 2.71877396124901 10.7608246329546
2004 11 -5.89839704773892 6.56964893278453 -3.45039187000664
2004 12 8.39939495953838 -9.67325009695645 -0.545937919238233
2005 1 -2.73762433569792 6.79032242287677 1.4921984539441
2005 3 52.327358785301 -9.26290446900267 -5.06790970854213
2005 4 -5.61505027591095 12.7200371440938 -1.17600828212585
2005 5 -4.52978987528963 8.99687148338328 -11.8858675547385
2005 6 -10.8828628992301 22.4235146307051 -15.287260600316
2005 7 -8.17772519304018 10.9701055814981 3.45431518532287
2005 8 5.66638076700624 1.45307549628565 3.56915101097703
2005 9 -12.0096089985903 13.1982834258018 -5.84347331767733
2005 10 -6.88714749743385 14.9696990899424 -3.4146417128589
2005 11 -2.3211140728187 15.2778787980134 -5.48675742548786
2006 1 -1.71147135889406 16.0703852127023 -11.3608914671832
2006 3 -2.2344940827885 19.0248622945076 3.33353038865809
2006 4 1.23037514868373 20.0821514240573 2.70161594980867
2006 5 1.79277234927225 4.15541882052841 1.67403112832779
2006 6 -11.0131575762636 8.66518109012172 -9.00822423725617
2006 7 4.15911796759432 3.59479135093625 -1.05057140577755
2006 8 2.10724485819017 -1.80428586914727 5.98472922565623
2006 9 -2.4989341479216 0.492881953660693 1.87179284210954
2006 10 14.0905415636274 -0.0905109635760599 5.77447968719116
2006 11 3.13575826180535 0.643214718948013 -4.42784733663762
2006 12 -1.78432742663769 2.13683390463465 -9.14628103826083
2007 1 -0.833232324692556 -2.48974036694878 5.53174100058412
2007 2 -1.49434543713203 38.8018106215499 29.8755101199389
2007 3 -2.4650371230762 12.0748506327836 -2.15651957584899
2007 4 -4.17390808125944 4.04686141701387 -4.34860992643594
2007 5 -3.87787265737245 8.51272621709751 -5.15333044636315
2007 6 11.8121008458923 -0.816913647307654 -1.92418321226592
2007 7 8.54305312262617 33.0282292917536 9.7277868825604
2007 8 -3.75022604709383 5.96326815611547 -6.09316184773775
2007 9 -3.0706140569782 6.84558268973161 -7.44475497348192
2007 10 -5.51674569947507 5.65020170889284 -4.37629395239902
2007 11 -0.98721194657727 2.82027218525523 -6.54566751433805
2007 12 -5.25972474890412 19.9248616601181 -2.65545604277209
2008 2 -1.92970591881616 8.93340452358378 -6.66884803103078
2008 3 -3.46405696432291 -9.384834498156 -16.8174484583394
2008 4 -5.61505027591095 10.5589468466483 2.18543869815509
2008 5 -4.3228320283318 3.79230987081427 0.915435397806703
2008 6 -4.22598939987788 4.66782742630326 -2.08518414465239
2008 7 15.8777138627756 -5.22167623502281 1.61899101857818
2008 8 12.1936521569752 -4.05938219906258 6.62888341623769
2008 9 -9.86147843122616 -10.3067092976585 7.257922047999
2008 10 -4.88425256195564 -5.09836669913326 -3.48587521208409
2008 11 -7.1716672591512 -2.6223714805128 -12.4104003141239
2008 12 -7.68442055513652 15.2591494619582 -14.5823469719826
2009 1 -2.47877493614379 12.6958169254929 2.22666073515134
2009 2 -2.21994623993891 9.63971152149144 -4.53821755580817
2009 3 -3.46405696432291 20.3813338688357 -13.594123668572
2009 4 -1.57985213088672 7.42536591535303 -9.68034324534592
2009 5 -1.32194324744318 3.06609197138597 2.81192472410972
2009 6 -0.921242591480632 11.6399559097072 -0.958177617949029
2009 7 -11.3251658171656 13.7676385655042 -2.21850496643383
2009 8 -7.63769552683388 27.5119664197476 11.1379627503049
2009 9 32.5641002742159 5.06682648363137 16.2833277443535
2009 10 15.2149738081064 7.09148701815039 22.3718850066608
2009 11 -5.47397364393483 -7.70217223522961 -5.81257591436482
2009 12 7.02540066934002 -2.23727128113959 -5.90086854051646
