"anio" "mes" "ppAcc" "mTmax" "mTmin"
1970 1 -100 -25.72466604869 9.0985635968104
1970 2 731.823329558324 -31.525599076655 22.8968547703075
1970 3 -100 -28.440770795609 14.571524377976
1970 4 -100 0.189189189188994 11.0945945945946
1970 5 -100 -8.98811544991499 16.68505942275
1970 6 110.088929776141 -24.294017094017 18.589743589744
1970 7 -55.2416906032006 -7.28959103708799 11.094629668601
1970 8 -12.600930614479 12.906534325889 10.576509511994
1970 9 131.6275721399 13.498084291187 14.484821691719
1970 10 -89.7124769190187 0.677575127304983 1.12378572436759
1970 11 -100 -5.91143159623201 -6.9782701485514
1970 12 -100 11.478605091706 0.266215277100197
1971 1 -100 -10.76359819552 17.4534023064878
1971 2 -100 -20.727878278934 -5.607418733966
1971 3 -100 -2.47302886012601 14.4102340553953
1971 4 -100 -14.644144144144 -5.40540540540539
1971 5 88.9824024483553 -11.246179966044 18.781833616299
1971 6 161.116222017785 -23.960683760683 13.589743589744
1971 7 -29.5527287648748 -16.967010391927 12.868823216988
1971 8 69.127206788012 -16.609594706369 14.77005789909
1971 9 2.94558761773349 -25.168582375479 31.151488358385
1971 10 -36.5602743339489 -28.032102292049 38.8657212082386
1972 1 -50.7042253521127 -31.570049808423 30.7114668226169
1972 2 -100 -41.059443265672 4.0079658814186
1972 3 278.194207836456 -43.118190150448 14.087653410234
1972 4 -18.3673469387755 6.35585585585599 41.0945945945943
1972 5 309.946442234125 -30.762308998302 36.201188455009
1972 6 -27.7445568843916 -46.62735042735 44.423076923077
1972 7 -40.4842018875666 -37.128300714508 35.93333934602
1972 8 -27.6122211577937 -34.835401157981 36.221670802316
1972 9 63.1921530985662 -11.501915708813 38.484821691719
1972 10 -31.4165127934583 -18.032102292049 36.4463663695286
1972 11 28.6889211417508 -28.009132745658 62.7343735296099
1972 12 -27.8937381404175 -58.360104585713 27.8791185029066
1973 1 -4.92957746478873 -7.328114324552 33.9318969301437
1973 3 -100 -25.010663268728 64.6145351306638
1973 5 -9.86993114001515 -38.504244482173 57.168930390492
1973 6 63.4467954615141 -33.960683760683 44.25641025641
1973 7 19.3352482560526 -9.06378458547501 43.51398450731
1973 8 111.492404543589 -17.738626964433 48.318444995865
1973 9 5.28526006359107 0.998084291186991 15.651488358385
1973 10 225.771564231073 -35.128876485598 43.3818502404966
1973 11 -100 -33.411431596232 30.8550631847819
1973 12 -100 -57.876233617971 8.975892696455
1974 1 -100 -26.086178840681 31.3566281129394
1974 2 -100 -41.730625531682 18.6508230242757
1974 3 341.226575809198 -27.150448214964 12.9586211521695
1974 4 42.8571428571428 -39.144144144144 21.4279279279283
1974 5 126.778882938026 -28.020373514431 26.846349745331
1974 6 -66.613002146581 -36.294017094017 -4.74358974358999
1974 7 -2.58842839556822 -29.386365230637 26.901081281504
1974 8 -11.9337621458872 -22.577336641852 28.963606286187
1974 9 -61.9803227548143 12.498084291187 -4.84851164161501
1974 10 -89.7124769190187 -1.74177971140399 26.1237857243676
1974 11 -100 3.255235070434 28.6883965181152
1974 12 32.1948134092346 0.478605091705973 22.228580868498
1975 1 54.9295774647887 -47.376501421326 12.001789403262
1975 2 -100 -27.80205410311 26.1508230242757
1975 3 -100 -25.860125634319 22.7973308295889
1975 4 -100 -10.644144144144 34.7612612612613
1975 5 -76.7406273909717 -5.762308998302 26.68505942275
1975 6 18.1002759889599 -17.960683760683 -9.576923076923
1975 7 -29.8563807960607 -25.837978133862 -22.453757428173
1975 8 59.1196797591356 -32.899917287014 39.931348221671
1975 9 -81.8675385446038 -6.50191570881301 24.651488358385
1975 10 -100 -12.677263582372 23.0592695953356
1975 11 -100 -50.244764929566 28.6883965181152
1975 12 2.15053763440856 -15.521394908294 19.8952475351647
1976 1 -85.9154929577465 -3.16144765788501 32.0985635968104
1976 2 -92.638731596829 -8.337768388825 26.68653730999
1976 3 -100 -6.18270627948 49.0876534102338
1976 4 -53.0612244897959 -50.310810810811 21.7612612612613
1976 5 -94.1851568477429 -5.923599320882 -7.9923599320882
1976 6 -70.7988347132783 10.039316239317 -5.74358974358999
1976 7 60.631924497333 -15.515397488701 -0.356983234625012
1976 8 -42.9570959354042 -10.964433416046 -6.681555004135
1976 9 43.6558881756554 -10.168582375479 -3.015178308281
1976 10 126.325507781588 -18.838553904953 -6.29556911434211
1976 11 722.689888727621 -40.970955405756 -2.2163653866467
1976 12 -49.5256166982922 -48.360104585713 21.717828180326
1977 1 -89.4366197183099 -31.219418672378 5.6203027272452
1977 2 -100 -25.309818078266 -9.9050775968423
1977 3 -100 -8.44077079560901 -1.0736369123466
1977 4 226.530612244898 -17.477477477477 7.09459459459461
1977 5 -91.2777352716144 -0.601018675721008 -8.79881154499149
1977 6 47.3014412756816 -16.460683760683 -7.24358974358999
1977 7 -28.6417726713171 14.323312188718 -4.38924129914101
1977 8 47.911249486794 -6.93217535153 -8.778329197684
1977 9 16.1647369368288 -11.335249042146 -17.181844974948
1977 10 -22.8435768926406 -10.935328098501 -14.6826658885357
1977 11 5.70875665215242 -20.940167228416 -6.2311437117698
1977 12 -9.86717267552186 -20.779459424423 1.3952475351647
1978 1 -100 -22.053920776165 2.6469506935846
1978 2 17.7802944507362 -43.562636113692 -7.8438859704333
1978 3 -100 -13.010663268728 -6.7187982026692
1978 4 -100 -2.81081081081101 -9.9054054054054
1978 5 10.4820198928847 5.52801358234401 28.297962648557
1978 6 -5.32045384851316 -14.460683760683 -13.24358974359
1978 7 -7.08247845711931 -4.547655553217 -10.034402589464
1978 8 -14.9360202545502 -21.93217535153 -16.520264681555
1978 9 112.09130721699 -25.501915708813 -17.181844974948
1978 10 56.0274333948824 -28.354682937211 -13.8762142756324
1978 11 -17.2714078374459 -11.578098262899 -3.4782701485514
1978 12 -57.9380139152435 -2.71494329539102 15.1049249545195
1979 1 -100 -20.441017550358 2.3243700484233
1979 2 -4.30351075877687 -27.980625531682 20.2579658814186
1979 3 -100 -15.376254666577 -4.46073368654019
1979 4 -100 -1.97747747747702 27.0945945945943
1979 5 -100 -2.85908319185001 4.426994906621
1979 6 -71.5961361545539 1.37264957265 6.75641025641001
1979 7 -41.6988100123102 18.839441220976 7.546242571827
1979 8 -17.2711098946213 -3.06120760959402 -1.036393713813
1979 9 35.1160837482752 -6.001915708813 -14.181844974948
1979 10 -100 9.064671901499 -8.06976266272921
1979 11 -100 -13.181546538761 -22.2656264703905
1979 12 470.841239721695 -19.021394908294 10.0619142018314
1980 1 266.197183098592 -40.9248885181 -9.4498234999638
1980 2 216.534541336353 -40.369788093258 1.2493451917634
1980 3 -100 7.68826146245502 25.3779759908792
1980 4 -18.3673469387755 -17.644144144144 -18.2387387387387
1980 5 -94.1851568477429 -0.278438030560011 -12.3471986417656
1980 6 -69.6028825513647 11.539316239317 -19.910256410256
1980 7 -41.0915059499384 13.516860575815 -18.260209041077
1980 8 25.4276720952515 -9.835401157981 -21.520264681555
1980 9 -35.6590077389166 -7.66858237547901 -22.8485116416147
1980 10 -15.9852281719864 -13.032102292049 -21.6181497595034
1980 11 166.569908079341 -23.781801966603 -7.533825704107
1980 12 80.2656546489563 -22.486912149673 5.1883509834406
1981 1 202.816901408451 -54.383669880108 -1.6421771439303
1981 2 312.231030577577 -22.80205410311 1.68653730999
1981 3 -36.9676320272574 -23.279480473029 -10.2671852994434
1981 4 2.0408163265306 -16.477477477477 -16.7387387387387
1981 5 -47.6664116296862 -7.37521222410802 -31.8633276740237
1981 6 -2.33057344372937 -5.12735042734999 -30.9102564102563
1981 7 -43.8243742306114 -9.225074908056 -24.06666065398
1981 8 -15.6031887231419 -6.770885028949 -27.1654259718773
1981 9 -53.2065510828484 -5.24904214559403 15.335396404362
1981 10 -57.1353204959114 -2.06436035656498 -12.7471820175679
1981 11 -86.211901306241 -14.720955405756 -11.3235082437895
1981 12 -51.9291587602783 -29.057109194008 -4.8547524648353
1982 1 -100 -16.570049808423 2.3243700484233
1982 2 -100 -8.61249366355 0.3541197275724
1982 3 -100 15.752777591487 -1.23492723492729
1982 4 114.285714285714 18.522522522523 48.4279279279283
1982 5 -38.9441469013006 -1.73005093378602 -18.3149405772495
1982 6 -96.0134927936216 39.305982905983 -0.91025641025599
1982 7 10.529339351662 -4.70894587579799 -19.873112266883
1982 8 -42.9570959354042 3.390405293631 -12.004135649297
1982 9 -58.470814086028 1.33141762452098 -34.181844974948
1982 10 145.185966763387 -5.77403777592 -16.9407304046647
1982 11 377.987421383646 -20.744764929566 5.8550631847819
1982 12 470.841239721695 -55.456878779262 -14.2499137551579
1983 1 16.1971830985916 -57.661447657885 7.4318969301437
1983 2 -100 -47.891339817396 2.1329658814186
1983 3 -100 -27.497842755907 -24.0264905103615
1983 4 -100 -6.14414414414401 -5.40540540540539
1983 5 103.519510328998 11.753820033956 -25.0891341256366
1983 6 -46.1821527138917 26.87264957265 -30.7435897435897
1983 7 29.9630693475586 -12.128300714508 -27.4537574281735
1983 8 -36.6189954837825 -2.09346567411103 -30.5525227460708
1983 9 95.9475673405723 -7.83524904214602 -27.8485116416147
1983 10 8.01899235030321 -5.61274745334 12.4141083050126
1983 11 180.3580067731 -13.041061225862 -14.570862741144
1983 12 -100 -0.779459424423017 10.1049249545195
1984 1 -15.4929577464789 -14.957146582617 11.5179184355201
1984 2 -19.0260475651189 -25.369788093258 -6.3368617047883
1984 3 -100 -0.537544989158008 -12.3639594929918
1984 4 -100 16.355855855856 -24.2387387387387
1984 5 71.5378729915841 -4.31069609507603 -39.2826825127334
1984 6 61.9518552591222 -7.794017094017 -34.4102564102563
1984 7 75.5108740254413 -20.031526520959 -2.13117678301201
1984 8 14.4193923634874 -13.222497932175 -28.7783291976837
1984 9 2.94558761773349 -21.168582375479 -1.01517830828101
1984 10 6.30440517013967 -6.25790874366199 5.15604378888369
1984 11 -100 0.755235070433997 -6.1449368152181
1984 12 -3.85831752055665 -24.166556198617 -12.1531395616095
1985 1 -33.0985915492958 -22.828114324552 5.5985635968104
1985 2 -100 -10.123482674539 3.1151087385615
1985 3 -100 5.59148726890701 5.53926631345981
1985 4 771.428571428571 -21.810810810811 -5.90540540540539
1985 5 254.123947972457 -0.923599320882005 -5.573005093379
1985 6 139.389757743022 -21.294017094017 -9.576923076923
1985 7 -35.3221173574066 -25.19281684354 -14.550531621722
1985 8 -11.4000273710138 -9.835401157981 -13.455748552522
1985 9 -29.8098266242726 -4.50191570881302 -19.181844974948
1985 10 6.30440517013967 4.548542869241 -3.2310529853099
1985 11 1.11272375423275 0.92190173710101 -20.3116034818848
1985 12 224.478178368121 -4.489136843778 8.8146023738744
1986 1 -100 -14.828114324552 -8.5681030698563
1986 2 61.9479048697622 -15.837768388825 -6.3491769757243
1986 3 -100 -18.010663268728 -26.7187982026692
1986 4 -100 6.18918918918897 1.0945945945946
1986 5 -100 2.30220713073098 7.007640067912
1986 6 177.062250843298 -22.294017094017 4.08974358974401
1986 7 -5.260566270004 -9.386365230637 -4.22795097656101
1986 8 -43.9578486382919 5.00330851943797 -9.907361455748
1986 9 -1.14883916251727 3.998084291187 -4.515178308281
1986 10 -42.389870746505 -16.741779711404 6.44636636952889
1986 11 51.6690856313491 6.255235070434 17.3550631847819
1986 12 -100 -13.521394908294 11.3952475351647
1987 1 15.4929577464789 -23.494780991219 -1.5681030698563
1987 2 157.644394110985 -20.837768388825 -9.2063198328671
1987 3 -100 -16.989157892384 -13.8155723962176
1987 4 2.0408163265306 -13.644144144144 -3.9054054054054
1987 5 94.7972456006124 -14.794567062818 -15.2504244482173
1987 6 -44.6872125114998 8.039316239317 2.42307692307701
1987 7 -17.7102995486253 18.355570253234 2.86882321698799
1987 8 -19.9397837689884 14.680727874277 4.931348221671
1987 9 -22.2058911752355 26.819923371647 -2.94046566460301
1987 10 -100 14.38725254666 -25.8116981466002
1987 11 10.3047895500721 5.92190173710101 -4.3116034818848
1987 12 -100 5.833443801383 13.1049249545195
1988 1 -40.1408450704225 -9.63456593745498 -21.3853073709315
1988 2 -100 6.52676363088002 3.180379674522
1988 3 341.226575809198 -8.924641763351 1.99087921668561
1988 4 12.2448979591837 3.68918918918897 0.427927927928007
1988 5 -94.1851568477429 19.72156196944 -1.05687606111999
1988 6 -20.2698558724321 4.37264957265 2.089743589744
1988 7 30.8740254411163 5.12976380162097 8.030113539568
1988 8 58.7860955248397 -0.480562448304021 7.83457402812301
1988 9 3.53050572919789 3.83141762452098 -4.18184497494801
1988 10 -75.9957794777104 9.548542869241 -20.3278271788582
1988 11 -100 25.921901737101 -6.9782701485514
1988 12 -93.9911448450348 4.86570186589997 3.6533120512937
1989 1 -100 9.397692127061 7.3243700484233
1989 2 -100 3.09080303974699 1.5436801671329
1989 3 -100 -6.66657724722199 -20.1381530413789
1989 4 -100 -4.64414414414403 -8.23873873873869
1989 5 54.0933435348128 9.39898132427899 -5.573005093379
1989 6 -84.5522845752837 19.37264957265 -2.24358974358999
1989 8 20.7574928151092 6.61621174524399 5.899090157155
1989 9 -11.6773651688764 5.16475095785399 -10.181844974948
1989 10 -93.1416512793458 23.419510611176 -20.6504078240195
1989 11 14.9008224479918 15.588568403768 6.0217298514486
1989 12 482.858950031625 -24.811717488939 2.4275055996808
1990 1 -64.7887323943662 -8.98940464713299 -2.0304686612541
1990 2 191.506228765572 -18.747821298877 5.8968547703075
1990 3 -100 7.20439049471299 3.9263630876534
1990 4 -100 15.689189189189 2.427927927928
1990 5 -18.5921958684008 16.173174872666 15.394736842105
1990 6 -50.1686599202701 13.705982905983 4.42307692307701
1990 7 62.1501846532624 -0.0745372736470173 2.159145797633
1990 8 41.1728479540172 -1.770885028949 -0.552522746070991
1990 9 -6.99802027716122 0.498084291186984 -0.181844974948007
1990 10 281.667106304405 -0.128876485598006 9.0270115308196
1990 11 -100 7.25523507043398 -1.3116034818848
1990 12 -100 3.81193842503897 -6.5380857981686
1991 1 -100 0.814742818305021 -0.8657221174753
1991 2 -63.193657984145 -0.123482674538984 5.82939445284719
1991 5 -100 10.689303904924 -9.1213921901527
1991 6 -2.33057344372937 14.37264957265 0.0897435897440069
1991 7 154.642593352483 -17.128300714508 -1.002144524948
1991 8 -53.3649240454357 20.809760132341 -6.358974358974
1991 9 33.361329413882 9.16475095785398 -2.181844974948
1991 10 -82.8541281983646 33.419510611176 -14.1987949207937
1991 11 -42.0899854862122 73.921901737101 0.755063184781903
1991 12 176.4073371284 85.099294746878 20.0504199489578
1992 1 1526.76056338028 91.010595352867 22.4856603710039
1992 2 -26.3873159682899 87.906073975707 -9.5437582565124
1992 3 -100 32.688261462455 -1.88008852524979
1992 4 104.081632653061 -8.97747747747701 -21.572072072072
1992 5 59.9081866870699 -23.826825127334 -17.185908319185
1992 6 -62.6264949402026 8.039316239317 -12.910256410256
1992 7 -5.260566270004 14.484602511299 -2.615047750754
1992 8 -33.416586834542 15.003308519438 -3.13316790736099
1992 9 -39.7534345191673 17.498084291187 -3.848511641615
1992 10 268.293326299129 16.967897707951 0.962495401786896
1992 11 258.490566037734 59.255235070434 -0.844936815218098
1992 12 80.2656546489563 79.059250252996 14.2984733416163
1993 1 -47.1830985915493 91.010595352867 7.4534023064878
1993 2 -100 77.376517325461 -5.0277484042957
1993 3 -100 40.107616301165 -11.5575078800886
1993 4 -100 -9.310810810811 -13.9054054054054
1993 5 -15.6847742922722 -8.342954159592 -13.9601018675721
1993 6 42.9162833486654 13.37264957265 -0.91025641025599
1993 7 1.60196963479699 8.925462726353 1.82581246429999
1993 8 -18.9390310661007 7.58395368072797 1.382961124897
1993 9 76.0603515507829 9.83141762452099 55.151488358385
1993 10 -51.9915589554208 18.580800933757 54.1883018533996
1993 12 -100 120.994734123964 -10.9918492390288
1994 1 -89.4366197183099 135.849305030287 -22.3530493064154
1994 2 -100 97.376517325461 -13.4920341185814
1994 10 -3.98311791084159 32.451768675693 -8.39234330789051
1994 11 -100 68.588568403768 -0.644936815218102
1994 12 -100 108.091508317512 2.2016991480679
1995 1 -100 134.558982449642 -20.740146080609
1995 2 -100 94.519374468318 -2.06346269001
1995 3 -100 64.301164688262 -15.7510562671853
1995 4 -100 13.355855855856 -15.9054054054054
1995 6 -54.8528058877647 21.37264957265 -8.24358974358999
1995 7 28.7484612228151 23.194279930654 -11.969886460432
1995 8 18.3556863281788 15.971050454922 -5.71381306865099
1995 9 27.1611974323594 21.498084291187 -8.18184497494801
1995 10 -100 55.354994482144 -40.3278271788582
1995 11 -95.4039671020803 79.255235070434 -2.6449368152181
1995 12 170.398481973434 120.349572833642 -6.9918492390288
1996 1 -100 145.204143739964 -23.9659525322219
1996 2 -85.277463193658 119.285384320535 -11.1644479116848
1996 3 -100 77.526971139875 -19.6220240091208
1996 4 -100 44.355855855856 -23.572072072072
1996 5 -41.8515684774291 12.947368421053 -7.50848896434629
1996 6 -2.82888684452667 14.37264957265 -7.910256410256
1996 7 -27.1235125153877 31.903957350009 -3.905370331399
1996 8 -3.06042151361676 21.777502067825 -6.681555004135
1996 9 5.40224368588395 13.164750957854 -2.51517830828101
1996 10 119.124241624901 -14.322424872695 -15.6504078240195
1996 11 -51.2820512820515 -12.744764929566 -12.3116034818848
1996 12 -100 -13.521394908294 -4.0886234325772
1997 1 97.1830985915493 -16.086178840681 -25.256275112867
1997 2 -100 3.09080303974699 -3.1348912614385
1997 3 561.839863713798 3.9785840431 5.2166856682985
1997 4 997.959183673469 -30.310810810811 -15.572072072072
1997 5 -0.566182096403797 0.689303904923975 -13.9601018675721
1997 6 -9.10763569457263 25.039316239317 -1.57692307692299
1997 7 -17.4673779236766 32.22653799517 -0.356983234625012
1997 8 -53.3649240454357 37.583953680728 -12.8105872622
1997 9 -24.8965144879717 21.831417624521 -9.515178308281
1997 10 94.4341862305458 1.484026740209 -15.1665368562776
1997 11 -1.64489598451906 5.58856840376798 3.6883965181152
1997 12 -100 -2.55365297281003 -30.540236335803
1998 1 -100 6.49446632060901 -27.514339628996
1998 2 -100 0.590803039746994 -45.6348912614385
1998 3 -100 24.301164688262 -19.6220240091208
1998 4 -100 40.022522522523 -19.2387387387387
1998 5 -100 53.269949066215 -12.9923599320882
1998 6 -15.2867218644591 43.039316239317 12.75641025641
1998 7 -35.6864997948296 41.258796059686 3.19140386214899
1998 8 13.8189407417549 30.164598842019 1.382961124897
1998 9 32.1914931909532 22.164750957854 10.484821691719
1998 10 -34.8456871537854 20.516284804725 10.9624954017866
1998 11 -100 36.588568403768 9.3550631847819
1998 12 -100 26.801185736867 -6.3466879487063
1999 1 -100 11.357070860633 -39.6051401068933
1999 2 -100 34.472790617387 -2.0789906403205
1999 3 -100 22.989336731272 -9.0521315360025
1999 4 -100 33.355855855856 0.427927927928007
1999 5 -91.2777352716144 25.850594227505 -14.2826825127334
1999 6 -19.7715424716348 22.039316239317 6.423076923077
1999 7 47.8785391875258 13.839441220976 -7.13117678301201
1999 8 -24.2763788148348 27.583953680728 -2.81058726219999
1999 9 -53.557501949727 15.164750957854 -10.848511641615
1999 10 -100 17.575838154601 -14.3104574518111
1999 11 -77.0198355104016 -3.678098262899 -19.4449368152181
1999 12 -100 -6.85472824162701 -32.308456168539
2000 1 -100 10.365434062545 -23.3207912418993
2000 2 -33.7485843714609 10.233660182604 -16.7063198328671
2000 3 -100 16.559229204391 -11.2349272349273
2000 4 -100 23.355855855856 -10.572072072072
2000 5 90.7268553940325 20.689303904924 -5.25042444821699
2000 6 88.1631401410602 -7.96068376068298 7.42307692307701
2000 7 -48.864997948297 23.672589163134 -8.944302478229
2000 8 -42.4233611605308 16.938792390406 -8.617038875103
2000 9 -65.4898314236007 25.164750957854 -9.18184497494801
2000 10 -23.1864943286733 16.28936600606 0.450815757737999
2000 11 -90.8079342041607 14.255235070434 10.0217298514486
2001 1 -100 -4.47327561487498 -0.4175654354477
2001 2 -100 7.01937446831799 12.2222515957043
2001 4 134.69387755102 20.689189189189 5.7612612612613
2001 5 72.1193573068098 1.657045840408 7.975382003396
2001 6 -31.5317387304511 -5.62735042735 0.423076923077002
2001 7 -8.23635617562568 8.355570253234 0.933339346019988
2001 8 90.4765977829485 13.06782464847 -5.39123242349
2001 9 -24.8965144879717 6.16475095785397 -6.848511641615
2001 10 -100 3.74209125633801 -20.6504078240195
2001 11 -11.7561683599423 -8.41143159623201 -18.3116034818848
2001 12 -39.9114484503479 -9.327846521197 -1.5079782712869
2002 1 57.0422535211268 -7.05392077616498 -19.4498234999638
2002 2 372.593431483579 -16.909196960253 1.5079658814186
2002 3 -100 7.84955178503601 1.34571792636311
2002 4 -100 24.022522522523 25.0945945945943
2002 5 -31.9663351185921 14.56027164686 13.781833616299
2002 6 -36.714198098743 10.37264957265 -0.24358974359
2002 7 78.0008206811656 -2.61217168224899 -1.64730581527001
2002 8 -24.8768304365674 3.06782464847 -7.649296939619
2002 9 11.134441178235 -6.16858237547902 4.15148835838499
2002 10 85.8612503297281 -3.032102292049 3.8657212082385
2002 11 81.083696178035 -20.744764929566 5.3550631847819
2002 12 -100 -22.231072327649 -17.6370105293514
2003 1 -64.7887323943662 -26.086178840681 -0.740146080608999
2003 2 -100 4.162231611175 4.0079658814186
2003 3 -100 -3.44077079560901 -12.8478304607337
2003 4 -100 6.02252252252299 -10.572072072072
2003 5 -97.0925784238715 16.495755517827 6.03989813242801
2003 6 25.5749770009194 -2.29401709401699 9.75641025641
2003 7 11.1366434140338 -10.35410716612 0.288178055697994
2003 8 1.80990830710311 -8.86765922249801 -4.42349048800599
2003 9 24.0026396304517 -14.835249042146 9.81815502505199
2003 10 -84.9116328145608 -12.709521646888 -4.84395621111631
2003 11 -94.4847605224964 -5.078098262899 8.0217298514486
2003 12 -100 -21.908491682488 -26.9918492390289
2004 1 14.0845070422535 -36.086178840681 7.001789403262
2004 2 -92.638731596829 -18.645650162224 -23.5782410151331
2004 3 1324.53151618398 -1.50528692464199 0.3779759908792
2004 4 -100 -16.310810810811 3.09459459459461
2004 5 128.523335883704 -12.536502546689 0.556027164686004
2004 6 74.6090156393736 -32.294017094017 7.75641025641001
2004 7 -44.5531391054575 -7.12830071450799 -3.905370331399
2004 8 9.08204461475333 -9.835401157981 6.221670802316
2004 9 90.0983862259283 -22.835249042146 6.151488358385
2004 10 10.0764969664995 -5.29016680817801 10.9624954017866
2004 11 -100 -1.41143159623201 -5.9782701485514
2004 12 -100 -28.360104585713 -3.4434621422547
2005 1 -100 -16.086178840681 -0.675629951576697
2005 2 268.063420158551 -21.909196960253 24.3651087385615
2005 3 189.948892674616 -18.924641763351 -10.912346589766
2005 4 -100 5.689189189189 -1.57207207207199
2005 5 -86.044376434583 0.366723259762978 -12.6697792869269
2005 6 -86.4458754983135 27.37264957265 -0.24358974359
2005 7 2.75584735330334 4.48460251129898 17.384952249246
2005 8 79.0680169700293 -8.54507857733601 9.77005789909001
2005 9 -78.8259643649889 -4.16858237547903 -1.181844974948
2005 10 -7.06937483513596 0.838865449886015 2.25281798243209
2005 11 -65.0701499758105 -6.07809826289902 -6.6449368152181
2005 12 -100 -6.747201359907 -6.6692685938676
2006 1 -50.7042253521127 -10.602307872939 -10.0949847902864
2006 2 -100 6.30508875403301 6.5079658814186
2006 3 -100 8.49471307535801 6.1844276037824
2006 4 -69.3877551020408 14.355855855856 0.0945945945946036
2006 5 74.4452945677126 -0.923599320882005 7.975382003396
2006 6 -85.6485740570378 -2.96068376068298 0.423076923077002
2006 8 -1.19234980155983 -13.383788254756 10.415219189413
2006 9 -27.1192033115364 -14.835249042146 9.15148835838499
2006 10 150.329728303877 -23.999844227533 11.2850760469486
2006 11 7.54716981132028 -25.411431596232 -1.3116034818848
2006 12 44.212523719165 -30.618169101842 -6.3466879487063
2007 1 70.4225352112676 -26.408759485842 16.1953377903588
2007 2 178.255945639864 -17.266339817396 -4.2063198328671
2007 3 -100 -3.44077079560901 1.34571792636311
2007 4 -100 -17.644144144144 -2.90540540540539
2007 5 -100 -4.79456706281802 -0.734295415958997
2007 6 51.8859245630168 -9.09401709401699 6.423076923077
2007 7 13.3836684448093 -10.676687811282 6.094629668601
2007 8 -32.9495689065278 -7.254755996691 2.673283705542
2007 9 -29.8098266242726 -9.83524904214601 -7.51517830828101
2007 11 -3.48330914368692 -6.07809826289902 -5.6449368152181
2007 12 -100 0.34957283364097 -2.1531395616095
2008 2 -91.1664779161948 3.07848776881102 -11.1644479116848
2008 3 -100 -14.085932085932 -18.0091207833144
2008 4 -59.1836734693878 7.355855855856 -3.9054054054054
2008 5 -69.7628156082631 -3.504244482173 1.20118845500901
2008 6 19.4955535111923 -4.96068376068301 4.75641025641
2008 7 15.3877718506361 -16.483139424185 3.836565152472
2008 8 -2.92698781989841 -11.770885028949 8.802315963607
2008 9 -69.11632371468 -18.835249042146 2.818155025052
2008 10 -65.7082563967291 -14.967586163017 -13.2310529853099
2008 11 -100 -13.744764929566 -18.6449368152181
2008 12 -100 -10.940749747004 -16.9918492390288
2009 1 -84.5070422535211 -3.182953034229 -4.9336944677057
2009 2 -100 -1.55205410310998 0.7936801671329
2009 3 -100 3.33342275277801 7.4747501844276
2009 4 -89.7959183673469 0.355855855855971 -13.9054054054054
2009 5 59.9081866870699 -6.084889643463 3.78183361629901
2009 6 -18.077276908924 1.70598290598299 4.42307692307701
2009 7 -76.9831760361099 18.355570253234 4.804307087956
2009 8 -72.2457917065826 19.06782464847 2.447477253929
2009 9 -35.4250404943308 3.83141762452098 7.818155025052
2009 10 -74.2811922975469 -1.19339261463001 14.0485169071636
2009 11 -70.5853894533141 -23.411431596232 -11.3116034818848
2009 12 -100 -16.747201359907 -7.9595911745127
