"anio" "mes" "ppAcc" "mTmax" "mTmin"
1970 1 -100 -26.758779228537 -1.2806248933265
1970 2 611.950599346168 -45.940552099561 9.3283986990021
1970 3 -100 -41.38930092634 -4.9165177374676
1970 4 -100 -5.90320629159102 -7.652087114338
1970 5 -100 -9.64341761116003 -22.084568439407
1970 6 79.7998180163782 -28.003525492892 -19.60831332454
1970 7 -7.15016610364286 -26.617084826762 -13.23835125448
1970 8 -55.6880020730759 -25.595878136201 -11.118279569892
1970 9 91.7846854287965 -41.282961460446 -18.868424611224
1970 10 -100 -20.572713308197 -3.755634687893
1970 11 61.0927932171458 -26.879569613689 -3.91775991703391
1970 12 -100 -9.476300157115 9.7613898551929
1971 1 -100 -20.629746970472 22.590342848609
1971 2 -100 -33.083409242418 32.5426844132878
1971 3 -100 -41.066720281178 27.9867080689837
1971 4 -100 -43.903206291591 5.34791288566201
1971 5 137.179487179487 -40.611159546644 -17.245858761988
1971 6 -51.5923566878982 -44.003525492892 -32.274979991207
1971 7 -9.67325941604387 -29.520310633214 -29.367383512544
1971 8 34.6851515936772 -33.982974910394 -5.63440860215
1971 9 7.19394024859517 -23.616294793779 5.798242055443
1971 10 -41.0975609756097 -21.540455243681 17.857268537913
1971 11 -100 -15.776121337827 10.5764929565293
1971 12 -100 -11.734364673244 25.8904221132575
1972 1 -77.1655497642095 -12.56523084144 19.3645363969961
1972 2 -100 -15.497202345866 10.3382509157509
1972 3 795.764272559854 -26.228010603759 8.9544500044679
1972 6 -17.0154686078254 -25.844105203037 14.551106965315
1972 7 -3.66829733252946 -19.197729988052 -4.85125448028601
1972 8 -16.798393366157 -17.531362007168 -6.924731182795
1972 9 6.37200588247176 -6.94962812711299 0.131575388776017
1972 10 -0.406504065040538 -5.73400363077702 17.212107247591
1972 11 0.235515779557365 -16.10945467116 43.2431596231956
1972 12 -100 -19.530063597976 20.6000995326123
1973 1 150.186150409531 -13.162602406554 12.3633416538658
1973 2 7.51907010533963 -13.083409242418 7.89982727043069
1973 3 -100 -18.163494474727 10.5673532302743
1973 4 -100 -19.569872958258 9.014579552329
1973 5 38.2705946535735 -6.740191804708 11.786399302528
1973 6 -7.40309372156522 -7.003525492892 1.058353342126
1973 10 52.8048780487807 -5.73400363077702 13.341139505655
1973 11 0.235515779557365 -31.776121337827 36.5764929565296
1973 12 -100 -20.444042092599 19.4388092100317
1974 1 155.150161330355 -17.818687062638 -3.020256229732
1974 2 7.51907010533963 -30.583409242418 -16.0287441581407
1974 3 -100 -21.066720281178 7.6641274238227
1974 4 -100 -19.569872958258 9.34791288566201
1974 5 170.990180032733 -4.48212728857897 9.205754141238
1974 6 42.6642402183801 -24.336858826226 8.39168667546
1974 7 55.069314980166 -21.455794504181 -2.27060931899601
1974 8 17.6600155480695 -3.33781362007201 0.172043010753011
1974 10 -72.9674796747967 -26.3791649211 -8.5943443653124
1974 11 -14.9788035798397 -14.10945467116 24.0764929565293
1974 12 172.303833751344 -28.347267899051 27.8259059842252
1975 1 -34.4750558451229 -41.032972776924 16.6226009131251
1975 2 -100 -36.544947703956 -8.6935793229759
1975 3 -100 -10.582849313436 16.0512241980167
1975 4 -100 -29.403206291591 10.514579552329
1975 5 -76.7866884888161 -21.901482127289 8.721883173496
1975 6 58.7079162875338 -38.503525492892 -24.774979991207
1975 7 21.3607883264885 -28.55256869773 -9.52867383512499
1975 8 54.1591085773517 -29.466845878136 -2.24731182795699
1975 9 -86.9175446725357 -29.449628127113 -15.701757944557
1975 10 -98.8617886178862 -28.637229437229 -7.6266024298285
1975 11 -100 -7.776121337827 4.9098262898626
1975 12 4.83697599426733 -21.089203382922 -10.3999004673877
1976 1 -100 -14.823295357569 4.20324607441541
1976 2 -100 -12.369123528132 4.3283986990021
1976 3 -23.0202578268875 -11.55059124892 22.6641274238227
1976 4 508.946772366931 -22.736539624925 16.347912885662
1976 5 -87.3840698308783 -22.062772449869 1.463818657367
1976 6 -57.3321201091902 -9.170192159559 -8.941646657874
1976 7 35.8938058059184 -29.036439665472 -16.302867383512
1976 8 -56.0378336356569 -20.43458781362 -1.11827956989199
1976 9 -42.1906162493199 -13.449628127113 5.46490872211001
1976 10 108.577235772358 -16.540455243681 16.566945957268
1976 11 470.98445595855 -54.276121337827 13.0764929565293
1976 12 21.175206019348 -31.895654995825 45.8904221132573
1977 1 -100 -12.726521164021 28.7193751066735
1977 2 -100 -18.440552099561 8.2569701275735
1977 3 -100 23.619188038007 20.6692208024307
1977 4 93.6579841449604 -25.903206291591 0.0145795523290104
1977 5 -64.6753955264593 3.58238884045299 3.560592850916
1977 6 24.1310282074611 0.663141173774022 -3.10831332454001
1977 7 -5.38400078496215 -14.197729988052 -0.335125448028002
1977 8 -16.6234775848665 -8.66039426523301 2.107526881721
1977 9 8.22135820624943 -2.94962812711301 -3.96842461122398
1977 10 8.13008130081313 -8.79851975981001 6.244365312107
1977 11 -37.3528026377766 -4.27612133782702 10.7431596231959
1977 12 76.9974919383734 -0.60533241517998 -1.5289327254522
1978 1 -90.071978158352 -4.33942438982697 -0.9580442481652
1978 2 45.2960406828914 -23.619123528132 -12.1001727295693
1978 3 -100 -1.87317189408198 -7.65845322133861
1978 4 -78.4824462061155 17.430127041742 5.18124621899601
1978 5 -69.721767594108 2.937227550131 1.302528334787
1978 6 -64.3858052775251 -2.33685882622598 -2.274979991207
1978 7 -23.2979633030093 5.479689366786 0.955197132616998
1978 8 -32.9489505053122 -10.273297491039 -1.279569892473
1978 9 43.8385140715973 -11.782961460446 0.298242055443012
1978 10 30.8943089430896 -12.346906856584 0.437913699204007
1978 11 -10.5040037682523 11.557211995506 1.7431596231959
1978 12 -100 19.555957907401 15.8904221132575
1979 1 -100 -14.199639443591 -1.87739908687489
1979 2 74.3552488194697 2.27373361472498 5.04268441328779
1979 3 -100 14.578441009144 15.4060629076937
1979 4 -100 -32.403206291591 -8.8187537810043
1979 5 -100 -16.417611159547 -2.72972972973001
1979 6 -57.8161965423113 20.663141173774 3.39168667546
1979 7 -24.3576624942177 26.44743130227 7.245519713262
1979 8 -33.0655610261725 -25.112007168459 -10.63440860215
1979 9 -45.2043755917724 1.05037187288698 -11.868424611224
1979 10 -100 -2.185616534003 -14.0782153330543
1979 11 -86.5756005652378 8.22387866217298 -5.0901737101374
1979 12 388.785381583662 -11.411784028083 17.1807446939026
1980 1 540.357408786299 -4.82329535756897 -0.151592635261997
1980 2 157.173992008718 -2.39375407000402 6.545147467475
1980 3 -100 11.513924880112 13.7931596818872
1980 4 233.52208380521 4.76346037507501 -1.318753781004
1980 5 0.927441352973344 4.22755013077598 9.205754141238
1980 6 -80.9135577797999 26.996474507108 -1.94164665787399
1980 7 -14.2148273783657 18.544205495819 0.310035842293992
1980 8 36.1427831044313 -6.563620071685 2.107526881721
1980 9 -46.5742662019781 -0.282961460445996 4.131575388776
1980 10 -4.67479674796737 5.87889959502899 10.115333054042
1980 11 137.164390014131 -1.77612133782702 7.2431596231959
1980 12 70.1898960945898 -4.315009834535 7.66461566164461
1981 1 302.084884586746 -19.662005034989 0.00969768731859944
1981 2 200.762804213585 -2.72626638527502 16.1141129847164
1981 3 445.856353591161 -8.152741786555 9.90606290769369
1981 4 -91.3929784824462 2.76346037507498 8.18124621899599
1981 5 -51.0501909438079 -5.12728857890203 -2.568439407149
1981 6 25.9290263876249 0.329807840440992 6.39168667546
1981 7 -26.4265990103866 -7.90740740740699 -1.625448028673
1981 8 -17.7312775330396 -6.563620071685 0.817204301076
1981 9 -58.5608090412779 5.38370520622099 -2.86842461122399
1981 10 97.7642276422767 5.233738304706 7.534687892752
1981 11 -100 7.223878662173 2.2431596231959
1981 12 -6.05517735578642 4.39466758482002 6.85816404874131
1982 1 -100 25.821865932753 6.7838912357057
1982 2 11.8779513258264 15.845162186153 5.04268441328779
1982 3 -9.0239410681398 23.44940875108 12.1802564560808
1982 4 -100 31.096793708409 19.014579552329
1982 5 86.7157665030007 -4.15954664341797 11.141238012206
1982 6 -74.2056414922658 35.663141173774 12.39168667546
1982 7 0.0154189035760042 -8.55256869773001 -1.94802867383499
1982 8 -62.9178543664161 0.855734767024998 -3.05376344086
1982 9 -55.684038759846 15.383705206221 -0.201757944556995
1982 10 -45.9349593495934 2.330512498255 10.437913699204
1982 11 260.668864813943 6.22387866217299 8.9098262898626
1982 12 424.184879971337 -12.056945318406 5.8904221132575
1983 1 94.5892280963018 -19.178134067247 12.9129234937703
1983 2 -100 -17.011980670989 -11.7430298724265
1983 3 179.926335174954 -12.034462216662 -14.5939370923063
1983 4 -100 -3.90320629159103 -26.6520871143377
1983 5 73.5951991271141 14.388840453356 4.044463818658
1983 6 4.28389444949937 13.663141173774 -2.274979991207
1983 7 -13.9120561808776 -12.746117084827 -5.65770609318999
1983 8 -26.8268981601451 -7.85394265233002 -1.440860215053
1983 9 -36.6425592779869 7.38370520622098 -10.53509127789
1983 10 -25.1626016260162 9.10470604664198 1.72823627984901
1983 11 284.832783796515 -1.77612133782702 12.2431596231959
1983 12 -38.7316374059477 9.87853855256201 7.5033253390639
1984 1 58.8483494663688 -10.629746970472 14.848407364738
1984 2 -4.10461314929169 -10.66961613897 -0.696231842869803
1984 3 109.944751381216 -1.38930092633998 6.69638548833889
1984 4 -100 5.43012704174199 6.68124621899601
1984 5 129.609929078014 -15.127288578902 -9.503923278117
1984 6 70.8789808917194 -19.336858826226 -7.60831332454
1984 7 -17.8985436144712 -30.165471923536 -0.657706093189994
1984 8 4.19150038870179 -16.241039426523 -1.440860215053
1984 9 -6.29948226193086 -26.616294793779 -12.701757944557
1984 10 -33.4146341463414 3.29825443373899 10.760494344365
1984 11 -100 -41.442788004494 -6.7568403768041
1984 12 63.3823002508062 -6.895654995825 -1.5289327254522
1985 1 -10.6478034251675 2.59605948114103 -10.6354636030039
1985 2 -100 13.345162186153 1.8283986990021
1985 3 -100 18.61069907366 9.2770306496292
1985 4 54.9263873159683 -49.069872958258 0.514579552329
1985 5 34.7381342062194 15.840453356582 2.431560592851
1985 6 54.3512283894447 -30.003525492892 -1.60831332454
1985 7 1.42835115852058 -15.649342891278 -0.980286738351008
1985 8 -59.2446229593159 -3.33781362007201 0.494623655914008
1985 9 -63.3554261769978 4.05037187288698 -4.86842461122398
1985 10 32.8861788617888 4.26599636922298 13.986300795978
1985 11 2.9203956665098 -9.60945467116002 -1.2568403768041
1985 12 -1.97061984951626 -9.79888080227699 1.3742930809994
1986 1 -100 2.46702722307603 -13.7107324202082
1986 2 -34.6167816926989 -2.011980670989 -0.671601300997899
1986 3 -100 2.48166681559599 -24.5939370923063
1986 4 -100 6.09679370840897 8.014579552329
1986 5 -52.0594653573377 7.13077593722701 10.496076721883
1986 6 50.9626933575976 -25.670192159559 -12.774979991207
1986 7 -5.38400078496215 -18.55256869773 -6.464157706093
1986 8 -35.2811609225187 -5.59587813620102 -6.602150537634
1986 9 -34.5192288321681 1.05037187288698 -2.86842461122399
1986 10 135.609756097561 -10.895293953358 1.083074989526
1986 11 -20.3485633537446 -3.77612133782701 -3.7568403768041
1986 12 -100 -0.444042092598984 -8.9482875641619
1987 1 -10.6478034251675 -1.03297277692398 -13.7345419440178
1987 2 30.7664366146022 -1.97229813130701 -13.6081092375058
1987 3 -100 -7.51833318440401 -15.2390983826289
1987 4 -100 -1.903206291591 -16.3187537810043
1987 5 61.4839061647574 -11.256320836966 -22.72972972973
1987 6 -58.9226569608736 8.66314117377399 -7.274979991207
1987 7 77.575307326783 -4.681600955794 -0.335125448028002
1987 8 -5.77869914485613 7.30734767025098 0.817204301076
1987 9 -73.4241221620096 24.717038539554 1.46490872211
1987 10 -100 2.653093143416 -28.2717637201511
1987 11 -100 14.223878662173 -17.0901737101374
1987 12 -100 17.943054681594 -4.91602949964579
1988 1 -100 6.46702722307602 -17.409657151391
1988 2 -100 1.744176964479 -1.73071460149051
1988 3 -100 -6.81940845322099 -5.9272704256396
1988 4 -100 5.76346037507502 -2.31875378100399
1988 5 -100 2.29206625980801 -6.60069747166501
1988 6 -17.1537761601457 2.66314117377402 -7.60831332454
1988 7 32.6137844997971 -2.58482676224599 -1.30286738351201
1988 8 -20.8214563358382 -1.886200716846 3.236559139785
1988 9 -36.3685811559457 4.55037187288699 -10.53509127789
1988 10 -18.3333333333332 4.74986733696397 -11.8201508169253
1988 11 -100 16.557211995506 6.5764929565293
1988 12 -100 -0.927913060340977 -2.81925530609739
1989 1 -100 13.563801416624 7.2677622034477
1989 2 -100 8.34516218615299 -1.7430298724265
1989 3 -100 5.06231197688599 -20.4003887052095
1989 4 -100 5.76346037507502 -11.3187537810043
1989 5 -74.7681396617567 10.840453356582 -2.72972972973001
1989 6 -62.7261146496816 22.829807840441 -9.774979991207
1989 7 16.7687584979187 12.092592592593 -9.68996415770601
1989 10 -97.7235772357724 39.515263231393 -62.1793883535822
1989 11 -95.5252001884126 45.706637282863 -47.8832771584133
1989 12 575.313507703332 9.80326973535803 -34.733233800721
1990 1 -62.2735170017374 33.886382061786 -31.9257861836491
1990 2 -97.0940791863422 16.916590757582 -42.1001727295693
1990 3 -100 17.320376493015 -19.7552274148869
1990 4 -100 8.43012704174196 8.681246218996
1990 5 -38.4342607746863 12.292066259808 21.141238012206
1990 6 -43.7779799818017 5.32980784044099 9.72502000879301
1990 7 1.73112235600869 -3.06869772998802 7.72939068100399
1990 8 -1.23088883130338 -17.85394265233 -18.666666666666
1990 9 11.8515683232945 -13.351926977687 1.901690331305
1990 11 -100 -6.10945467116 -5.4235070434707
1990 12 -100 -2.37952596356699 -15.3999004673877
1991 1 -100 1.10988436593303 -3.7345419440178
1991 2 -56.4111877951326 -1.60192776093702 -3.6081092375058
1991 3 -100 12.513924880112 0.0727295743604017
1991 4 -100 18.430127041742 -1.65208711433799
1991 5 -100 20.679163034002 -12.084568439407
1991 6 310.289353958143 15.663141173774 -14.274979991207
1991 7 84.3876592702658 -24.692353643966 1.245519713262
1991 8 301.723244363825 6.98476702508998 -0.150537634408003
1991 9 616.247305546045 -19.282961460446 -7.20175794455699
1991 10 144.430894308943 -16.056584275939 -7.3040217846672
1991 11 -100 -16.879569613689 -4.9522426756546
1991 12 179.111429595127 -14.530063597976 12.9334328659456
1992 1 564.184661206255 -42.199639443591 8.6226009131251
1992 2 117.944061024337 -22.011980670989 -10.6716013009979
1992 3 109.944751381216 -6.55059124891999 -6.529420963274
1992 4 270.101925254813 -17.236539624925 -11.6520871143377
1992 5 122.040370976541 -16.22406277245 -21.084568439407
1992 6 -59.5450409463149 17.758379269012 -19.703551419778
1992 7 1.17604182728047 14.995818399044 -9.044802867383
1992 8 3.49183726353984 8.59767025089599 -7.569892473118
1992 9 9.59124881645512 -1.94962812711299 -15.868424611224
1992 10 227.235772357724 -14.121100404971 -8.49757017176399
1992 11 11.8699952896846 -12.442788004494 -2.7568403768041
1992 12 49.767108563239 10.523699842885 -9.59344885448449
1993 1 19.1362620997766 20.337994965011 10.3322783324799
1993 2 -100 0.130876471868007 -21.0287441581407
1993 4 104.416761041903 1.763460375075 -19.985420447671
1993 5 -94.9536279323513 6.16303400174402 -17.89102005231
1993 6 10.5077343039125 -12.290881814731 -16.723255853276
1993 7 9.45178789195579 11.124850657109 -8.39964157706101
1993 8 -15.8655091992744 24.726702508961 -11.118279569892
1993 9 5.07060980277635 42.050371872887 -6.86842461122399
1993 11 -100 22.557211995506 -14.4235070434707
1993 12 -100 31.469936402024 -28.0665671340544
1994 1 -30.5038471084636 52.918640126302 31.3000202679638
1994 2 -100 43.345162186153 37.185541556145
1994 3 -100 16.997795847854 20.5673532302747
1994 4 -100 0.0967937084089954 -1.65208711433799
1994 5 -39.443535188216 14.872711421098 17.27027027027
1994 6 53.8671519563237 12.996474507108 3.39168667546
1994 7 -77.9481644496152 54.350657108722 2.89068100358501
1994 8 -38.4879502461777 51.823476702509 11.462365591398
1994 9 13.3584479945208 50.383705206221 21.131575388776
1994 10 -53.0487804878048 47.814383465997 49.792752408881
1994 11 -100 54.223878662173 -10.0901737101374
1994 12 -100 52.459183713852 -11.8515133706135
1995 1 -100 14.208962706947 -10.6354636030039
1995 2 -63.6759898292771 16.116590757582 14.2141129847164
1995 3 -100 8.28811842849902 1.2125145205969
1995 4 -100 -3.19056261343 1.66975196612201
1995 5 48.3633387888708 1.96948561464701 16.302528334787
1995 6 -27.3885350318473 11.996474507108 12.39168667546
1995 7 -10.6824967410043 17.576463560335 6.116487455197
1995 8 13.8701736201089 4.72670250896098 16.94623655914
1995 9 -35.8206249118635 -3.00709939148 9.48789722785701
1995 10 -100 14.545566261696 -18.497570171764
1995 11 -100 24.154913144932 15.0477573243454
1995 12 27.9828018631315 28.136603068691 24.9334328659456
1996 1 -100 14.85412399727 -23.2161087642943
1996 2 -94.1881583726843 27.261418343789 3.4416991916129
1996 3 -100 7.320376493015 -9.43264676972571
1996 4 -100 13.096793708409 -5.318753781004
1996 5 -100 22.937227550131 17.915431560593
1996 6 -11.5523202911739 12.663141173774 9.058353342126
1996 7 -60.034201931568 36.608721624851 12.245519713262
1996 8 6.69862658719882 16.662186379928 10.172043010753
1996 9 24.249078345656 11.130831643002 18.798242055443
1996 10 65.3252032520327 -5.088842340455 14.631462086301
1996 11 -76.7310409797456 -8.44278800449402 -0.756840376804098
1996 12 -100 11.491441778368 2.019454371322
1997 1 89.6252171754778 5.49928528759203 1.6226009131251
1997 2 27.8605158009444 9.77373361472498 10.7569701275735
1997 3 1173.66482504604 0.546182944628022 9.92219193995179
1997 4 1014.60928652322 -26.294010889292 3.73871748336301
1997 5 153.327877795963 -4.80470793373996 -4.665213600697
1997 6 -25.1064604185625 26.329807840441 22.058353342126
1997 7 -3.46644986753738 24.673237753883 23.213261648746
1997 8 -15.1075408136823 33.758960573477 9.52688172043
1997 9 -74.725518241705 30.383705206221 7.13157538877601
1997 10 21.5040650406506 6.84664153051298 7.85726853791299
1997 11 1.13047574187485 11.557211995506 12.9098262898626
1997 12 -100 2.803269735358 -18.3999004673877
1998 1 -100 9.04767238436602 -21.9257861836491
1998 2 -92.7351979658554 -0.583409242418007 -28.5287441581407
1998 3 -100 19.180591546779 -3.9272704256396
1998 4 -100 36.096793708409 3.681246218996
1998 5 -100 46.485614646905 9.205754141238
1998 6 -56.2948134667881 42.996474507108 22.39168667546
1998 7 -18.4031622769514 34.995818399044 21.600358422939
1998 8 -8.46074112464363 25.371863799283 22.752688172043
1998 9 -24.6560164386871 8.38370520622099 34.798242055443
1998 10 104.878048780488 -1.54045524368101 28.502429828236
1998 11 -95.5252001884126 27.89054532884 23.2431596231959
1998 12 -100 33.426925649336 -10.8837714351296
1999 1 -100 18.133693889743 -17.9607324202082
1999 2 -100 35.805479646471 -0.274775904172504
1999 3 -100 21.836505525273 -7.1745822535966
1999 4 -100 35.096793708409 11.681246218996
1999 5 -91.9258046917621 31.646904969486 1.141238012206
1999 6 -42.6023657870793 25.663141173774 11.725020008793
1999 7 9.04809296197162 14.350657108722 6.76164874552001
1999 8 21.041720653019 23.339605734767 9.65591397849501
1999 9 -69.5199339229234 18.383705206221 2.46490872211
1999 10 -79.2276422764227 16.524060885352 -11.8201508169253
1999 11 265.14366462553 3.00959294788697 -25.5187451387088
1999 12 -100 0.213526145614011 -22.70759277508
2000 1 -100 25.821865932753 -13.5386894094555
2000 2 -100 31.399349378272 -8.9720939118353
2000 3 -100 16.675215202693 0.889933875435602
2000 4 -100 35.430127041742 3.681246218996
2000 5 65.5210038188763 10.679163034002 12.754141238012
2000 6 11.8908098271154 -11.336858826226 14.39168667546
2000 7 -60.3369731290561 32.415173237754 -8.39964157706101
2000 8 -64.1422648354496 20.006272401434 -1.34408602150499
2000 9 10.7556558351299 26.050371872887 2.79824205544301
2000 10 104.024390243903 12.975673788577 21.083074989526
2000 11 -88.3655204898728 12.89054532884 24.2431596231959
2001 1 -100 13.563801416624 7.10647188086701
2001 2 -100 23.839667680659 4.76795913856249
2001 3 116.94290976059 8.93327971882201 -16.8520016084353
2001 4 272.253680634202 52.096793708409 16.347912885662
2001 5 140.207310420077 23.582388840453 8.560592850916
2001 6 35.0573248407641 40.663141173774 5.058353342126
2001 7 25.1454282950901 54.673237753883 5.47132616487501
2001 8 -29.3923296190723 56.662186379928 7.59139784946301
2001 9 -44.0399685730976 54.383705206221 2.79824205544301
2001 10 -67.5609756097561 51.04018991761 -6.9814411395059
2001 11 -49.8822421102213 38.89054532884 -18.0568403768041
2001 12 -23.7549265496238 34.39466758482 2.019454371322
2002 1 187.912633407794 46.467027223076 -15.4741732804233
2002 2 491.354885579368 60.488019329011 5.04268441328779
2002 3 -100 9.578441009144 -32.8197435439192
2002 4 -3.17100792751979 54.763460375075 -37.4187537810043
2002 8 -41.1116869655351 60.6729390681 -49.344086021505
2002 10 26.6260162601627 44.911157659545 -65.3685379136995
2002 11 155.958549222798 71.89054532884 -28.7568403768041
2002 12 -93.1924041562164 78.233377262239 -1.5289327254522
2003 1 -98.0143956316704 88.079930448882 -4.1838506997781
2003 2 -100 87.630876471868 5.04268441328779
2003 3 -100 85.707473267209 -10.0778080600482
2003 4 -100 8.76346037507499 -31.985420447671
2003 5 45.3355155482816 26.808195292066 -52.4071490845683
2003 6 30.0090991810735 13.329807840441 1.558353342126
2003 12 -100 -21.045215113127 -22.6271731946604
2004 1 100.546041201291 -42.242650196279 12.2677622034477
2004 2 -100 -28.600650621728 -17.2479559808008
2004 4 -100 -25.236539624925 1.68124621899601
2004 5 154.841789416258 -23.191804707934 0.496076721882996
2004 6 15.0027297543219 -40.003525492892 8.05835334212601
2004 7 -24.0548912967296 -10.165471923536 0.310035842293992
2004 8 22.3827416429128 -8.821684587814 5.33333333333401
2004 9 149.457080118456 -30.616294793779 6.46490872211
2004 10 -30.5691056910568 -15.411422985616 14.308881441139
2004 11 -100 -8.44278800449402 -8.4235070434707
2004 12 -23.7549265496238 -33.766622737761 -6.1418359512587
2005 1 -91.0647803425168 -12.887811486601 0.332278332479907
2005 2 283.581547402833 -33.440552099561 16.8283986990021
2005 3 -100 -35.776397700533 -12.3358725761773
2005 4 -100 -1.903206291591 10.347912885662
2005 5 -9.66993998908886 -15.127288578902 -2.084568439407
2005 6 -80.8444040036397 15.329807840441 7.725020008793
2005 7 4.96068179588199 -0.810633213859013 13.535842293907
2005 8 127.390515677637 -23.337813620072 8.88172043010801
2005 9 -68.0815487822074 -8.94962812711302 -5.53509127788999
2005 10 65.6097560975612 -14.121100404971 -0.207247591119
2005 11 -98.2100800753651 -13.442788004494 -11.7568403768041
2005 12 -90.469365818703 -22.379525963567 -9.91602949964579
2006 1 -20.5758252668156 -9.98458568015 -14.1838506997781
2006 2 -100 0.84516218615299 6.8283986990021
2006 3 -100 -10.421558990856 5.728643552855
2006 4 -100 9.09679370840902 10.347912885662
2006 5 81.1647572285871 -19.320836965998 8.23801220575399
2006 6 -76.6260236578708 -15.336858826226 4.72502000879301
2006 7 -56.1991000967185 -5.32676224611699 9.34229390681001
2006 8 -7.64446747862134 -25.273297491039 12.752688172043
2006 9 -25.8204234573619 -22.282961460446 7.13157538877601
2006 11 118.370230805464 -32.776121337827 -5.7568403768041
2006 12 23.8982443568614 -33.992429189374 -10.8837714351296
2007 1 51.8987341772152 -29.98458568015 12.590342848609
2007 2 274.86378496186 -31.297694956704 2.89982727043069
2007 3 -100 -14.615107377953 5.728643552855
2007 4 -91.3929784824462 -23.236539624925 4.681246218996
2007 5 -93.4397163120567 -20.288578901482 4.36704446381899
2007 6 65.2083712465875 -17.670192159559 11.725020008793
2007 7 11.8234956056127 -16.939665471923 6.277777777778
2007 8 -10.384814718839 -15.595878136201 6.62365591397901
2007 9 -37.4644936441103 -19.949628127113 -5.201757944557
2007 10 -79.7967479674796 -17.669487501745 -0.852408881440994
2007 11 203.391427225625 -20.10945467116 -12.4235070434707
2007 12 -100 -6.895654995825 -0.561190789968293
2008 1 -92.0575825266815 -14.823295357569 -12.5709474739717
2008 2 -100 -10.324788552763 -3.7996801187319
2008 3 -100 -27.195752539243 -9.1100661245644
2008 4 212.004530011325 -0.903206291591019 9.34791288566201
2008 5 -100 -22.869224062773 5.65736704446399
2008 6 29.6633303002727 -22.003525492892 2.39168667546
2008 7 74.0429766894216 -27.907407407407 5.14874551971399
2008 8 28.1549624254989 -28.176523297491 8.236559139785
2008 9 -32.1219202643081 -28.949628127113 3.46490872211001
2008 10 -77.520325203252 -28.314648792068 -7.6266024298285
2008 11 -100 -28.776121337827 -22.7568403768041
2008 12 -100 -20.766622737761 -20.2386101448071
2009 1 -97.0215934475056 -9.33942438982697 2.2677622034477
2009 2 -100 -1.29769495670402 -11.0287441581407
2009 3 -100 -21.819408453221 -4.5939370923063
