"anio" "mes" "ppAcc" "mTmax" "mTmin"
1970 1 -94.9701757214251 17.253544842254 -22.6421481744062
1970 2 389.054991991457 6.412935823755 -12.9501067323486
1970 3 -100 3.80861883574401 -24.220916759363
1970 4 -100 30.707959770115 -18.766637931034
1970 5 -100 19.987863572694 -12.733042887159
1970 6 58.3270743566429 8.910496067755 -7.74972776769502
1970 7 11.5964401625548 18.546732837056 1.062861869313
1970 8 -19.6984074357772 19.322580645161 -5.75268817204302
1970 9 3.13164422395492 14.657264957265 -3.64188034188
1970 10 20.848548078595 32.527150537634 -12.910887096774
1970 11 52.6790546635397 12.38384910109 -25.6427076754663
1970 12 -100 40.894127377998 -19.2324234904881
1971 1 -62.2763179106884 33.059996455158 -7.2227933356965
1971 2 -100 19.448650109469 -27.0572495894914
1971 3 -100 31.873134964776 -14.382207081943
1971 4 -100 11.041293103448 -29.266637931034
1971 5 150.864652985935 13.858831314629 -13.539494500062
1971 6 48.6632143468921 0.743829401089009 -9.24972776769501
1971 7 -21.1172384291334 7.06286186931401 -7.16294458229999
1971 8 -2.30938961231972 1.58064516128999 -8.65591397849402
1971 9 30.3109496810776 7.32393162393198 -6.80854700854702
1971 10 60.3199443575031 10.269086021505 -2.910887096774
1971 11 -33.1589392025978 13.717182434423 -15.142707675466
1971 12 -90.7290015847861 21.861869313482 -10.8453267162945
1972 1 -74.8508786071256 21.608383551932 -4.48085785182551
1972 2 -100 15.557024493705 -26.3183333333338
1972 3 -100 7.195715609937 -26.15640063033
1972 4 -51.8599562363238 26.541293103448 -10.766637931034
1972 5 117.200830066867 18.858831314629 -9.345946112965
1972 6 23.7274512129237 -5.58950393224499 -2.24972776769501
1972 7 -8.89494387769335 11.256410256411 1.38544251447403
1972 8 19.0924784780895 11.903225806452 -2.36559139784902
1972 9 -23.2414953933378 16.157264957265 0.691452991452977
1972 10 -66.4406190227786 20.914247311828 -0.00766129032200524
1972 11 169.475013530579 11.217182434423 14.690625657867
1972 12 -69.0966719492868 4.119933829611 -8.5872622001655
1973 1 -10.0918910204739 6.93096419709299 -21.093761077632
1973 2 28.1366791243994 8.02007868089699 -9.914392446634
1973 3 -100 12.357005932518 -6.64027159807199
1973 4 -100 6.207959770115 -12.266637931034
1973 5 -62.1858427484436 13.052379701726 -4.507236435546
1973 6 -44.3201433635082 11.410496067755 -5.416394434362
1973 7 34.4452400658403 2.385442514475 1.22415219189403
1973 8 100.82086224834 -0.677419354839017 -4.30107526881702
1973 9 5.03189227498257 10.490598290599 1.291452991453
1973 10 92.1404973048166 4.301344086021 -0.168951612903001
1973 11 -100 10.050515767757 -10.4760410088
1973 12 -100 -2.17038875103398 -35.200165425972
1974 1 -91.8265355473158 18.382577100319 -4.6421481744062
1974 2 -100 10.87722153804 -14.37867816092
1974 3 -100 3.64732851316301 -9.704787727105
1974 4 482.056892778993 3.87462643678202 -4.09997126436799
1974 5 333.940511874568 2.24592808882299 -13.539494500062
1974 6 22.1752249937409 -3.25617059891101 -8.08306110102802
1974 7 -1.0248016887839 -3.42100909842799 -5.38875103391298
1974 8 21.812299214579 7.48387096774199 -3.81720430107503
1974 9 3.41956059532275 7.82393162393198 -2.97521367521401
1974 10 -87.8282037906451 3.33360215053698 -15.491532258064
1974 11 -89.446148295147 6.71718243442299 -9.309374342133
1974 12 165.768621236133 -7.33167907361498 -1.329197684036
1975 1 52.7809124617121 -5.32710031903601 -10.9324707550513
1975 2 -76.5082754938601 -1.62277846196002 -15.8072495894914
1975 3 -100 10.098941416389 -0.672529662588008
1975 4 -100 21.374626436782 -2.099971264368
1975 5 -37.7449850126816 4.50399260495203 -11.926591274255
1975 6 67.0395699094753 -1.25617059891102 -5.74972776769499
1975 7 12.1041912715167 -8.74358974358898 -5.22746071133199
1975 8 18.5128445506409 -2.93548387096802 -2.20430107526902
1975 9 -29.3453224663357 -6.00940170940103 -6.30854700854702
1975 10 -84.8721961398018 3.65618279569798 -8.07217741935501
1975 11 -100 14.717182434423 -23.309374342133
1975 12 35.9746434231379 14.603804797353 -17.458229942101
1976 1 -100 2.57612548741598 -14.6421481744062
1976 2 -100 6.591507252326 -13.9045402298855
1976 3 67.4008810572687 5.26023173896903 0.295212272895
1976 4 217.286652078775 -6.62537356321799 -12.433304597701
1976 5 -76.9425870417339 1.6007667985 -11.281429983933
1976 6 -35.0568578619336 15.910496067755 4.083605565638
1976 7 -5.26815024225121 -7.130686517783 -3.45326716294498
1976 8 -18.0486801038081 1.58064516128999 -2.68817204301101
1976 9 -21.3412473423102 -1.176068376068 -1.975213675214
1976 10 4.32968179447053 -5.05349462365601 -4.846370967742
1976 11 401.659751037345 -31.782817565577 -13.309374342133
1976 12 -50.5546751188589 -17.492969396196 6.41273779983401
1977 1 -79.2519748508786 -5.972261609359 -5.93247075505131
1977 2 -100 -3.408492747674 -9.37867816092
1977 3 -100 14.838726362625 -1.742422135707
1977 4 228.227571115974 -18.125373563218 -15.933304597701
1977 5 62.7853354853585 4.66528292753203 -5.15239772586799
1977 6 32.8405212739322 -5.25617059891101 -6.41639443436201
1977 7 -3.63609310630224 4.804797353185 -6.35649296939699
1977 8 -23.7112577027289 11.741935483871 1.18279569892497
1977 9 7.27763997165161 17.823931623932 3.85811965812
1977 10 -7.84211441488436 2.043279569892 2.89556451612899
1977 11 36.4964820494318 -1.949484232243 -6.142707675466
1977 12 -41.283676703645 12.829611248966 -14.8775847808107
1978 1 -100 4.51160935838299 -11.4163417227933
1978 2 126.374799786439 -21.186270525452 -22.2953448275867
1978 3 -77.9735682819383 -3.93331664812699 -9.543497404524
1978 4 -100 9.70795977011498 -5.26663793103401
1978 5 -100 15.794315185597 -11.120139661352
1978 6 26.1308982619809 1.74382940108899 -2.24972776769501
1978 7 37.6730864013838 3.99834574028201 -2.48552522746099
1978 8 -25.6730956110164 -1.74193548387102 -1.13978494623602
1978 9 22.3644578313256 -5.476068376068 -4.30854700854702
1978 10 74.5783342027474 -5.247043010753 -5.491532258064
1978 11 -31.7517589752841 3.98384910109002 -5.209374342133
1978 12 185.855784469097 5.41025641025602 0.767576509512011
1979 1 -81.766886990166 0.0599964551580001 -4.3195675292449
1979 2 228.884143085958 -8.65849274767399 -4.414392446634
1979 3 -100 10.550554319615 -5.317690952911
1979 4 -95.6236323851203 10.507959770115 -11.799971264368
1979 5 -64.0304357851049 7.37496034688704 -32.345946112965
1979 10 -100 29.914247311828 -4.00766129032201
1980 1 537.530227309367 2.57612548741598 -7.06150301311581
1980 2 143.459690336359 -7.098147920088 1.88856321838999
1980 3 -100 16.131199480905 10.327470337412
1980 4 -34.3544857768053 1.80795977011503 -5.433304597701
1980 5 -59.4189531934517 6.6007667985 -8.70078482264201
1980 6 -44.6706460581624 28.477162734422 9.55027223230498
1980 7 0.969934810709278 14.159636062862 3.96608767576502
1980 8 5.13667699413515 6.90322580645198 2.31182795698899
1980 9 3.07406094968136 5.15726495726501 0.0247863247859925
1980 10 5.54686141540602 0.26908602150499 -5.330241935484
1980 11 177.214504780805 -2.44948423224301 -6.9760410088
1980 12 201.307448494453 -2.81555004135697 -19.2324234904881
1981 1 276.608092858294 -23.230326125488 -22.0615030131158
1981 2 190.443139348639 -2.69420703338799 -2.77153530377699
1981 3 208.370044052863 -15.707510196514 -7.059626436782
1981 4 121.006564551422 -6.62537356321799 -9.19997126436799
1981 5 -26.2162785335485 -9.85084610472601 -17.410462241997
1981 7 -9.58403466842735 1.41770057899098 -5.19520264681599
1981 8 -42.9729389840972 2.06451612903198 4.40860215053799
1981 9 -35.3915662650601 7.49059829059899 2.02478632478599
1981 10 -20.5355590332116 7.043279569892 5.31491935483899
1981 11 42.8287930723436 13.717182434423 -7.809374342133
1981 12 66.8779714738511 2.18444995864303 -6.974358974359
1982 1 -100 19.189028713222 -4.48085785182551
1982 2 -100 16.948650109469 -6.164392446634
1982 3 -100 13.486038190582 -1.80156192065301
1982 4 -100 16.374626436782 1.400028735632
1982 5 -84.3209591883791 -4.36697513698398 5.00889259671201
1982 6 -53.1828543569067 29.077162734422 8.25027223230499
1982 7 31.4350013484233 3.03060380479799 -15.969396195203
1982 8 25.3346900044588 6.74193548387098 -1.39784946236503
1982 9 -47.714386959603 7.82393162393198 1.62478632478599
1982 10 40.1495392105721 1.07553763440798 -0.975403225806009
1982 11 500.865957062963 1.71718243442299 -11.809374342133
1982 12 465.530903328051 -14.912324234905 -15.8453267162945
1983 1 52.7809124617121 -26.456132577101 -12.2227933356965
1983 2 -100 -20.729921319103 -32.9501067323486
1983 3 -100 -18.449445680385 -30.5112393400077
1983 4 -100 -7.125373563218 -26.599971264368
1983 5 -31.7500576435324 12.341507539241 1.765164998146
1983 6 -41.3659063657088 10.410496067755 0.583605565637981
1983 7 46.558730808217 -4.55004135649201 0.159636062862027
1983 8 25.3346900044588 -10.193548387097 -14.623655913978
1983 9 -46.0444720056696 -0.509401709401018 1.69145299145299
1983 10 -29.2296991827508 2.043279569892 3.379435483871
1983 11 50.5682843225691 -8.749484232243 -6.47604100879999
1983 12 -100 10.700578990901 -11.3614557485526
1984 1 23.8594228599065 -3.94000354484202 1.48688408365819
1984 2 115.696743192739 -3.270561713191 -6.594195402299
1984 3 -69.1629955947136 3.84087690026 0.0371477567660072
1984 4 -100 6.541293103448 -4.766637931034
1984 5 -16.9933133502421 -12.754071911177 -10.152397725868
1984 6 79.9580977981577 -10.789503932245 -8.24972776769499
1984 7 -23.2933146103987 -18.743589743589 -2.16294458229999
1984 8 -0.481313379597271 -10.451612903226 0.440860215054002
1984 9 -1.18710134656245 -12.676068376068 -6.30854700854702
1984 10 8.32898626325856 5.10779569892399 -3.878629032258
1984 11 -100 6.21718243442299 -9.4760410088
1984 12 48.3359746434232 10.087675765095 0.767576509512011
1985 1 -7.5769788811865 -9.68193902871302 -11.4163417227933
1985 2 -100 2.662935823755 -3.48582101806301
1985 3 -100 7.67958657767903 2.875857434186
1985 4 -58.4245076586433 -10.958706896552 -9.599971264368
1985 5 104.749827069403 7.40721841140299 1.46050549993799
1985 6 51.2669486500374 -18.756170598911 -7.083061101028
1985 7 -21.8788650925762 -6.48552522746002 -0.227460711331986
1985 8 -37.7562336370599 2.870967741935 -0.107526881720013
1985 9 -9.93975903614433 4.99059829059899 -6.80854700854702
1985 10 21.1963136845766 7.043279569892 1.443951612903
1985 11 -17.6799567021468 6.88384910109001 -8.97604100879999
1985 12 -72.1870047543582 3.79735318445 -3.103391232424
1986 1 -100 5.31806097128698 -10.60989010989
1986 2 11.0517885744794 5.87722153803998 -13.12867816092
1986 3 -100 -1.99783277715998 -23.57575546904
1986 4 -100 8.54129310344803 9.73336206896599
1986 5 -40.0507263085082 -0.173426749886971 9.36373130639002
1986 6 43.2554584865134 -19.256170598911 -7.41639443436199
1986 7 -20.7182911292347 -15.356492969396 -0.0661703887509901
1986 8 23.7295498976781 -4.225806451613 -1.88172043010702
1986 9 -15.1222537207652 -8.50940170940103 1.85811965811997
1986 10 37.1935315597288 -18.601881720431 -5.65282258064501
1986 11 100.523182392207 1.88384910109001 9.52395899120001
1986 12 -100 -4.75103391232498 6.896608767576
1987 1 -83.6530710946316 -3.87548741581 1.48688408365819
1987 2 497.971169247197 -20.551349890531 -4.914392446634
1987 3 -100 -23.288155357805 -5.027368372266
1987 4 -95.6236323851203 -18.625373563218 -2.933304597701
1987 5 75.2363384828222 -17.270200943435 -1.926591274255
1987 6 16.6673255063182 -7.08950393224502 -1.91639443436202
1987 7 -10.9622162498954 -13.098428453267 8.159636062862
1987 8 -0.0354411277137464 -5.83870967741902 3.44086021505397
1987 9 10.5023033309712 6.15726495726499 10.85811965812
1987 10 -100 -1.98897849462401 -7.910887096774
1987 11 -89.446148295147 -6.28281756557701 3.190625657867
1987 12 -89.1838351822504 -0.880066170389 12.380479735318
1988 1 -100 2.25354484225399 -0.771180432470704
1988 2 -100 8.66047276956699 14.543735632183
1988 3 472.687224669603 -21.288155357805 9.972631627734
1988 4 -100 -7.62537356321801 12.566695402299
1988 5 -100 4.82657325011303 12.589537758003
1988 6 -37.9610230462111 -2.08950393224502 8.25027223230499
1988 7 -21.770061283513 -11.646815550041 7.83705541770001
1988 8 -28.8387885993894 -12.612903225807 10.860215053764
1988 9 -21.5139971651309 -0.342735042735001 5.35811965811998
1988 10 -16.188488958442 -1.02123655913999 -0.975403225806009
1988 11 -70.4492152264117 10.38384910109 14.190625657867
1988 12 -70.6418383518225 2.99090157154602 17.541770057899
1989 1 -100 10.963222261609 26.4868840836582
1989 2 -100 2.662935823755 18.12132183908
1989 3 -100 -6.83654245457898 -0.833819985169004
1989 4 -100 -7.95870689655199 11.566695402299
1989 5 -94.9273691491814 4.98786357269402 12.912118403164
1989 6 -84.027091486474 12.577162734422 12.583605565638
1989 7 -39.3237424790529 2.224152191895 6.70802315963602
1989 8 -2.44315128788477 -6.645161290323 4.89247311827999
1989 9 -39.0768958185682 -12.176068376068 -3.80854700854702
1989 10 -11.1458876717093 2.043279569892 4.669758064516
1989 11 -50.0451019303626 7.55051576775699 18.690625657867
1989 12 389.817749603804 -19.428453267163 3.993382961125
1990 1 -72.96469450266 2.09225451967399 4.22881956752919
1990 2 81.5269620928991 -21.444207033388 14.549893267651
1990 3 -38.3259911894273 -4.57847793844998 17.327470337412
1990 4 -100 -2.62537356321801 16.066695402299
1990 5 -52.9628775651372 -10.496007395048 18.234699048325
1990 6 -24.6919924628744 -14.089503932245 9.41693889897198
1990 7 34.2639003840682 -11.001654259718 6.38544251447403
1990 8 6.60805542535078 -10.774193548387 7.15053763440899
1990 9 6.18355776045387 -9.84273504273499 3.52478632478597
1990 10 136.306729264476 -10.053494623656 9.831048387097
1990 11 -96.4820494317157 -1.11615089891 7.55729232453401
1990 12 -100 -1.52522746071199 13.509511993383
1991 1 -95.598903756247 -0.488390641617009 15.5191421481742
1991 2 -40.2028830752803 2.30579296661201 21.692750410509
1991 3 -100 15.582812384131 14.972631627734
1991 4 -100 6.207959770115 18.400028735632
1991 5 -100 3.21367002430598 11.94437646768
1991 6 -56.9883121845805 10.243829401089 13.083605565638
1991 7 68.8272437298318 -31.646815550041 2.83705541770001
1991 8 -41.7690839040117 -1.00000000000001 7.63440860215098
1991 9 -25.1993267186391 -18.176068376068 1.69145299145299
1991 10 -42.6186750130412 -15.214784946237 0.153629032257996
1991 11 -90.1497384088039 -15.61615089891 6.02395899120001
1991 12 14.3423137876387 -8.13813068651797 16.574028122415
1992 1 1402.03127518942 -41.198068060971 10.5191421481742
1992 2 32.4079017618793 -28.063665161467 -6.14591954023
1992 3 243.612334801762 -9.41718761586898 14.488760659992
1992 4 746.827133479212 -24.292040229885 -1.59997126436799
1992 5 17.1316578279917 -27.8992332015 2.320720553702
1992 6 -47.7250266830059 9.07716273442201 17.750272232305
1992 7 -14.5164740126287 1.41770057899098 2.67576509512001
1992 8 27.7424001646299 -8.58064516129001 -1.23655913978503
1992 9 -60.4402905740608 -10.509401709401 2.191452991453
1992 10 24.1523213354199 -16.827688172043 -1.781854838709
1992 11 34.3857117084613 -13.449484232243 2.190625657867
1992 12 96.2361331220286 4.60380479735303 21.090157154673
1993 1 -8.20570691600836 -1.29484225452 13.5836582772072
1993 2 -100 4.27007868089699 7.942750410509
1993 3 -100 -7.96557471264297 1.90811549870199
1993 4 -100 -7.79204022988498 4.90002873563201
1993 5 -100 -10.81858804021 -2.57175256457799
1993 6 6.15224466669293 -8.25617059891101 14.416938898972
1993 7 -20.2468079566273 -3.58229942100902 1.70802315963602
1993 8 -11.1376601996135 -4.709677419355 4.73118279569899
1993 9 -17.4255846917078 -5.342735042735 1.52478632478598
1993 10 -45.5746826638845 -0.698655913978996 5.153629032258
1993 11 -100 5.550515767757 12.0239589912
1993 12 -100 4.92638544251403 6.735318444996
1994 1 -100 4.18902871322199 12.2933356965612
1994 2 -100 10.698650109469 14.728464696223
1994 3 -100 5.90539302929201 15.295212272895
1994 4 -10.2844638949672 -5.958706896552 7.566695402299
1994 5 -73.7145492275767 -6.30245900795199 15.976634532196
1994 6 10.258133375499 -6.25617059891102 -0.083061101028008
1994 7 -49.2974249765188 15.288668320927 5.578990901571
1994 8 20.9651419360003 0.612903225806001 -0.107526881720013
1994 9 15.6272147413185 -3.34273504273501 -3.64188034188
1994 10 -2.97339593114241 1.07553763440798 8.54072580645198
1994 11 -37.380479884539 9.55051576775698 15.190625657867
1994 12 -100 14.926385442514 21.735318444996
1995 1 -100 4.51160935838299 16.1643034384972
1995 2 -100 6.77007868089699 25.799893267651
1995 3 -100 3.32474786800201 9.00488969225
1995 4 -100 -11.458706896552 4.400028735632
1995 5 71.5471524094997 3.85883131462897 8.234699048325
1995 6 -19.1840929754517 8.74382940108898 6.75027223230501
1995 7 -24.0549412738415 -3.09842845326699 5.09511993382901
1995 8 -1.23929620779926 -2.61290322580702 7.31182795698899
1995 9 29.9078667611626 -2.17606837606802 6.19145299145298
1995 10 -85.2199617457834 10.430376344086 0.314919354838992
1995 11 -75.3743460220097 3.88384910109 14.690625657867
1995 12 185.855784469097 -9.58974358974398 4.315963606286
1996 1 -100 1.447093229351 -2.2227933356965
1996 2 -95.72877736252 10.557024493705 12.819597701149
1996 3 -100 -11.836542454579 -3.57575546904
1996 4 -89.0590809628009 -10.192040229885 -2.433304597701
1996 5 31.888402121282 0.310444217855022 9.84760227413201
1996 6 -12.3743263364563 -3.922837265578 -3.58306110102802
1996 7 -11.2523597407307 5.93382961124998 6.70802315963602
1996 8 -22.5965770730201 -0.838709677419018 2.95698924731198
1996 9 51.5015946137495 2.65726495726501 -0.308547008547002
1996 10 -8.18988002086594 -14.408333333334 4.669758064516
1996 11 -26.1230380660292 -10.949484232243 1.690625657867
1996 12 -100 -2.81555004135697 11.735318444996
1997 1 -83.0243430598098 -10.327100319036 -1.73892236795451
1997 2 -35.9316604378003 -1.44420703338799 9.01417898193699
1997 3 1886.78414096916 -13.404951798294 7.975968668891
1997 4 1293.87308533917 -47.225373563218 -14.266637931034
1997 5 132.418722619322 -20.657297717629 -0.152397725867992
1997 6 2.59714590662916 3.910496067755 2.916938898972
1997 7 23.3109836050329 6.41770057899098 -0.227460711331986
1997 8 -32.0936560381392 10.129032258064 6.827956989247
1997 9 -5.39068036853269 5.15726495726501 9.85811965811997
1997 10 30.2382194400974 -9.24704301075302 -1.29798387096701
1997 11 35.792891935775 1.38384910109 10.226339943581
1997 12 -100 -7.81555004135697 -12.6840363937139
1998 1 -100 -4.74645515774601 -1.57763204537391
1998 2 -100 -15.908492747674 -29.9143924466343
1998 3 -100 -0.0623489061919713 -1.15640063033
1998 4 -100 8.04129310344802 5.400028735632
1998 5 -100 18.536250669468 10.654053887035
1998 6 -47.925313937094 19.243829401089 11.750272232305
1998 7 29.0050496126771 9.966087675766 7.67576509512001
1998 8 12.4043946998366 -0.193548387097024 3.27956989247298
1998 9 97.1651311126866 -6.00940170940103 8.52478632478597
1998 10 -17.9273169883498 -12.472849462366 14.831048387097
1998 11 -100 5.550515767757 20.190625657867
1998 12 -100 7.50703060380403 13.348221670802
1999 1 -100 2.25354484225399 -3.35182559376101
1999 2 -100 11.055792966612 14.728464696223
1999 3 -100 -0.707510196514001 7.553276789025
1999 4 -100 5.374626436782 9.06669540229901
1999 5 -58.0355084159557 0.794315185597014 2.75082808058301
1999 6 1.64578144971068 4.24382940108899 -0.749727767694992
1999 7 -21.0084346200701 -0.195202646814998 -2.96939619520298
1999 8 17.6656872720622 1.41935483870999 0.537634408601981
1999 9 -46.7354712969524 0.157264957265006 -1.64188034188001
1999 10 -33.2290036515389 -0.859946236559992 -6.781854838709
1999 11 -63.413314089843 -3.28281756557701 -8.14270767546599
1999 12 -100 -6.20264681555 -12.6195202646816
2000 1 -100 10.479351293867 6.0030131159162
2000 2 -100 13.832886562671 11.095459770114
2000 3 -100 3.64732851316301 3.682309047089
2000 4 -100 7.70795977011502 13.733362068966
2000 5 160.548766428407 -4.04439449182298 9.20244098380898
2000 6 -15.5288505883439 -19.756170598911 -4.24972776769501
2000 7 -30.039150772321 11.256410256411 1.38544251447403
2000 8 -8.10572888680554 4.32258064516098 -5.91397849462401
2000 9 -24.681077250177 11.490598290599 -2.14188034188002
2000 10 92.3143801078073 4.14005376344001 6.76653225806499
2000 11 -100 2.55051576775699 13.857292324534
2000 12 31.3391442155309 -7.49296939619597 10.444995864351
2001 1 -100 -4.84322935129402 14.7126905352712
2001 2 -100 7.841507252326 23.299893267651
2001 3 -51.5418502202643 -12.642994067482 -3.414465146459
2001 4 -100 11.374626436782 15.566695402299
2001 5 32.3495503804473 -4.52826545956501 13.395989370906
2001 6 52.1181694799119 -9.58950393224502 -4.91639443436199
2001 7 40.4657175006742 -3.58229942100902 -4.90488006617099
2001 8 -31.5140221106906 2.870967741935 2.79569892473098
2001 9 -30.1514883061657 3.99059829059897 5.69145299145298
2001 10 -18.9706138062946 3.118548387096 1.07298387096799
2001 11 -77.4851163629803 -4.21959917477199 -3.41282261799499
2001 12 -95.364500792393 1.86186931348203 13.670802315964
2002 1 22.6019667902628 4.49432825239299 1.9822757887272
2002 2 115.696743192739 -9.20849274767399 10.77132183908
2002 3 -100 7.84087690026002 19.327470337412
2002 4 -100 7.65623563218401 22.532212643678
2002 5 -16.5321650910768 5.39387024677602 13.585088369794
2002 6 -51.981130832378 -0.888354506957008 1.43992740471898
2002 7 -17.6717844754633 2.546732837056 -0.227460711331986
2002 8 40.4497593433103 5.12903225806401 -1.075268817204
2002 9 -2.79943302622226 -1.176068376068 1.19145299145298
2002 10 38.4107111806642 0.26908602150499 9.02459677419401
2002 11 180.028865235432 -18.782817565577 0.19062565786701
2002 12 -100 -12.009098428454 -1.49048800661699
2003 1 -94.9701757214251 -6.133551931939 16.6481744062392
2003 2 -100 3.55579296661201 12.764178981937
2003 3 -100 -6.03009084167599 -0.0273683722659968
2003 4 -100 3.37462643678201 13.233362068966
2003 5 -59.880101452617 12.891089379145 7.75082808058301
2003 6 5.7015983449947 -6.58950393224501 -6.249727767695
2003 7 24.9793086773363 -0.679073614556991 -1.679073614558
2003 8 -32.3165921640809 1.25806451612899 -0.107526881720013
2003 9 28.2955350815028 -5.84273504273501 0.691452991452977
2003 10 -37.92383933229 -7.956720430108 3.540725806452
2003 11 17.4995489806965 7.217182434423 13.5239589912
2003 12 -100 -3.62200165426 -13.1033912324236
2004 1 133.25810091891 -23.71419709323 5.0352711804322
2004 2 -89.3219434063001 -10.132630678708 -5.62867816092
2004 3 190.748898678414 -0.868800519094997 13.84359936967
2004 4 -100 -17.125373563218 -3.766637931034
2004 5 379.594189531935 -9.85084610472601 -0.313688048448988
2004 6 120.766625818608 -29.589503932245 -16.416394434362
2004 7 -33.8472840895353 -0.517783291975995 0.578990901571004
2004 8 41.7427888737725 3.99999999999999 -1.88172043010702
2004 9 157.685152374203 -5.84273504273501 -3.97521367521403
2004 10 -61.7457833420275 0.430376344085985 8.70201612903301
2004 11 -100 -1.28281756557701 3.35729232453399
2004 12 29.7939778129953 -12.815550041357 3.670802315964
2005 1 -79.8807028857005 -2.74645515774601 11.6481744062392
2005 2 331.393486385478 -23.051349890531 15.978464696223
2005 3 14.5374449339207 -14.57847793845 -1.47898127549199
2005 4 -100 7.37462643678199 11.733362068966
2005 5 -67.7196218584275 -3.72181384666099 -0.152397725867992
2005 6 -52.5819925946424 19.577162734422 10.416938898972
2005 7 25.3419880408805 9.966087675766 -0.550041356492983
2005 8 13.6082497799221 -7.77419354838699 0.860215053763973
2005 9 -17.5407512402549 1.323931623932 -0.975213675214022
2005 10 22.5873761085029 1.07553763440798 2.89556451612899
2005 11 -100 3.38384910108999 7.02395899120001
2005 12 -100 -2.17038875103398 5.606286186931
2006 1 -91.1978075124939 5.64064161644797 -1.093761077632
2006 2 -100 15.520078680897 18.299893267651
2006 3 -100 2.67958657767903 12.391986466444
2006 4 -100 10.874626436782 15.900028735632
2006 5 -86.6267004842057 -5.17342674988701 2.912118403164
2006 6 10.9591387648073 -2.92283726557802 -8.08306110102802
2006 7 -34.2824993257884 8.83705541770098 -2.001654259719
2006 8 57.7941899415794 -5.51612903225802 -5.10752688172001
2006 9 -15.5253366406801 -2.842735042735 -2.47521367521401
2006 10 182.037906451052 -7.795430107527 -1.781854838709
2006 11 1.31697636658859 -10.782817565577 0.19062565786701
2006 12 63.7876386687797 -10.880066170389 -1.81306865177799
2007 1 -10.0918910204739 -12.585164835165 8.4223679546262
2007 2 145.595301655099 -8.408492747674 0.62132183908
2007 3 -100 2.195715609937 9.972631627734
2007 4 -67.1772428884026 -11.625373563218 -1.099971264368
2007 5 -75.0979940050726 -9.20568481440299 1.13792485477699
2007 6 -38.6620284355194 -5.08950393224499 -6.249727767695
2007 7 35.9322254563716 -1.16294458229902 -3.45326716294498
2007 8 -14.6600509894934 -2.45161290322599 -4.62365591397802
2007 9 33.5356130403973 -2.009401709401 -6.64188034188001
2007 10 40.6711876195444 -5.85994623655999 -4.36250000000001
2007 11 31.5713512538338 -2.782817565577 -1.64270767546601
2007 12 -78.3676703645008 8.15219189412701 11.896608767576
2008 2 -100 6.94865010946899 8.657036124794
2008 3 -100 -9.57847793844998 -4.05962643678199
2008 4 -89.0590809628009 5.374626436782 8.566695402299
2008 5 -83.3986626700484 -10.334717072468 0.170182919293005
2008 6 71.4959613129355 -11.589503932245 -8.91639443436201
2008 7 19.7204579059452 -9.38875103391201 -4.09842845326697
2008 8 -29.418422526838 -9.225806451613 0.0537634408599885
2008 9 25.8194542877395 -11.009401709401 -7.47521367521401
2008 10 -41.0537297861242 -11.988978494624 -5.00766129032201
2008 11 -100 -12.61615089891 -10.142707675466
2008 12 -100 -2.00909842845398 0.606286186930998
2009 1 -79.2519748508786 6.76967387451199 19.7126905352712
2009 2 -100 9.80579296661201 10.799893267651
2009 3 -47.136563876652 1.22797367445301 9.65005098257301
2009 4 -97.8118161925602 -4.625373563218 2.066695402299
2009 5 98.2937514410883 -15.657297717629 -4.345946112965
2009 6 -43.5189943471558 -2.42283726557801 0.0836055656380097
2009 7 -32.9405856806748 13.51447477254 2.67576509512001
2009 8 -51.934971246956 7.06451612903198 -2.68817204301101
2009 9 4.97430900070901 0.323931623931983 1.85811965811997
2009 10 -11.8414188836724 -6.82768817204302 6.443951612903
2009 11 -84.521017499549 -14.11615089891 -4.80937434213299
2009 12 176.584786053883 -14.589743589744 2.05789909015701
