"anio" "mes" "ppAcc" "mTmax" "mTmin"
1970 1 -100 3.85193811931501 2.00109249967349
1970 2 118.479745106964 1.28538165936899 10.436372719394
1970 3 -100 8.21924426611499 1.442183643201
1970 4 -100 24.958645320197 3.299449917898
1970 5 -100 21.989250131589 4.93126926836602
1970 6 1.94496975465578 -4.48092706622798 6.77601122058103
1970 7 23.6844344841281 -10.310361821778 0.929232068553993
1970 8 0.755061799644108 13.805792419945 6.12005686517801
1970 9 -37.1772673643565 4.320891909815 10.56092696097
1970 10 -73.9108621122167 25.672057497975 3.12612379723999
1970 11 -74.0129935032484 -4.13833628057798 -5.628643490314
1970 12 -100 24.699830815839 9.5929367212835
1971 1 -58.7228788146057 23.271292958024 19.9043183061255
1971 2 -100 17.755161879149 -5.26417673115509
1971 3 -100 29.950427061814 12.574441707717
1971 4 -30.5153445280834 19.691978653531 -10.267216748768
1971 5 0.491768227496252 24.247314647718 1.382882171592
1971 6 49.5359875762396 -2.41426039956199 2.84267788724701
1971 7 -2.98147570281694 1.27028333951298 7.83245787500501
1971 8 1.47645842350791 -5.87162693489301 8.05554073614601
1971 9 87.2423884896496 7.45307581786101 8.56552466212001
1971 11 -80.5097451274363 18.411663719422 1.83088031921001
1971 12 -85.1851851851852 25.119185654549 16.8510012374125
1972 1 -86.2409596048686 26.174518764476 15.6139957254795
1972 2 -100 31.345063356982 -8.95752648484969
1972 3 -100 -4.79150842205701 -16.457816356799
1972 4 62.1308627678054 16.6919786535311 -4.367216748768
1972 5 9.47188368612358 1.60215335739501 -6.68163395743999
1972 6 -26.910215787694 -12.414260399562 3.90934455391402
1972 7 -40.2759259784592 -6.858748918552 1.28407077823098
1972 8 -43.1539460395325 8.57998596833202 -3.13800765095099
1972 9 -34.0514533502904 15.953075817861 0.532191328785991
1972 10 0.769295091562884 23.303393903505 12.50746020277
1972 11 132.583708145927 26.778330386089 31.097546985876
1972 12 -45.1851851851852 26.570798557775 2.1090657535416
1973 1 96.0663256306232 -0.0190296226210052 -15.6118107261329
1973 2 14.7018661811561 16.290876164863 -2.37131958829799
1973 3 -100 9.56333028762099 9.67121590126601
1973 4 -100 0.0253119868640539 -9.70055008210199
1973 5 -0.791105409450512 -2.26881438454001 5.89901120385001
1973 6 -12.9334852906183 1.75240626710501 7.74267788724703
1973 7 35.9015819882178 -1.536168273391 -6.135284060479
1973 8 24.3687779541192 14.386437581236 -6.84768507030599
1973 9 4.56154329405635 -9.04692418213898 3.86552466211999
1973 10 66.1551969228197 -18.309509322301 7.83004084793101
1973 11 -100 -9.55500294724498 1.597546985876
1973 12 -100 -19.719524022871 -21.7619019883939
1974 1 -79.3614394073028 6.593873603186 -0.998907500326496
1974 2 -100 9.14801902200598 -14.3356053025837
1974 3 176.381909547739 13.756878674717 -14.038461518089
1974 4 624.95657209033 3.35864532019706 -8.70055008210199
1974 5 186.508445584777 -5.33333051357303 -22.326795247763
1974 6 -5.97016794619711 -4.580927066228 -9.25732211275298
1974 7 21.868883152251 -12.503910208874 -7.586896963704
1974 8 -18.434088395133 0.354179516719988 -5.718652812242
1974 9 -39.261143373734 3.78640915119401 -5.30114200454701
1974 10 -73.5847478886194 2.496942290602 -16.202217216585
1974 11 -100 10.278330386089 -12.06911968079
1974 12 424.444444444444 -6.33242724867699 6.9477754309605
1975 1 32.7747398130185 -6.47064252584698 -4.5472945971007
1975 2 -100 -2.10198097799402 -13.7998910168694
1975 3 -100 11.337523836008 -7.264267969702
1975 4 -100 16.191978653531 -6.20055008210199
1975 5 -34.5734445157152 -10.655911158734 -22.649375892924
1975 6 8.55761644144425 -2.41426039956199 -13.257322112753
1975 7 24.6678581222282 -10.729716660487 -13.328832447575
1975 8 16.9143461741932 -2.38775596715101 -6.52510442514499
1975 9 -8.79977935430488 -2.71359084880597 -8.80114200454701
1975 10 -100 10.400168097053 -12.331249474649
1975 11 -100 11.611663719422 -17.9024530141237
1975 12 -22.962962962963 5.76434694487101 -14.0199665045229
1976 1 -100 3.20677682899202 -11.8053591132297
1976 2 -1.68411470186617 7.27609783974 -12.1989057951945
1976 3 382.412060301508 15.208491577943 1.92928041739501
1976 4 404.921829762594 -0.308021346468976 -8.86721674876799
1976 5 -100 -0.0107498684109686 -5.06873073163399
1976 6 -40.4360840106704 14.085739600438 3.74267788724701
1976 7 -3.7379554244324 -11.536168273391 -3.715929221769
1976 8 -27.0908478814986 -4.00065919295798 -4.42833023159599
1976 9 27.6067603389363 1.45307581786103 -0.634475337880005
1976 10 -12.7644451877247 -3.14821899972099 -4.428023668198
1976 11 483.408295852074 -43.721669613911 -9.90245301412399
1976 12 -100 -11.171136926096 15.8187431728965
1977 1 -100 -0.180319945200971 -2.7731010487136
1977 2 -100 6.46944759343498 -7.9070338740123
1977 3 -100 18.595588352137 -2.74813893744399
1977 4 360.914881297047 -11.474688013136 -17.033883415435
1977 5 -47.4021808851828 1.11828238965302 -4.26227911872999
1977 6 12.8658559495034 -7.080927066228 -5.923988779419
1977 7 13.7367261448848 0.721896242738005 -0.812703415317007
1977 8 27.6872024238926 5.99934080704202 1.53941170388702
1977 9 8.79058578367528 12.119742484527 0.0321913287860021
1977 10 -36.4077263985283 3.62597454866602 1.378427944706
1977 11 79.3103448275861 -1.055002947245 -8.06911968079
1977 12 31.8518518518519 9.95789533196799 -12.4070632787165
1978 1 -100 13.206776828992 -9.38600427452
1978 2 67.5011379153391 -16.619176745189 -19.408356625335
1978 3 -100 1.01494319084701 -11.135235711638
1978 4 -100 12.5253119868641 -5.033883415435
1978 5 -100 9.34408884126597 -7.649375892924
1978 6 -33.3725750497827 1.75240626710501 5.57601122058102
1978 7 -10.2815050164062 1.20576721048 3.21955464919899
1978 8 -25.0228442264224 7.289663387687 -0.0734915219189958
1978 9 52.7971438640577 2.786409151194 -3.46780867121399
1978 10 12.9985784764613 -8.79338029004298 -3.46028173271399
1978 11 12.3938030984507 17.944997052755 -4.73578634745699
1978 12 28.8888888888889 18.022411461 4.04454962450931
1979 1 -100 15.30355102254 -7.9343913712942
1979 2 129.403732362312 5.04087616486299 -2.72846244544089
1979 3 -100 20.692362545685 -3.23200990518599
1979 4 -100 21.358645320197 -10.367216748768
1979 5 -35.856318152662 9.18279851868498 -14.584859763892
1979 6 -17.9430661139429 15.085739600438 -1.25732211275299
1979 7 44.714570745038 25.942326350265 3.16041486425299
1979 8 26.8696195835137 -0.290981773603001 -2.654136683209
1979 9 0.0260484501172118 4.95307581786101 -4.301142004547
1979 10 -100 33.787264871247 -13.460281732714
1979 11 -100 13.778330386089 -17.235786347457
1979 12 528.148148148148 -7.30016918416098 4.04454962450931
1980 1 631.292997001237 -6.47064252584698 -8.7408429841974
1980 2 18.3431952662722 -8.58597112577701 3.663163170323
1980 3 -100 22.143975448911 10.961538481911
1980 4 -100 2.02531198686401 -3.200550082102
1980 5 -100 13.376346905782 4.76997894578602
1980 6 -38.933209763673 24.252406267105 11.909344553914
1980 7 -27.8696585439657 19.270283339513 5.155038520167
1980 8 -19.8768816428606 6.80579241994501 7.991024607113
1980 9 -32.4579011078253 3.486409151194 8.198857995453
1980 10 47.7297432895728 10.077587451892 2.668750525351
1980 12 134.074074074074 7.86112113842002 8.3993883341865
1981 1 303.139883577351 -9.69644897745997 -12.2892300809716
1981 2 91.1697769685935 18.433733307721 2.27153755455911
1981 3 0.502512562814071 5.04720125536299 2.897022352878
1981 4 -100 2.19197865353102 -1.867216748768
1981 5 -78.618772717554 8.69892755094298 -8.13324686066599
1981 6 41.7210414918531 6.91907293377199 2.90934455391401
1981 7 -0.220324718920497 4.91544462983498 5.155038520167
1981 8 -40.3645457605925 11.483211774784 4.60392783292001
1981 9 -35.4611341801633 11.619742484527 0.698857995453004
1981 10 -49.4522953424199 21.851781000279 5.410686009222
1981 11 129.985007496252 21.778330386089 2.264213652543
1981 12 -11.1111111111111 14.151443719065 -2.40706327871649
1982 1 -100 31.432583280605 5.7752860480606
1982 2 91.1697769685935 20.933733307721 1.2001089831306
1982 3 -100 27.143975448911 5.47766751416901
1982 4 -100 32.358645320197 5.96611658456499
1982 5 -100 11.118282389653 3.479656365141
1982 6 -34.8754492967801 42.942061439519 6.94382731253501
1982 7 40.8565241647991 11.367057533061 -1.135284060479
1982 8 -21.9448852979368 17.612244032849 -1.363814102564
1982 9 -31.8449963991848 18.953075817861 -5.46780867121401
1982 10 -48.963124007024 14.271135838989 -0.234475281101005
1982 11 432.733633183408 14.542698202181 -5.632338071595
1982 12 411.111111111111 -3.106620797064 -7.5683536012971
1983 1 106.385605926972 -12.922255429072 -7.127939758391
1983 2 -100 -1.56626669227901 -31.2998910168694
1983 3 -100 -9.14634713173403 -25.1674937761538
1983 4 -100 -4.47468801313597 -34.367216748768
1983 5 36.8398546076545 14.182798518685 -20.068730731634
1983 6 -41.6383834082683 22.452406267105 -5.090655446086
1983 7 7.07970459466872 4.43157366209299 4.83245787500501
1983 8 -11.0277497234646 3.74127629091301 4.76521815550001
1983 9 -48.025680707292 10.286409151194 4.03219132878601
1983 10 -79.6178610251693 16.206619709957 -1.36350753916501
1983 11 39.6801599200399 13.944997052755 1.76421365254301
1983 12 -100 25.280475977129 -5.31028908516809
1984 1 13.5120832598345 13.368067151573 1.5817376609639
1984 2 -100 18.827821977671 0.0424735151502986
1984 3 -100 5.53107222310498 -12.264267969702
1984 4 -100 8.69197865353101 -9.70055008210199
1984 5 -29.8695745135771 7.408604970298 -6.197762989698
1984 6 90.5143587110348 1.75240626710501 -25.757322112753
1984 7 -17.3924143995915 10.883186565319 -15.973993737898
1984 8 -31.8039724907421 11.805792419945 -9.26703990901599
1984 9 -52.0708517843188 18.619742484527 -15.801142004547
1984 10 -13.090559411322 14.529200355118 -5.933400012284
1984 11 -100 20.444997052755 -15.9024530141237
1984 12 -100 8.34499210616201 -36.4393213432326
1985 1 -72.4819192097371 9.335809087057 -18.5795526616168
1985 2 -100 21.290876164863 -13.2641767311551
1985 3 -100 -4.63021809947602 -12.264267969702
1985 4 -100 11.858645320197 -11.367216748768
1985 5 -14.475090870216 15.31183077675 -13.939698473569
1985 6 1.29372424762357 -7.914260399562 -8.75732211275299
1985 7 -20.4183332860533 5.721896242738 -8.07076793144599
1985 8 -20.5982782667244 4.06385693607401 -6.331556038048
1985 9 -15.1126978533013 7.95307581786101 -10.301142004547
1985 10 73.9819382891547 16.690490677699 -2.976410764972
1985 11 -80.5097451274363 18.278330386089 -3.06911968079
1985 12 -100 36.732088880355 8.0768076890255
1986 1 -100 27.400325216089 -14.2247139519394
1986 2 14.7018661811561 10.755161879149 -41.2998910168694
1986 3 -100 0.208491577942986 -4.19975184066999
1986 4 -100 19.358645320197 6.799449917898
1986 5 133.055377378662 12.89247593804 0.899011203850009
1986 6 46.780718123411 -3.01426039956198 -12.090655446086
1986 7 -46.1764678070598 1.36705753306099 -3.23205825402701
1986 8 -20.0692540758909 11.483211774784 -5.23478184449999
1986 9 -13.335274198244 11.619742484527 -1.13447533788001
1986 10 89.472363910026 -2.180477064237 -7.81512044239101
1986 11 205.347326336831 12.444997052755 8.764213652543
1986 12 -70.3703703703704 -2.62274982932198 7.1090657535415
1987 1 -86.2409596048686 -20.502900590363 -4.5472945971007
1987 2 671.961766044606 -29.423409549422 -3.97846244544089
1987 3 402.51256281407 -35.114089067218 -10.006203453573
1987 4 -100 -37.641354679803 7.466116584565
1987 5 100.983536454993 -37.333330513573 0.576430558689012
1987 6 6.00273022154871 -25.747593732895 9.57601122058101
1987 7 -29.306970015035 -18.310361821778 12.574393358876
1987 8 29.5628336459385 -20.774852741345 7.02328267162901
1987 9 -83.0225395706603 -5.38025751547298 -18.13447533788
1987 10 -100 -13.470799644882 -4.266733345617
1987 11 -67.5162418790605 -22.888336280578 6.09754698587601
1987 12 -100 -11.009846603516 -3.052224569039
1988 1 -100 14.980970377379 27.0656086287055
1988 2 -100 -13.585971125777 12.111439032392
1988 3 251.758793969849 -28.662476163992 2.09057073997501
1988 4 -100 -25.974688013136 3.299449917898
1988 5 -100 -12.10752406196 -1.036472667117
1988 6 -45.646048066928 4.585739600438 -12.757322112753
1988 7 -45.5334600436867 24.915444629835 -7.586896963704
1988 8 20.6175155100274 9.22514725865501 -7.492846360629
1988 9 -23.5094923616751 -5.81359084880599 -7.467808671214
1988 10 -15.8625303118989 -23.148218999721 -32.008668829488
1988 11 -100 -4.55500294724498 -14.5691196807903
1988 12 -100 -1.009846603516 -18.8586761819423
1989 1 -100 13.863061589837 0.708545224923807
1989 2 -54.4833864360492 -1.20912383513701 -3.97846244544089
1989 3 -100 -7.07837478150402 -22.8863877853704
1989 4 -100 -4.97468801313598 -6.867216748768
1989 5 -87.1712636305324 -1.13978212647602 -8.29453718324599
1989 6 -64.181497113229 1.390337301588 -0.469965790913989
1989 7 -42.5075411572249 -10.729716660487 -2.748187286285
1989 8 12.6821526475256 -22.49720297176 -3.823491521919
1989 9 -38.7095291359576 -27.880257515473 -12.967808671214
1989 10 -1.3504473618195 -11.304132978215 -10.266733345617
1989 11 -60.3698150924538 -2.88833628057798 -5.06911968079001
1989 12 388.888888888889 -32.784040151903 -9.9877084400068
1990 1 -38.0843182219085 -7.11580381616898 -10.3537462100039
1990 2 34.7291761492945 -27.878436004449 -1.44539366237209
1990 3 161.306532663317 -10.275379389799 -3.87717119550899
1990 4 -100 -14.474688013136 -11.033883415435
1990 5 -44.4088090656404 -14.494620836153 2.35062410707602
1990 6 -1.81221586283768 -24.414260399562 2.90934455391401
1990 7 75.2385275122219 1.00554474107 -19.833838009311
1990 8 21.7717501082095 10.267082742526 -25.873491521919
1990 9 -18.3610928090955 9.036409151194 -46.301142004547
1990 10 69.4163391587926 -3.78114447246798 -9.88742300078901
1990 11 -100 11.611663719422 1.781455031853
1990 12 -100 -8.13242724867699 -4.76512779484549
1991 1 -97.2481919209737 -5.82548123552399 2.5494795964477
1991 2 103.9144287665 -2.81626669227901 12.450108983131
1991 3 -100 18.273007706976 -4.03846151808899
1991 4 -100 6.025311986864 -1.53388341543501
1991 5 -100 5.15054045416896 -7.488085570343
1991 6 -26.4092577053615 -8.41426039956197 4.24267788724702
1991 7 22.5497149017049 -40.729716660487 2.89697400403799
1991 8 -16.0294329822536 -34.161949515539 -0.396072167079993
1991 9 -24.79659224982 -29.482821618037 -2.108834312239
1991 10 -46.5172673300443 -27.019186741656 3.313911815673
1991 11 -79.8600699650175 -14.188336280578 -2.33578634745699
1991 12 -24.4444444444444 -17.132427248677 11.9348722051545
1992 1 967.013582642444 -51.309352203266 4.467165914579
1992 2 54.7564861174329 -39.767324893338 -10.334282551261
1992 3 -100 -17.971231924361 3.720755071772
1992 4 113.086276780544 -33.403259441707 -19.962454844006
1992 5 79.6023091725465 -35.365588578089 -11.520343634859
1992 6 -6.32083860382983 -18.914260399562 -0.0906554460859965
1992 7 -21.477404896315 -10.335451427512 -1.48773328389501
1992 8 91.410570865195 -22.366250590807 -2.406824855252
1992 9 -55.7482800361614 -11.927876563092 1.984572281167
1992 10 235.571536081612 -26.24857742266 -1.85932593821001
1992 11 -70.7646176911544 -26.513336280578 -3.735786347457
1992 12 -48.1481481481481 -0.132427248676983 14.7348722051545
1993 1 78.8675251367088 -11.886275280189 9.0507202912368
1993 2 -100 -5.93769526370799 -4.771319588298
1993 3 -100 -15.947422400551 -5.291149690132
1993 4 -100 -14.474688013136 -3.533883415435
1993 5 -52.9612999786188 -21.293741070757 -5.99981577562199
1993 6 -11.029844577755 -13.303149288451 12.576011220581
1993 7 35.4098701691678 -24.224340316401 -8.83958513574701
1993 8 -22.858654354831 -11.097433386506 -2.654136683209
1993 9 -18.8514165760078 -13.546924182139 -2.13447533788001
1993 10 -18.4714441006773 -13.470799644882 -3.059836793893
1993 11 -100 -3.38833628057799 9.533444421774
1993 12 -100 7.18609126984202 -0.405868535586205
1994 1 -100 -1.88627528018898 0.204566445083003
1994 2 -100 4.65397140295899 12.837013745035
1994 3 -100 3.100196647068 12.292183643201
1994 4 38.9693109438332 -10.16434318555 -0.171814449918006
1994 5 -100 -3.39164316865897 -3.02778780359398
1994 6 15.6712212105652 -18.283308018609 -13.019226874657
1994 7 -38.6116705909052 5.60899301693198 -0.506251802414006
1994 8 67.556389169432 -18.199583924141 -6.74015818858599
1994 9 37.0454928519988 -15.880257515473 -8.967808671214
1994 10 68.6010535997994 -10.40628351585 6.53971826728601
1994 11 72.1639180409794 6.784077512525 6.43662744564601
1994 12 -100 12.846144179894 16.9420150622975
1995 1 -100 -2.79083368474698 3.6689539094704
1995 2 -23.5320892125626 2.462304736292 22.948680411702
1995 3 -100 -2.79266049578901 6.756469357487
1995 4 -100 -3.095377668308 -2.240779967159
1995 5 4.76801368398545 2.40322862621198 6.48503270922699
1995 6 -9.37668290605784 0.0301840448830148 -4.64621100164198
1995 7 -29.6852098758428 -3.31036182177801 0.961490133069987
1995 8 -13.1438464867984 -15.917532642089 -1.804260752688
1995 9 -32.5191915786893 -5.49930513451997 1.09171513830999
1995 10 -90.2165732920813 5.36253368845102 -7.26673334561701
1995 11 -100 5.36166371942201 9.6570707954
1995 12 225.925925925926 -14.880814345451 -0.632869730329393
1996 1 -100 0.476362082447999 -7.0069720164555
1996 2 -100 11.899341773329 10.40645818948
1996 3 -100 -12.372153583347 -0.812655066475987
1996 4 -100 -11.641354679803 -7.700550082102
1996 5 138.614496472097 -0.314720091735978 0.0491352733289929
1996 6 24.3377960349168 -2.23035235358498 -14.607896825396
1996 7 -30.4038656113775 7.942326350265 -4.50625180241399
1996 8 -8.43072187755495 -14.000659192958 -5.39607216707999
1996 9 55.8616674072599 -13.905898541114 2.12193491853
1996 10 -2.16573292081273 -20.804132978215 1.73326665438299
1996 11 -9.04547726136936 -16.721669613911 -3.56911968079
1996 12 -100 -6.65500789383799 9.8832593019285
1997 1 -71.106015170224 -12.115803816169 -5.3537462100039
1997 2 -36.2767410104688 -4.60198097799402 5.66439469741601
1997 3 1281.90954773869 -2.70029596377 -4.21643704645399
1997 4 1437.92704111175 -42.405722495895 -21.895952380952
1997 5 61.2144537096429 -11.930104707121 -12.68163395744
1997 6 -10.0780242213233 14.838613163657 -5.98720717022399
1997 7 -28.7774342099042 16.528347855642 2.09052239113401
1997 8 -49.502236329534 20.676760161881 -1.20252377998399
1997 9 -25.0417541332761 20.453075817861 7.19885799545299
1997 10 88.8201354628314 -1.53531577391398 -9.75060431335899
1997 11 88.4057971014492 3.611663719422 2.43088031920999
1997 12 -100 -2.30016918416098 -20.6328697303294
1998 1 -100 -1.14806188068499 -11.3214881454878
1998 2 -100 -9.06626669227901 -32.5498910168694
1998 3 -100 3.75687867471697 -9.19975184066999
1998 4 -100 17.691978653531 7.466116584565
1998 5 -100 26.924734002556 7.67320475223702
1998 6 -17.3920122233772 29.752406267105 14.242677887247
1998 7 15.5901014628427 20.721896242738 9.02600626210202
1998 8 39.8066657048045 10.192889194139 3.15231492969399
1998 9 54.7584389317071 -1.71359084880599 13.86552466212
1998 10 -15.5364160883017 -1.69660609649497 14.92681504148
1998 11 -100 12.278330386089 18.597546985876
1998 12 -100 13.667572751323 9.6897109148315
1999 1 -100 8.04548650641102 -15.3537462100039
1999 2 -100 13.612304736292 10.842966125988
1999 3 -100 6.82139480375 6.284119127072
1999 4 -100 13.3586453201971 11.299449917898
1999 5 -40.5601881548001 10.634411421911 4.93126926836602
1999 6 12.8658559495034 8.752406267105 4.076011220581
1999 7 -2.98147570281694 5.39931559757697 -2.264316318543
1999 8 8.20949357957004 4.22514725865501 4.12005686517801
1999 9 -24.919173191548 3.45307581786102 2.698857995453
1999 10 -8.5249602809599 2.819522935763 -8.46028173271399
1999 11 209.245377311344 -2.88833628057798 -15.235786347457
1999 12 -100 -1.81629821641899 -21.4393213432326
2000 1 -100 13.690647796734 -3.9021333067781
2000 2 -100 15.379546115602 -2.5437333814015
2000 3 -100 5.04720125536299 -2.264267969702
2000 4 -100 11.525311986864 10.466116584565
2000 5 392.623476587556 5.63441142191103 7.18933378449499
2000 6 -9.72735356369057 -14.247593732895 -2.42398877941898
2000 7 -26.8862349058655 16.0444768879 -7.10302599596201
2000 8 -35.4109556100611 10.838050484461 -7.170265715467
2000 9 -26.1449826088289 14.907098806366 3.38851316786698
2000 10 87.189564344845 13.362533688451 6.89993332104999
2000 11 -58.4207896051974 4.27833038608902 7.93088031921
2000 12 -25.9259259259259 8.18370178358101 1.6251947857997
2001 1 -100 -0.986771558104991 8.1946408867703
2001 2 -100 10.933733307721 20.307251840273
2001 3 126.130653266332 -12.856024551089 -6.78039700195999
2001 4 -100 12.249449917898 15.690254515599
2001 5 -1.21872995509942 -2.752685352282 14.931269268366
2001 6 7.35531704384636 -3.747593732895 -13.257322112753
2001 7 24.8569780526321 4.10899301693199 -2.264316318543
2001 8 -9.92160823354013 8.80041607585902 9.75984181141399
2001 9 -30.3127346275838 4.95307581786101 13.86552466212
2001 10 -60.0510076093319 2.65823261318303 -0.395765603682001
2001 11 -100 0.77833038608901 -4.235786347457
2001 12 -33.3333333333333 2.86112113842002 12.2703560761225
2002 1 58.2289645440117 3.36806715157302 -1.8053591132297
2002 2 209.512972234866 -3.70912383513701 12.271537554559
2002 3 -100 14.079459319879 20.638957836749
2002 4 -100 20.691978653531 30.299449917898
2002 5 56.0829591618559 15.956992067073 23.640946687721
2002 6 -28.6134732676243 4.83861316365704 7.97831007115501
2002 7 30.6818719090711 -4.76197472500299 6.28407077823098
2002 8 -18.8188332611937 12.773534355429 3.79747622001599
2002 9 23.3777178493174 1.61974248452701 11.532191328786
2002 10 5.17183711012632 4.59371648415001 14.281653751157
2002 11 179.36031984008 -18.388336280578 -0.902453014124003
2002 12 -100 -3.75178208738699 -2.08448263355519
2003 1 -51.1554065972834 -1.63193284842698 11.4204473383832
2003 2 -100 3.43373330772099 16.735823268845
2003 3 -100 -1.88828261560502 0.316377191588
2003 4 -100 1.69197865353105 19.799449917898
2003 5 58.2210818901005 14.182798518685 25.89901120385
2003 6 30.3492930229063 4.41907293377199 11.242677887247
2003 7 58.3312057341163 2.01221882338398 5.316328842747
2003 8 31.3422786514693 5.67676016188102 4.60392783292001
2003 9 43.2358304092671 1.78640915119402 11.36552466212
2003 10 110.017559996655 6.52920035511801 8.63649246083499
2003 11 -61.0194902548726 8.611663719422 20.43088031921
2003 12 -100 -1.97758853899998 -13.536095536781
2004 1 177.932615981655 -26.954513493589 10.130124757738
2004 2 -63.5867091488393 -13.930798711984 -9.26787131243589
2004 3 216.582914572864 1.660104481169 19.348635256104
2004 4 -100 -18.808021346469 4.966116584565
2004 5 336.177036561899 -10.817201481315 7.51191442965702
2004 6 151.931819604995 -32.414260399562 -10.423988779419
2004 7 -36.9474152033512 -3.9555231121 3.21955464919899
2004 8 38.9890828644255 4.709018226397 5.249089123242
2004 9 160.974824939093 -6.21359084880599 3.86552466211999
2004 10 -48.1478384480307 0.884039064795026 14.120363428577
2004 11 -100 -2.221669613911 3.93088031921
2004 12 18.5185185185185 -13.913072409967 1.3026141406384
2005 1 -79.3614394073028 -3.24483607423399 10.130124757738
2005 2 373.372781065089 -21.030552406565 22.092966125988
2005 3 0.502512562814071 -25.275379389799 -2.58684861486399
2005 4 -100 6.52531198686404 18.132783251232
2005 5 -71.3491554415223 -1.30107244905702 0.899011203850009
2005 6 -61.2759402357008 23.585739600438 14.909344553914
2005 7 35.9394059742986 5.07673495241598 7.413103036296
2005 8 -10.2582599913432 -4.80711080586101 7.668443961952
2005 9 -59.8547415840522 5.78640915119401 9.86552466212
2005 10 18.0533489422193 1.69049067769901 15.733266654383
2005 11 -93.5032483758121 -0.388336280577981 3.764213652543
2005 12 -100 0.441766299710018 1.947775430961
2006 1 -100 1.593873603186 -1.1601978229071
2006 2 -100 11.112304736292 23.878680411702
2006 3 -100 4.079459319879 17.090570739975
2006 4 -100 8.525311986864 26.466116584565
2006 5 -82.8950181740432 -5.01074986841097 18.640946687721
2006 6 65.0155923203126 -4.91426039956199 1.74267788724702
2006 7 7.00405662250716 2.65738011370598 8.38084497177999
2006 8 32.1598614918482 -13.032917257474 6.53941170388702
2006 9 72.3488040696873 -4.04692418213898 5.198857995453
2006 10 49.5233715193579 -7.98692867713999 8.959073105996
2006 11 57.2213893053472 -10.388336280578 5.09754698587601
2006 12 144.444444444444 -11.009846603516 -3.3748052142003
2007 1 -41.5240783206913 -17.438384461331 13.3559312093505
2007 2 182.203004096495 -16.209123835137 5.66439469741601
2007 3 -100 1.660104481169 18.542183643201
2007 4 64.4470179502027 -13.308021346469 9.799449917898
2007 5 -55.0994227068634 -7.913975674863 13.640946687721
2007 6 -23.9545631019324 -5.08092706622797 6.40934455391402
2007 7 4.12943368036841 -1.697458595971 4.50987722984401
2007 8 -0.158707257250042 0.999340807042017 5.73296009098399
2007 9 34.348712133981 3.619742484527 9.19885799545298
2007 10 -45.0497533238565 -1.53531577391398 3.959073105996
2007 11 -6.4467766116942 1.77833038608902 0.930880319210008
2007 12 -100 13.344992106162 15.0122915599935
2008 2 -100 5.55195990870597 10.214887308254
2008 3 -100 -7.37215358334701 0.638957836749015
2008 4 -100 6.52531198686404 17.632783251232
2008 5 -95.7237545435108 -4.52687890066898 10.73772088127
2008 6 49.6862750009393 -4.580927066228 0.409344553914011
2008 7 8.51701606573808 -8.47165214435801 5.80019981048899
2008 8 -12.9033809455105 3.74127629091301 10.410379445823
2008 9 82.4617317622543 -10.046924182139 1.032191328786
2008 10 21.4775482899909 -7.503057709398 0.571976331802002
2008 11 -100 -17.555002947245 -0.902453014124003
2008 12 -100 -37.622749829322 7.7542270438645
2009 1 -3.68671723407985 -28.567416719395 29.0010924996735
2009 2 -96.3586709148839 -45.851980977994 25.664394697416
2009 3 -100 -48.01731487367 28.058312675459
2009 4 -76.8384481760278 -49.474688013136 17.132783251232
2009 5 78.3194355355998 -43.397846642605 15.092559590947
2009 6 -47.5997845880246 -2.58092706622797 16.409344553914
2009 7 -28.2857223908542 -19.116813434681 17.090522391134
2009 8 -15.3561294666474 -30.129691451022 15.410379445823
2009 9 63.9520095613135 -37.880257515473 18.532191328786
2009 10 -5.26381804498699 -28.470799644882 22.830040847931
2009 11 -79.8600699650175 -53.888336280578 6.76421365254301
2009 12 30.3703703703704 -46.655007893838 12.5929367212835
