"anio" "mes" "ppAcc" "mTmax" "mTmin"
1970 1 -100 0.585348189073969 3.49554449999389
1970 2 114.705882352941 -5.54598052011798 21.2910333599989
1970 3 -100 1.88118707395603 10.5158495194091
1970 4 -78.1308411214954 31.016144583386 25.0575628394594
1970 5 -44.311377245509 8.32068073409303 9.54472875737739
1970 6 52.6423520655001 -5.76640141467699 22.3000589448865
1970 7 -24.881693648817 0.419069281972 22.8081102489705
1970 8 -16.1808655868356 5.68216156603199 19.7293906810036
1970 9 14.6916615447654 -1.97169928549201 22.5263746505125
1970 10 10.8150921658986 10.527801358235 18.6838473872854
1970 11 -67.9543579873523 5.058247903075 1.5931655793724
1970 12 -100 18.37422675753 4.82769485317236
1971 1 -10.9522925561536 9.45631593100998 16.7213509516068
1971 2 -100 -0.18883766297499 -0.316109497143979
1971 3 269.754098360656 13.171509654602 19.3868172613446
1971 4 25.8691588785045 -2.48385541661399 -1.4424371605406
1971 5 52.8942115768463 4.44971299215801 18.2544061767322
1971 6 45.143282471157 -31.266401414677 17.6333922782198
1971 7 -29.0909090909091 -18.129317814802 16.3564973457447
1971 8 17.0589971589857 -22.543644885581 11.8261648745519
1971 9 67.2997336611349 -14.971699285492 25.6930413171792
1971 10 -21.1981566820277 -13.504456706281 28.5225570647048
1971 11 -63.8850701127303 -13.441752096925 14.0931655793724
1971 12 175.699558173785 -16.948353887631 24.1825335628498
1972 1 -47.1505476146278 -17.9630389077 24.4632864354778
1972 2 13.7254901960784 -14.880955889576 5.92157523192006
1972 3 123.770491803279 -23.118812926044 10.3545591968284
1972 4 1.08411214953259 8.18281125005203 19.2242295061261
1972 5 83.8323353293413 -5.06641604009999 18.4156964993129
1972 6 0.390770375883572 -16.09973474801 19.8000589448865
1972 7 -33.5591531755916 -14.580930718028 20.7113360554221
1972 8 -17.0442386451687 -10.608161014613 5.6971326164874
1972 9 24.5461995492726 -6.80503261882599 13.3597079838459
1972 10 -14.0697004608295 -5.60123089983001 25.2322344840596
1972 11 -65.4110530657136 -7.10841876359101 49.0931655793724
1972 12 -36.3770250368188 -7.27093453279299 19.988985175753
1973 1 -94.2082791906441 -2.80174858511902 7.20522191934873
1973 2 -100 3.20401947988202 18.9696047885703
1973 3 -100 -1.344619377656 21.3223011323123
1973 4 -5.2336448598132 -8.31718874994799 26.3908961727928
1973 5 -0.598802395209589 -6.51802894332597 24.0608577896354
1973 6 -2.51209527353956 -11.433068081344 15.6333922782198
1973 7 52.6973848069738 -15.226092008351 21.3564973457447
1973 8 45.1905693096701 -18.995257788807 21.6648745519713
1973 9 29.3218602745338 -10.305032618826 23.5263746505125
1973 10 8.09331797235018 -24.149617996604 22.5548151292209
1973 11 277.935111355512 -13.775085430258 19.2598322460391
1973 12 -37.7025036818851 -23.077386145696 -1.14004708231151
1974 1 9.3187302765919 0.746638511655 20.7536090161229
1974 2 36.2745098039216 -6.081694805833 21.1124619314275
1974 3 -35 -4.57042582926899 14.0642366161833
1974 4 55.0280373831774 -8.98385541661398 18.2242295061261
1974 5 -32.3353293413174 -6.840609588488 19.3834384347967
1974 6 58.3674482074179 -27.09973474801 15.3000589448865
1974 7 43.437110834371 -21.516414588996 4.7435941199382
1974 8 -22.1525292403057 -7.543644885581 4.40681003584229
1974 9 5.97418561770124 -14.471699285492 10.3597079838459
1974 10 -25.4752304147466 -17.214134125636 9.1677183550274
1974 11 -53.2031894418478 -18.941752096925 14.0931655793724
1974 12 -100 -5.65803130698601 21.9244690467208
1975 1 431.3903842584 -25.221103423829 21.7213509516068
1975 2 61.764705882353 -9.47455194869001 15.5767476457132
1975 3 -100 11.397316106215 15.8384301645704
1975 4 -90.7663551401869 21.349477916719 31.3908961727928
1975 5 183.832335329341 -19.90512571752 24.706019079958
1975 6 -15.0911797543732 -25.766401414677 20.4667256115532
1975 7 -31.227895392279 -18.935769427705 9.2597231521963
1975 8 44.3271962513371 -16.414612627516 6.0197132616487
1975 9 -44.0565457897972 -17.805032618826 3.3597079838459
1975 10 -49.7119815668203 -5.60123089983001 13.5225570647048
1975 11 -100 2.72491456974201 11.2598322460391
1975 12 -93.3726067746686 -11.62577324247 -3.72069224360183
1976 1 -96.3801744941526 -7.96303890770002 6.07618966128421
1976 2 -96.078431372549 2.360423420768 0.231920059506261
1976 3 56.639344262295 13.977961267505 16.8061721000542
1976 4 47.252336448598 -6.98385541661398 20.3908961727928
1976 5 78.2435129740519 -9.743835394939 16.964083596087
1976 6 -5.33432576603428 -8.59973474800999 16.6333922782198
1976 7 46.0273972602739 -19.097059750286 24.7435941199382
1976 8 54.2559864221668 -18.672677143645 8.27777777777779
1976 9 -10.6269207129687 -4.97169928549198 24.3597079838459
1976 10 116.705069124424 -13.827037351443 38.5225570647048
1976 11 -43.029969755293 -34.108418763591 30.2598322460391
1976 12 56.4064801178204 -10.496740984405 41.9244690467208
1977 1 -14.572118062001 -0.704974391571014 21.3987703064455
1977 2 47.0588235294118 -10.367409091547 14.1481762171418
1977 3 -56.3114754098361 14.300541912666 32.1287527452155
1977 4 4.48598130841109 -23.317188749948 12.7242295061261
1977 5 30.5389221556886 -4.25996442719697 22.9318255315709
1977 6 49.4975809452917 -17.266401414677 13.6333922782198
1977 7 -20.1544209215442 -8.77447910512501 17.9694005715511
1977 8 -6.39597092572806 1.00474221119303 13.9229390681003
1977 9 -25.0297070272486 5.86163404784102 22.3597079838459
1977 10 29.4786866359446 -7.37542444821699 15.1354602905112
1977 11 -22.6835303821833 -15.608418763591 29.5931655793724
1977 12 124.0058910162 -8.07738614569601 21.6018884015595
1978 1 -20.3638388713569 -10.38239374641 17.2052219193487
1978 2 165.686274509804 -38.760266234404 19.1481762171418
1978 3 41.7213114754098 -22.634941958302 10.6771398419897
1978 4 -84.4485981308411 3.18281125005203 19.5575628394594
1978 5 -22.7544910179641 -2.163190233649 16.964083596087
1978 6 -3.64098747053746 -26.766401414677 20.4667256115532
1978 7 -11.0884184308842 -9.742221040609 14.2597231521963
1978 8 -10.8567317271153 -16.575902950097 9.084229390681
1978 9 22.878508502356 -23.971699285492 14.0263746505125
1978 10 3.29781105990779 -25.278650254669 19.81287964535
1978 11 26.1479241132799 -5.60841876359099 23.7598322460391
1978 12 -35.0515463917525 -10.658031306986 27.0857593693014
1979 1 -100 -4.092071165765 15.4310283709616
1979 2 94.1176470588236 -19.47455194869 27.5410333599989
1979 3 -57.3770491803279 -3.28010324862397 16.6448817774736
1979 4 -57.7196261682244 4.18281125005201 21.2242295061261
1979 5 -17.7644710578842 1.70777750828702 15.0285997251193
1979 6 -44.1198362486046 1.73359858532301 9.13339227821981
1979 7 -19.8306351183064 10.096488636811 16.679077990906
1979 8 15.9078330812084 -7.543644885581 8.1164874551971
1979 9 -40.5695554189716 -13.305032618826 7.6930413171792
1979 10 -92.2235023041475 17.140704584041 -11.6387332578758
1979 11 -65.4110530657136 5.058247903075 0.926498912705798
1979 12 406.332842415317 3.21293643494901 27.4083400144627
1980 1 610.209764247263 -11.672716327055 13.6568348225745
1980 2 -87.2549019607843 -7.29474899302499 17.1284717836442
1980 3 -66.9672131147541 13.010219332021 24.8706882290865
1980 4 115.775700934579 -13.817188749948 17.8908961727928
1980 5 22.9540918163673 -1.840609588488 25.9963416606032
1980 6 -48.9579456643098 12.90026525199 9.3000589448865
1980 7 -50.5255292652553 12.193262830359 10.2274650876802
1980 8 58.5009039589709 2.456355114419 17.4713261648745
1980 9 -17.5250973161238 -1.97169928549201 18.5263746505125
1980 10 51.2528801843317 3.431027164686 18.6838473872854
1980 11 120.75886719824 -9.44175209692499 15.5931655793724
1980 12 199.558173784978 -4.20641840376 3.53737227252716
1981 1 218.544644514572 -24.253361488345 7.36651224192937
1981 2 196.078431372549 -0.724551948690006 23.6124619314275
1981 3 -66.9672131147541 -11.828490345398 19.2255269387639
1981 4 128.411214953271 -8.65052208328098 28.7242295061261
1981 5 5.98802395209581 -8.13093216913298 21.4802126283451
1981 6 18.4530455278498 -7.933068081344 30.1667256115535
1981 7 48.3586550435865 -4.419640395447 12.3242392812286
1981 8 -4.16559052503442 0.682161566031994 15.2132616487455
1981 9 -27.3796353206311 7.86163404784102 11.5263746505125
1981 10 138.090437788018 6.65683361629899 31.4257828711564
1981 11 -85.7574924388232 5.22491456974201 3.2598322460391
1981 12 147.864506627393 -5.01287001666402 23.6986625951079
1982 1 -100 19.45631593101 19.7858670806391
1982 2 149.019607843137 2.846876622739 22.5410333599989
1982 3 -23.2786885245902 14.300541912666 23.5803656484413
1982 4 63.289719626168 35.516144583386 10.0575628394594
1982 5 63.4730538922156 2.51422912119001 1.31892230576449
1982 6 -71.2132489765539 28.733598585323 1.8000589448865
1982 7 -11.1531755915318 5.580359604553 -6.3854381381263
1982 8 -33.2324834889129 5.68216156603199 -5.1093189964158
1982 9 -76.879737758656 8.528300714508 0.859707983845901
1982 10 -34.8070276497696 7.78586587436401 7.8773957743822
1982 11 -97.4566950783613 16.058247903075 -3.2401677539609
1982 12 39.1752577319588 22.729065467207 -1.78520837263409
1983 1 -4.43660664562828 -3.44690987544201 11.3987703064455
1983 2 83.3333333333333 0.882590908453018 -25.8161094971439
1983 3 19.3442622950819 -8.28010324862397 -15.0970537063974
1983 4 -100 7.68281125005203 -6.4091038272072
1983 5 14.7704590818363 31.546487185706 17.2866642412483
1983 6 -52.9897035107308 22.40026525199 7.9667256115532
1983 7 49.2652552926525 19.773907991649 -0.740276847803703
1983 8 -23.9512231118329 5.359580920871 13.1164874551971
1983 9 78.518746158574 9.19496738117402 17.3597079838459
1983 10 -13.9400921658987 12.463285229202 11.4257828711564
1983 11 28.1825680505909 14.224914569742 17.4264989127058
1983 12 -20.4712812960235 22.949495574734 16.1018884015595
1984 1 1.35511416372759 6.87567076971899 11.2374799838649
1984 2 11.764705882353 1.325940662148 13.3353683353684
1984 3 -43.5245901639345 5.440697641253 15.1654601979408
1984 4 -100 19.021891709822 12.3276777819882
1984 5 -16.7664670658683 6.54648718570602 16.8027932735064
1984 6 13.7762064260014 0.0669319186560102 13.1333922782198
1984 7 36.8318804483187 -6.838995234157 20.8726263780028
1984 8 17.7784747075966 -8.67267714364498 4.8906810035842
1984 9 10.7498463429624 -7.97169928549199 5.0263746505125
1984 10 90.6538018433179 9.39876910016999 18.5225570647048
1984 11 -89.8267803134452 4.05824790307499 3.0931655793724
1984 12 -78.7923416789396 13.37422675753 0.795436788656231
1985 1 -100 0.907928834235001 16.8826412741874
1985 2 39.2156862745098 6.06116233702501 8.79103335999886
1985 3 2.29508196721305 8.655380622344 15.6771398419897
1985 4 18.0934579439251 -5.73385541661398 5.2658961727928
1985 5 3.59281437125748 0.417454927642034 17.447954563829
1985 6 44.9013770003717 -12.09973474801 21.1333922782198
1985 7 13.0012453300124 -4.09705975028601 4.2597231521963
1985 8 -8.69829908128278 -3.67267714364498 10.2132616487455
1985 9 -5.77545584921128 2.86163404784102 -1.1402920161541
1985 10 -44.0092165898618 7.14070458404102 2.7161054518016
1985 11 25.6392631289522 17.224914569742 6.2598322460391
1986 1 -100 10.585348189074 -3.27864904839321
1986 2 34.3137254901961 4.27544805130999 -0.316109497143979
1986 3 -100 -2.15107099055999 -7.8712472547845
1986 4 212.485981308411 5.84947791671901 19.2242295061261
1986 5 38.5229540918164 -12.808351523971 25.1898900476999
1986 6 74.3332092792452 -18.766401414677 26.1333922782195
1986 7 -40.0348692403487 -2.48415652447999 3.937142507035
1986 8 -30.2826255396084 -2.382354563 7.1487455197132
1986 9 -34.6568326162672 10.028300714508 10.3597079838459
1986 10 -38.9544930875576 2.14070458404102 21.5870731937371
1986 11 -32.8567500687381 16.724914569742 22.4264989127058
1986 12 -53.6082474226804 7.24519449946602 16.1180174338176
1987 1 -100 7.39847388429098 11.0817513965456
1987 2 -28.4313725490196 1.95401947988202 12.0053190742846
1987 3 -46.7213114754099 -10.699458087334 4.8706882290865
1987 4 32.1869158878503 -9.31718874994797 8.0575628394594
1987 5 26.3473053892215 -0.711577330422983 10.0285997251193
1987 6 27.6454534176897 -3.93306808134398 18.1333922782198
1987 7 49.7185554171855 -3.29060813738302 27.4855296038094
1987 8 -50.3560491458512 7.778935759581 10.0519713261649
1987 9 -14.2655193607868 14.194967381174 20.8597079838459
1987 10 -100 18.592317487267 -8.4129268062629
1987 11 -9.458344789662 15.391581236409 -2.0735010872942
1987 12 -100 13.928662241401 2.22688840155946
1988 1 -63.8017449415259 17.359541737461 -5.0528425967803
1988 2 -82.3529411764706 23.222492386286 18.1629545422649
1988 3 283.606557377049 -9.89300647443098 16.1610108097317
1988 4 -49.4579439252337 15.049477916719 10.2242295061261
1988 5 -46.3073852295409 37.191648476029 5.8350513380225
1988 6 -30.6537650415583 6.73359858532301 12.1333922782198
1988 7 19.6712328767123 9.45132734648798 21.195207023164
1988 8 -1.50352359517425 18.262806727322 15.0519713261649
1988 9 -29.0473263675477 15.028300714508 3.0263746505125
1988 10 -61.3767281105991 15.689091680815 -1.6387332578758
1988 11 72.4360736871044 27.058247903075 -8.5735010872942
1988 12 -49.6318114874816 6.277452563982 13.214791627366
1989 1 -100 27.359541737461 13.3342541774133
1989 2 79.4117647058824 19.096876622739 8.61246193142746
1989 3 -100 9.62312255782702 7.2900430677962
1989 4 -1.8317757009347 2.18281125005202 -1.9424371605406
1989 5 -77.8443113772455 1.70777750828702 -1.4230131781065
1989 6 0.471405532811988 11.388770999116 -15.1482169171825
1989 7 -100 -5.34705975028601 19.3672500339167
1989 8 -13.3749031472533 3.42409704990303 14.1487455197132
1989 9 -43.5259168203237 -1.10503261882599 18.3263746505125
1991 1 59.9962873584557 1.069219156816 21.0761896612842
1991 2 -17.6470588235294 7.31116233702501 20.2196047885703
1991 3 57.7049180327868 33.332799977182 7.7093979065059
1991 4 -100 25.682811250052 11.7242295061261
1991 5 -65.8682634730539 16.449712992158 0.5124706928612
1991 6 -1.54447339039853 1.388770999116 -1.35511346890659
1991 7 57.5541718555417 -7.43039308361901 -1.0031203364536
1991 8 -46.6147658930747 12.456355114419 -18.65770609319
1992 1 626.136996472991 -26.350135681894 -17.3109071129093
1992 2 94.1176470588236 -17.984404165438 -32.0094592508385
1992 3 -100 3.816670944924 -27.1615698354296
1992 4 46.2803738317755 -24.650522083281 -27.2757704938739
1992 5 91.2175648702595 -24.90512571752 -27.8746260813323
1992 6 -72.7453169581939 13.733598585323 -27.6999410551135
1992 7 21.0311332503113 1.22552089487499 -29.4499542671585
1992 8 -14.3821717153085 1.55850565205402 -26.0609318996416
1992 9 -15.3267772997337 -2.63836595215899 -14.6402920161541
1992 10 76.2672811059907 -10.923811544991 -22.0903461611017
1992 11 269.796535606268 -12.441752096925 -13.4068344206276
1992 12 -76.1413843888071 4.01938804785299 -12.9142406306986
1993 1 -53.6662335251531 5.58534818907397 -13.2786490483932
1993 2 -77.4509803921569 7.02544805131001 -29.9589666400011
1993 3 -91.4754098360656 -4.40913550668899 -33.8389891902683
1993 4 -67.9252336448598 -1.15052208328098 -36.2424371605406
1993 5 -79.2415169660679 2.19164847602901 -36.5843035006871
1993 6 8.53492122565404 6.73359858532301 -12.6999410551135
1993 7 18.6351183063511 2.838424120682 -18.804792976836
1993 8 -20.5696786333618 1.81119382409701 -24.6254480286739
1993 9 10.7498463429624 -6.63836595215898 -16.4736253494875
1993 10 8.09331797235018 -2.53671477079799 -21.9613139030371
1993 11 -21.6662084135278 7.72491456974201 -14.1068344206276
1993 12 -100 10.148420305917 -29.2368212758599
1994 1 -96.3801744941526 7.33073989414297 -22.9330269285775
1994 2 -45.0980392156863 10.168305194167 -11.9232523542868
1994 3 -89.344262295082 19.945703202989 -14.5164085451071
1994 4 147.850467289719 4.20662077386201 -20.9543419224453
1994 5 -11.7764471057884 11.9335839599 -16.2617228555259
1994 6 31.3546706363971 -5.933068081344 -18.0332743884468
1994 7 -42.7546699875467 7.19326283035898 -31.2241478155456
1994 8 16.9870494041247 2.456355114419 -25.3673835125448
1994 9 -33.8229870928089 2.36163404784101 -24.9402920161541
1994 10 0.316820276497653 6.77511318619199 -8.7516364836823
1994 11 -65.9197140500413 14.558247903075 -18.5735010872942
1994 12 -100 16.616162241401 -10.4981115984405
1995 1 20.1782067941342 7.74663851165499 -9.43993937097385
1995 2 62.7450980392157 -0.334340308478005 -11.0899190209535
1995 3 -84.016393442623 10.76828384815 -23.7368386526339
1995 4 14.2056074766354 8.33223653740902 -22.1550808387015
1995 6 2.0841086713804 14.319805481875 -15.1482169171825
1995 7 25.3698630136986 -0.16848832171501 -20.2160832994166
1995 8 -2.79858318267379 3.22517231872002 -11.2275985663083
1995 9 -52.6224134398689 5.36163404784102 -17.5069586828208
1995 10 -33.8997695852535 4.88264006791201 -37.2516364836823
1995 11 268.270552653285 5.72491456974198 -11.5735010872942
1995 12 414.285714285715 -16.948353887631 -19.6239180500534
1996 1 -100 9.29502560842899 -41.6657458225867
1996 2 -90.1960784313725 16.498354455251 -29.0784247680799
1996 3 -100 -0.0542967970109842 -37.0325375773651
1996 4 -46.0560747663552 1.68281125005201 -35.9424371605406
1996 5 -86.2275449101796 16.062616217964 -18.6810776942355
1996 6 -65.5687879915644 25.066931918656 -29.8666077217802
1996 7 -7.00871731008722 7.35455315294001 -19.7725349123198
1996 8 43.5357709478651 1.32732285635502 -23.9802867383513
1996 9 21.5140340094242 14.528300714508 -13.3069586828208
1996 10 1.74251152073728 -1.407682512733 -13.5742171288436
1996 11 -100 1.391581236409 -38.5735010872942
1996 12 56.4064801178204 2.44949557473401 -17.7314449317739
1997 1 -34.8431408947465 -3.930780843184 -30.5367135645222
1997 2 -58.8235294117647 10.704019479882 -14.4589666400011
1997 3 764.180327868852 -1.66720002281799 -13.3551182225264
1997 4 21.0093457943924 -24.817188749948 -20.2757704938739
1997 5 -5.38922155688623 -17.163190233649 -34.1649486619775
1997 6 -3.72162262746587 14.40026525199 -19.1999410551135
1997 7 -23.7808219178083 9.45132734648798 -1.8693091058682
1997 8 -17.4759251743352 0.520871243452028 -4.9480286738351
1997 9 -4.48678549477571 0.551289220254993 -23.9621310966139
1997 10 -86.0023041474654 2.94177985285799 -31.2849698170156
1997 11 43.4423975804231 2.89158123640899 -20.2401677539609
1997 12 143.888070692195 3.05164611236901 -25.011014824247
1998 1 -61.6298496380174 -2.96303890770002 -33.1173587258126
1998 2 -100 -3.48248845662599 -50.5343634653979
1998 3 -100 -2.63494195830198 -27.7099569322038
1998 4 -100 2.51614458338601 -18.0424371605406
1998 5 -100 34.449712992158 -27.3907551135904
1998 6 35.6283339536033 21.733598585323 -21.5332743884468
1998 7 -26.1120797011208 11.617225964 -27.0017975851309
1998 8 -15.1016492639194 -0.274827681279994 -25.8942652329749
1998 9 119.149764392542 -5.97169928549199 -21.4736253494875
1998 10 10.0374423963133 -12.391553480475 -14.7516364836823
1998 11 -45.0646136926039 4.05824790307499 11.9264989127058
1998 12 -100 -1.303192597309 -16.7852083726341
1999 1 -100 2.68212238262297 -31.8270361451674
1999 2 -100 2.13259090845302 -29.7803952114297
1999 3 -43.5245901639345 -8.925264538947 7.1287527452155
1999 4 -53.3457943925234 -2.65052208328097 -1.1091038272072
1999 5 -60.2794411177645 -5.22770636268099 -12.2294647910097
1999 6 -42.2652276392509 -5.59973474800998 -20.1999410551135
1999 7 21.4844333748443 -14.419640395447 -16.3854381381263
1999 8 66.0554182193848 -2.27482768127999 -22.2275985663083
1999 9 -40.4937512804753 -7.63836595215899 -33.4736253494875
1999 10 -70.0604838709678 -2.21413412563599 -29.3806687417468
1999 11 -20.6488864448723 2.72491456974201 -2.5735010872942
1999 12 -0.589101620029394 4.01938804785299 -26.1400470823115
2000 1 -100 3.97244496326799 -21.0205845322642
2000 2 146.078431372549 -13.846473130956 -22.0094592508385
2000 3 -64.8360655737705 -37.473651635721 -6.5809246741393
2000 4 -100 -43.317188749948 -16.9424371605406
2000 5 18.3632734530938 -22.808351523971 -11.1004325329452
2000 6 -31.7826572385562 10.40026525199 9.13339227821981
2000 7 -50.9140722291407 15.902940249714 12.9694005715511
2000 8 17.5626314430133 -3.35009649848399 13.1164874551971
2000 9 6.65642286416711 -3.971699285492 -25.3069586828208
2000 10 -57.8773041474655 -4.472198641765 -18.2516364836823
2000 11 -83.7228485015123 -0.275085430257995 9.7598322460391
2000 12 23.2695139911636 1.116162241401 14.0212432402692
2001 1 -83.3488026731019 -5.54368406899002 14.6245767580584
2001 2 -46.078431372549 -16.260266234404 5.93389050285606
2001 3 -19.016393442623 -25.538167764753 -3.5164085451071
2001 4 285.869158878504 -16.817188749948 -9.4424371605406
2001 5 34.7305389221557 -31.195448298165 -24.3262389845581
2001 6 5.06760947773197 -10.433068081344 -19.5332743884468
2001 7 22.1967621419676 -0.935769427705004 -3.80479297683601
2001 8 26.9158395749544 -8.35009649848399 -3.3351254480287
2001 9 -14.4171276377792 -14.138365952159 -10.1402920161541
2001 10 -65.7834101382489 -25.085101867572 -6.1548622901339
2001 11 -100 -35.608418763591 3.0931655793724
2001 12 -100 -40.980611952147 17.8922109822047
2002 1 -58.01002413217 -71.350135681894 19.6245767580584
2002 2 -65.6862745098039 -73.403123377261 24.1481762171418
2002 3 -100 -89.473651635721 22.1287527452155
2002 4 -58.6915887850468 -95.817188749948 1.7242295061261
2002 5 -69.061876247505 -69.421254749778 -1.4230131781065
2002 6 -48.3934995658109 -32.40433244916 -21.3551134689066
2002 7 -59.9800747198008 -10.871253298673 -21.5467284607069
2002 8 -30.1387300298862 -12.704935208161 -24.3028673835126
2002 9 69.7254660930136 -2.97169928549199 -5.1402920161541
2002 10 175.676843317972 6.33425297113799 -5.0258300320694
2002 11 144.665933461644 -5.275085430258 -6.4068344206276
2002 12 -46.980854197349 5.63229127365901 -20.1723051468276
2003 1 -69.5934657508817 2.03696109229998 -18.2786490483932
2003 2 -100 17.489733765596 -27.2803952114297
2003 3 -100 13.655380622344 -25.9357633838167
2003 4 -58.6915887850468 15.349477916719 -3.4424371605406
2003 5 13.373253493014 25.256164605061 -9.81010995230011
2003 6 83.5256171690851 -1.59973474800999 -8.6999410551135
2003 7 34.1120797011207 6.06423057229499 -28.320922009094
2003 8 -39.8516769361327 9.39183898538701 -24.6254480286739
2003 9 82.2331489448882 12.361634047841 -6.8069586828208
2003 10 89.7465437788018 3.592317487267 -12.7677655159404
2003 11 139.070662634039 17.558247903075 -14.4068344206276
2003 12 -100 20.309710628498 -35.4948857919889
2004 1 213.476888806386 -1.672716327055 -19.730261951619
2004 2 -100 0.808699282837004 -37.6991144232523
2004 3 177.049180327869 2.04247739653702 -12.0647956418812
2004 4 -41.6822429906543 -4.48385541661398 -29.7757704938739
2004 5 61.6766467065868 -1.51802894332597 -19.8101099523001
2004 6 89.1700781540746 -11.09973474801 -15.5332743884468
2004 7 -44.0498132004982 5.257778959391 -24.4499542671585
2004 8 14.3969302291256 14.714419630548 -17.3673835125448
2004 9 -17.5250973161238 6.19496738117402 -14.4736253494875
2004 10 31.163594470046 12.947156196944 2.070944161479
2004 11 -100 34.914569742156 -23.7918918918919
2004 12 -100 12.729065467207 -36.1400470823115
2005 1 18.7302765917952 14.133735285848 -24.8915522741996
2005 2 -65.6862745098039 12.628622654485 -16.6454745765091
2005 3 24.6721311475409 -0.731716151850001 -31.0701719859673
2005 4 -52.373831775701 21.090857227064 -19.7412877352532
2005 5 -69.2614770459082 12.455089336244 -29.0305400598269
2005 6 -47.0227018980277 23.664633068082 -22.5620100206307
2005 7 60.4034869240348 11.402940249714 -13.2994166327499
2005 8 51.1622329631402 2.22517231872001 -24.3942652329749
2005 9 -44.1323499282934 6.75818577197902 -27.9276483379932
2005 10 24.4239631336405 0.608446519525003 -23.918303150349
2005 11 -40.995325817982 3.53525939732801 -31.7229263746506
2005 12 -45.6553755522827 14.782828908068 -35.2314449317738
2006 1 -100 33.811154640687 10.7536090161229
2006 2 -100 54.096876622739 28.4338905028561
2006 3 -4.09836065573776 46.558606428795 19.8706882290865
2006 4 113.345794392523 44.182811250052 23.2242295061261
2006 5 112.974051896208 16.062616217964 19.0608577896354
2006 6 -52.1027167845182 24.066931918656 11.3000589448865
2006 7 24.1394769613947 21.870682185198 23.1306908941318
2006 8 21.0880714312065 18.746677695064 25.3745519713264
2006 9 -0.848186846957636 25.528300714508 32.6930413171792
2006 10 36.347926267281 19.39876910017 39.1677183550274
2006 11 95.8344789661805 5.891581236409 29.9264989127058
2006 12 -73.4904270986745 19.825839660756 12.2470496918821
2007 1 -100 5.424057866494 -10.8592942096835
2007 2 131.372549019608 6.77544805130999 -20.6732523542868
2007 3 22.5409836065573 15.590864493311 -28.1938278999458
2007 4 -20.2990654205609 1.84947791671902 -29.7757704938739
2007 5 7.98403193612774 4.28842266957702 -26.9068841458484
2007 6 -17.6715047760826 17.733598585323 -20.5332743884468
2007 7 23.1033623910336 12.999714443262 -17.0305994284489
2007 8 1.94996863815783 3.26280672732199 -29.4641577060932
2007 9 17.79963122311 9.361634047841 -32.8069586828208
2007 10 -42.3243087557604 4.23747877759002 -43.7355074514242
2007 11 62.7715149848773 13.724914569742 -48.5735010872942
2007 12 -100 19.180678370433 -31.1400470823115
2008 1 -100 13.972444963268 -32.3109071129093
2008 2 -100 17.532837213872 -35.6301489060109
2008 3 -100 -1.828490345398 -43.0325375773651
2008 4 34.1308411214952 10.682811250052 -28.9424371605406
2008 5 -70.4590818363273 7.03035815344801 -32.7133357587517
2008 6 15.9533556630687 7.56693191865601 -31.3666077217802
2008 7 31.2627646326276 -1.03254362125401 -27.8370510413521
2008 8 12.4543408478763 9.55850565205402 -22.3942652329749
2008 9 11.2046711739397 7.02830071450801 -16.3069586828208
2008 10 -50.4896313364056 -1.10207979626399 -34.0411101678928
2008 11 -100 3.55824790307501 -60.2401677539609
2008 12 -100 6.438742886562 7.89221098220466
2009 1 -100 12.520832060042 10.2374799838649
2009 2 0 9.70269672855899 48.354525423491
2009 3 49.1803278688524 19.06828384815 -0.703505319300599
2009 4 -100 12.516144583386 -12.7757704938739
2009 5 -69.061876247505 9.64556552672001 -17.4829210122079
2009 6 0.390770375883572 15.10026525199 -10.8666077217802
2009 7 -72.1544209215442 16.644875733585 -15.5144703961908
2009 8 -100 28.991838985387 79.4390681003584
2009 11 -100 -75.430257844051 1.3805219012115
2009 12 -39.0279823269514 -86.146995653336 6.07557261208576
