"anio" "mes" "ppAcc" "mTmax" "mTmin"
1970 1 -13.3538461538462 -0.584717935702699 -2.17265219349562
1970 2 12.2076923076923 -0.965411210755999 0.998661272741735
1970 3 -14.3078947368421 -0.771036972003802 -1.04609797061591
1970 4 -19.4179487179487 2.8620242582584 0.172725225973871
1970 5 -6.03076923076921 0.865929821630601 -0.0351644412934702
1970 6 52.584615384615 0.1947052881624 1.24842848902089
1970 8 -19.364102564103 1.1662745905366 1.14901707329619
1970 9 30.731578947368 0.412894736842102 0.611712902947019
1970 10 -10.3842105263158 1.0598020356787 0.3101074432466
1970 11 -6.7857142857143 0.3872052545156 -2.11623551489561
1971 1 -6.0538461538462 1.1249594836521 -0.672652193495614
1971 2 1.10769230769231 -0.0189826393275006 -2.09062444154398
1971 3 12.6921052631579 0.728963027996198 0.76035364228732
1971 4 0.682051282051301 0.2620242582584 -1.62727477402613
1971 5 78.2692307692308 1.0433491764693 0.0938678167710494
1971 6 -12.515384615385 -1.3552947118376 1.28176182235422
1971 7 -42.413513513514 -0.556023765701102 0.469506603377571
1971 8 -44.964102564103 -1.3821125062376 0.56837191200586
1971 9 98.631578947368 -0.587105263157898 1.31171290294702
1971 10 -2.7842105263158 -0.117617319160001 1.98752679808531
1971 11 -8.7857142857143 -0.1127947454844 0.13376448510439
1971 12 8.2969696969697 -0.334628543499498 1.31481636642927
1972 1 -13.6538461538462 -0.891169548605898 0.585412322633418
1972 2 -2.69230769230769 -0.693243723071298 -1.32830917060802
1972 3 2.8921052631579 -2.0129724558748 -0.51383990609978
1972 4 -2.0179487179487 0.0286909249250016 0.789391892640531
1972 5 25.6692307692308 -0.182457275143598 1.4325774941904
1972 6 -63.015384615385 -1.1052947118376 0.948428489020891
1972 7 -72.913513513514 -0.491507636668903 1.16305499047435
1972 8 -49.264102564103 -0.736951215915003 0.10062997652199
1972 9 34.631578947368 0.0962280701753997 0.345046236280361
1972 10 -26.3842105263158 0.188834293743298 1.50365583034338
1972 11 33.8142857142857 -0.279461412151001 3.98709781843772
1972 12 -5.6030303030303 0.0202101661779004 1.52449378578411
1973 1 -12.3538461538462 0.7378627094586 -1.5436199354311
1973 2 -1.49230769230769 0.820303074958201 -0.376338727258268
1973 3 -12.1078947368421 0.454769479609098 0.25067622293248
1973 4 4.5820512820513 -0.871309075075001 0.38939189264053
1973 5 11.1692307692308 -0.859876629982299 1.04548071999685
1973 6 -42.915384615385 -0.571961378504298 0.765095155687561
1973 7 58.086486486486 -0.717314088281803 1.37273240982919
1973 8 83.535897435897 -1.0756608933344 1.8103073958768
1973 9 29.431578947368 -0.553771929824599 1.32837956961369
1973 10 41.8157894736842 -1.2305205449664 1.84236550776273
1973 11 -8.0857142857143 -0.712794745484398 0.58376448510439
1973 12 -6.7030303030303 -2.6733382209188 -1.27228040776428
1974 1 30.3461538461538 -0.600846967960798 1.21444458069793
1974 2 -2.79230769230769 -0.822554067898899 0.820089844170305
1974 3 50.5921052631579 -1.6581337461974 0.69583751325506
1974 4 -9.9179487179487 -1.521309075075 1.1060585593072
1974 5 -38.2307692307692 -0.779231468692 -0.22871282839024
1974 6 -21.715384615385 -1.7719613785043 0.89842848902089
1974 7 -11.113513513514 -1.8786044108624 -0.030493396622429
1974 8 -9.464102564103 -0.849854441721501 -0.0445313138005901
1974 9 -48.068421052632 -1.2204385964912 -0.30495376371964
1974 10 -1.8842105263158 -1.0692302223858 -0.67376352449533
1974 11 -14.6857142857143 -1.529461412151 0.32043115177106
1974 12 -9.3030303030303 -0.657209188660801 0.308364753526044
1975 1 44.3461538461538 -2.8750405163479 0.37573490327858
1975 2 -7.39230769230769 -1.2332683536132 0.570089844170305
1975 3 -14.3078947368421 0.357995286060699 0.0506762229324802
1975 4 -18.6179487179487 1.8953575915917 1.17272522597387
1975 5 81.4692307692308 -2.1340701783694 2.02935168773879
1975 6 13.584615384615 -2.0719613785043 1.33176182235419
1975 7 11.386486486486 -1.4108624753786 -0.111138557912749
1975 8 -20.664102564103 -1.0272737965602 0.358694492651029
1975 9 -35.068421052632 -1.4204385964912 -1.20495376371964
1975 10 85.0157894736842 -0.762778609482499 -0.62537642772114
1975 11 -15.3857142857143 -0.246128078817701 -1.08290218156228
1975 12 -11.7030303030303 -1.0604349951124 -2.36905460131266
1976 1 -0.5538461538462 -1.0685889034446 -1.41458767736659
1976 2 -6.99230769230769 -0.331174757554098 -2.44899882578044
1976 3 7.8921052631579 0.470898511867098 0.43777299712603
1976 4 16.1820512820513 -1.6546424084083 0.97272522597387
1976 5 -30.8307692307692 -1.037295984821 0.38419039741621
1976 6 -60.415384615385 -0.138628045170901 -0.301571510979109
1976 7 79.586486486486 -1.7173140882818 1.45337757111948
1976 8 8.435897435897 -1.2530802481731 0.0199848152316697
1976 9 45.631578947368 -0.370438596491198 0.595046236280361
1976 10 82.5157894736842 -1.375681835289 2.92301066905306
1976 11 4.5142857142857 -2.8127947454844 2.35043115177106
1976 12 -0.1030303030303 -1.1088220918866 3.43739701159056
1977 1 -8.7538461538462 0.0927014191360023 0.0370252258592245
1977 2 -4.59230769230769 -0.804696925041799 -0.347767298686839
1977 3 -2.4078947368421 0.890253350576799 0.97003106164216
1977 4 11.6820512820513 -2.9879757417416 -0.3439414406928
1977 5 -17.6307692307692 -0.601812113853299 0.40031942967427
1977 6 -37.415384615385 -1.2219613785043 -0.301571510979109
1977 7 -8.61351351351399 -0.297959249572102 0.0178937001517703
1977 8 23.935897435897 0.1017584615043 0.20385578297361
1977 9 9.63157894736798 0.246228070175402 -0.288287097052979
1977 10 -31.6842105263158 0.0759310679367999 0.79397841098854
1977 11 29.1142857142857 -1.6627947454844 1.29043115177106
1977 12 -5.6030303030303 0.100855327468302 0.856751850300236
1978 1 -10.6538461538462 -0.149234064734998 -0.208136064463357
1978 2 12.1076923076923 -2.9832683536132 1.55223270131316
1978 3 9.7921052631579 -1.4226498752296 0.16357944873893
1978 4 -24.0179487179487 0.5120242582584 0.172725225973871
1978 5 -36.1307692307692 0.543349176469302 -0.47064831226121
1978 6 0.684615384615 -1.2886280451709 1.26509515568756
1978 7 8.88648648648601 -0.1689269915076 0.421119506603381
1978 8 -34.064102564103 0.0856294292462003 0.42321062168328
1978 9 -12.968421052632 -0.303771929824599 0.57837956961369
1978 10 35.0157894736842 -1.133746351418 1.18107518518209
1978 11 -17.4857142857143 0.653871921182301 1.33376448510439
1978 12 -1.0030303030303 0.181500488758601 2.20836475352605
1979 1 -14.7538461538462 0.286249806232803 -0.15652316123755
1979 2 16.4076923076923 -0.893982639327501 1.72723270131316
1979 3 0.192105263157901 -0.351682133294201 -0.0944850673900999
1979 4 -14.6179487179487 0.145357591591701 0.422725225973871
1979 5 -38.2307692307692 0.253026595824103 -0.00290637677734029
1979 6 -72.315384615385 0.711371954829101 -0.25157151097911
1979 7 4.28648648648601 0.8149439762343 0.388861442087251
1979 8 -86.064102564103 -0.543402828818301 0.358694492651029
1979 9 -33.968421052632 -1.1704385964912 -0.76162043038631
1979 10 -45.2842105263158 1.4630278421304 -3.56731191159211
1979 11 -11.3857142857143 0.237205254515601 -0.86623551489561
1979 12 22.7969696969697 -1.1733382209188 2.06642926965508
1980 1 77.3461538461538 -1.3750405163479 0.053154258117289
1980 2 -8.49230769230769 -0.676002343760999 0.737208070771285
1980 3 -6.3078947368421 1.2450920602542 1.01841815841635
1980 4 19.6820512820513 -1.521309075075 0.43939189264053
1980 5 40.1692307692308 -0.134070178369399 1.78741620386782
1980 6 -64.215384615385 0.628038621495701 -0.584904844312438
1980 7 -75.313513513514 1.2504278472021 -0.30468694500952
1980 8 76.335897435897 -0.0272737965602019 1.11675900878006
1980 9 -17.468421052632 -0.620438596491198 0.711712902947021
1980 10 6.31578947368421 -0.133746351418001 1.16494615292402
1980 11 -1.7857142857143 -0.962794745484398 0.45043115177106
1980 12 11.9969696969697 -0.512047898338199 -0.917441698086859
1981 1 18.2461538461538 -2.4718147098963 -0.804910258011743
1981 2 37.1076923076923 -0.804696925041799 1.47723270131317
1981 3 -9.1078947368421 -1.0129724558748 1.37325686809377
1981 4 37.7820512820513 -0.821309075075 1.6060585593072
1981 5 -23.1307692307692 -1.0534250170791 0.78741620386782
1981 6 -15.115384615385 -0.421961378504299 2.41509515568759
1981 7 34.486486486486 0.0568794601053 0.63079692595822
1981 8 8.435897435897 -0.0917899255925008 1.08450094426393
1981 9 -83.968421052632 0.5962280701754 0.461712902947021
1981 10 21.7157894736842 0.495285906646501 1.3326880884079
1981 11 -10.3857142857143 0.0705385878490006 -3.31956884822894
1981 12 21.9969696969697 -0.512047898338199 0.130945398687335
1982 1 -14.7538461538462 1.4959272255876 -0.740394128979486
1982 2 4.90769230769231 0.5881602178154 0.230804129884589
1982 3 4.5921052631579 0.7773501247704 0.74422461002925
1982 4 -9.4179487179487 1.728690924925 1.18939189264053
1982 5 98.3692307692308 -0.246973404175897 2.78741620386782
1982 6 -71.515384615385 2.0613719548291 -1.18490484431244
1982 7 -54.413513513514 0.5891375246214 -0.385332106299849
1982 8 -47.264102564103 0.311435880859097 -1.20582163638123
1982 9 -85.668421052632 1.1295614035088 -0.65495376371964
1982 10 63.9157894736842 0.430769777614199 -0.480215137398559
1982 11 -19.6857142857143 1.5538719211823 -1.83956884822894
1982 12 3.9969696969697 -0.124951124144701 -1.22389331099008
1983 1 8.8461538461538 -1.649234064735 0.0692832903753535
1983 2 6.80769230769231 -2.0011254964703 -4.19776729868684
1983 3 -0.507894736842099 -1.5936176171651 -4.0944850673901
1983 4 -27.6179487179487 0.478690924925001 -3.34727477402613
1983 5 -31.8307692307692 2.8433491764693 0.67451297806137
1983 6 -36.815384615385 2.7113719548291 0.415095155687562
1983 7 51.386486486486 1.0246213955892 1.47918402273238
1983 8 -35.564102564103 0.940468138923698 0.761920299102639
1983 9 47.631578947368 0.296228070175403 1.16171290294702
1983 10 18.9157894736842 0.672705261485198 -0.222150621269519
1983 11 27.3142857142857 -0.1461280788177 1.41709781843772
1983 12 -3.2030303030303 0.649242424242402 0.695461527719596
1984 1 -0.0538461538461998 -0.5040727744124 1.4079929677947
1984 2 0.90769230769231 -0.641519585140298 0.947552898357495
1984 3 -13.5078947368421 0.00315657638329725 0.11519235196474
1984 4 -27.6179487179487 1.6453575915917 -0.51060810735947
1984 5 -0.0307692307692093 -1.2631024364339 0.35193233290008
1984 6 48.884615384615 -0.388628045170901 0.64842848902089
1984 7 20.286486486486 -0.6850560237657 0.888861442087251
1984 8 -25.264102564103 -0.495015732044102 0.0522428797477996
1984 9 -29.968421052632 -1.4204385964912 0.245046236280359
1984 10 28.0157894736842 1.38238268084 0.93913970131112
1984 11 -15.7857142857143 0.770538587849 -0.82290218156228
1984 12 -7.5030303030303 1.3629521016618 -0.46444630638179
1985 1 -14.7538461538462 -0.2943953550575 0.520896193601159
1985 2 -6.49230769230769 0.731017360672499 -0.572767298686839
1985 3 39.2921052631579 0.487027544125198 0.93777299712603
1985 4 -6.2179487179487 -1.321309075075 0.83939189264053
1985 5 -17.0307692307692 0.966736273243502 -0.53516444129347
1985 6 32.984615384615 -0.8052947118376 0.99842848902089
1985 7 -46.313513513514 0.105266556879499 -0.19178371920307
1985 8 -56.264102564103 0.795306848601101 -0.238079700897361
1985 9 1.53157894736799 0.696228070175401 -1.12162043038631
1985 10 -20.4842105263158 0.721092358259398 -0.0608602986888798
1985 11 -6.4857142857143 0.837205254515599 -0.42290218156228
1986 1 -14.7538461538462 0.415282064297301 -2.60813606446336
1986 2 -2.99230769230769 0.123874503529702 -2.17991015582969
1986 4 0.482051282051302 -0.617800303145099 1.71921645404404
1986 5 63.3692307692308 -0.795360500949997 1.6583839458033
1986 6 48.784615384615 -0.671961378504299 1.98176182235419
1986 7 -29.713513513514 0.508492363331097 -0.224041783719199
1986 8 -6.26410256410298 0.650145558278499 -0.41549905573607
1986 9 -22.568421052632 1.2795614035088 -0.27162043038631
1986 10 -20.8842105263158 0.366253648581999 1.3584945400208
1986 11 -12.0857142857143 1.170538587849 1.01709781843772
1986 12 -3.4030303030303 0.165371456500502 0.0825583019131411
1987 1 -14.7538461538462 1.9314110965554 -1.52749090317304
1987 2 -4.49230769230769 -0.126125496470298 -0.144195870115411
1987 3 -9.8078947368421 -0.4562427562085 0.0262045877823103
1987 4 15.9820512820513 -0.929642408408299 1.3310585593072
1987 5 4.96923076923079 -0.956650823530698 -3.18032573161605
1987 6 88.484615384615 0.328038621495701 -0.334904844312438
1987 7 47.986486486486 0.508492363331097 0.5501517646679
1987 8 25.435897435897 1.263048784085 0.471597718457479
1987 9 13.831578947368 2.3128947368421 0.81171290294702
1987 10 -67.5842105263158 1.4952859066465 -2.56086029868888
1987 11 4.1142857142857 0.370538587849001 -0.21623551489561
1987 12 -11.7030303030303 1.9556940371457 1.58255830191315
1988 1 -12.8538461538462 0.674421849243501 -1.59630810747411
1988 2 2.90769230769231 1.823997656239 1.74065634663335
1988 3 27.6921052631579 -1.6097466494232 1.42164396486796
1988 4 -25.3179487179487 0.928690924925 -0.06060810735947
1988 5 -28.2307692307692 1.7691556280822 -0.80935798968057
1988 6 -52.315384615385 0.461371954829101 0.281761822354222
1988 7 42.186486486486 0.479460105266597 1.24370015176467
1988 8 14.535897435897 0.3275649131172 0.63288804103812
1988 9 -47.068421052632 0.7628947368421 -0.504953763719641
1988 10 -46.7842105263158 0.882382680839999 -0.31892481481791
1988 11 38.6142857142857 2.5038719211823 -1.69956884822894
1988 12 -8.3030303030303 0.729887585532801 -0.143248149699762
1989 1 -12.3538461538462 1.6894756126844 -0.0920070322052915
1989 2 2.00769230769231 0.873874503529702 -0.697767298686839
1989 3 -12.9078947368421 0.148317866705799 -1.94287216416429
1989 4 -25.7179487179487 -0.104642408408299 -1.41060810735947
1989 5 -28.3307692307692 0.978833047437 -0.63193863484186
1989 6 -51.515384615385 1.0780386214957 0.81509515568756
1989 7 -53.713513513514 0.282685911718197 0.13079692595822
1989 8 -30.164102564103 0.198532655052698 0.74579126684457
1989 9 -39.468421052632 -0.420438596491199 0.69504623628036
1989 10 11.1157894736842 0.656576229227099 -0.80279578255985
1989 11 23.9142857142857 0.753871921182299 1.78376448510439
1989 12 12.7969696969697 -0.753983382209199 0.276106689009915
1990 1 0.746153846153801 0.7701207739747 2.13379941940761
1990 2 5.00769230769231 -0.179696925041799 1.74866127274173
1990 3 -10.4078947368421 -0.351682133294201 0.72809557777119
1990 4 10.9820512820513 0.128690924924999 0.922725225973871
1990 5 45.2692307692308 -0.134070178369399 2.23902910709363
1990 6 -71.115384615385 0.4947052881624 0.115095155687561
1990 7 -1.61351351351399 -0.2334431205398 0.775958216280801
1990 8 33.635897435897 0.166274590536599 0.681275137812319
1990 9 -7.46842105263201 0.1462280701754 0.56171290294702
1990 10 52.7157894736842 0.3501246163239 1.69720421744015
1990 11 -15.9857142857143 1.9038719211823 0.40043115177106
1990 12 20.2969696969697 1.6815004887586 -1.3529255690546
1991 1 5.3461538461538 0.512056257845703 -0.0920070322052915
1991 2 -4.49230769230769 1.2667316463868 1.53437555845602
1991 3 -8.2078947368421 3.8902533505768 -0.01383990609978
1991 4 -23.3179487179487 2.7953575915917 0.18939189264053
1991 5 7.3692307692308 1.3014136925983 0.75515813935169
1991 6 -22.515384615385 0.9113719548291 0.665095155687562
1991 7 70.686486486486 -0.104410862475302 0.95337757111951
1991 8 -66.464102564103 -0.214549782223301 0.35779843530336
1991 9 20.331578947368 -1.6704385964912 -0.27162043038631
1991 10 40.4157894736842 -1.9401979643213 1.32623647550467
1991 11 -1.6857142857143 -1.629461412151 -0.46623551489561
1991 12 6.2969696969697 -1.8668866080156 0.001913140622819
1992 1 66.2461538461538 -3.6395566453801 2.6821865161818
1992 2 34.3076923076923 -3.3656575161748 1.4475528983575
1992 3 -14.3078947368421 0.190762688437598 1.61604124839937
1992 4 -21.3179487179487 -3.371309075075 -0.33727477402613
1992 5 51.8692307692308 -3.9243927590146 0.28741620386782
1992 6 -71.215384615385 -0.0219613785043009 -0.968238177645779
1992 7 -4.11351351351399 -0.894733443120501 -0.48210629984823
1992 8 11.835897435897 -1.1885641191409 0.503855782973609
1992 9 -15.468421052632 -1.2371052631579 0.31171290294702
1992 10 -9.5842105263158 -1.8111657062567 0.21333324969822
1992 11 36.3142857142857 -2.9627947454844 1.23376448510439
1992 12 -8.7030303030303 -0.1894672531769 0.259977656751851
1993 1 -14.7538461538462 -0.939556645380097 0.553154258117289
1993 2 -8.49230769230769 -0.608268353613198 -0.912053012972554
1993 3 -14.3078947368421 -1.6420047139393 -0.93319474480945
1993 4 -27.6179487179487 -0.687975741741599 -1.3439414406928
1993 5 -65.3307692307692 -0.940521791272598 -2.08355153806766
1993 6 -8.01538461538499 0.344705288162402 -0.10157151097911
1993 7 19.386486486486 -1.023765701185 0.22757111950661
1993 8 75.335897435897 -0.995015732044102 0.261920299102639
1993 9 33.531578947368 -1.8037719298246 0.44504623628036
1993 10 -26.5842105263158 -1.0692302223858 -0.30279578255985
1993 11 -5.6857142857143 -0.196128078817701 1.16709781843772
1994 1 5.2461538461538 -0.0861842113625002 0.673388862222861
1994 2 -6.49230769230769 0.641731646386802 0.802232701313165
1994 3 -3.3078947368421 0.970898511867098 0.679708480997
1994 4 55.3820512820513 -1.4879757417416 1.1560585593072
1994 5 -48.3307692307692 -0.198586307401698 -0.18677734451928
1994 6 20.984615384615 -1.7219613785043 -0.118238177645779
1994 7 10.386486486486 -0.217314088281803 -1.35307404178372
1994 8 -79.664102564103 -1.1885641191409 -0.738079700897361
1995 1 32.2461538461538 -1.1922448174231 1.78702522585922
1995 2 -1.49230769230769 -0.9799614753063 1.40540730448777
1995 3 -11.3078947368421 0.0311135656305979 0.0721815992765702
1995 4 -17.6179487179487 0.00742655710890006 -0.61290695793418
1995 5 7.66923076923079 0.3250696065768 1.3315022253732
1995 6 161.984615384615 -0.288628045170899 0.89842848902089
1995 7 -30.413513513514 -0.946346346346303 0.52111950660338
1995 8 59.335897435897 -0.995015732044102 1.5845009442639
1995 9 -37.468421052632 -0.3271052631579 -0.221620430386309
1995 10 -21.5842105263158 -0.3918108675471 -1.65763449223727
1995 11 8.3142857142857 -0.0294614121510008 1.26709781843772
1995 12 30.2969696969697 -1.8453812316715 0.654601312665826
1996 1 -14.7538461538462 0.286249806232803 1.42412200005277
1996 2 -8.49230769230769 -0.741519585140299 -0.345550549918366
1996 3 -2.3078947368421 -1.6097466494232 -1.35254958351913
1996 4 -2.6179487179487 -1.421309075075 -1.31060810735947
1996 5 -11.3307692307692 0.543349176469302 0.658383945803299
1996 6 -22.015384615385 -1.5552947118376 -0.16823817764578
1996 8 -7.66410256410299 -1.1240479901086 0.10062997652199
1996 9 40.531578947368 0.196228070175401 0.711712902947021
1996 10 4.4157894736842 -1.1014882869019 0.277849378730481
1996 11 -19.6857142857143 -0.262794745484399 -0.96623551489561
1996 12 4.2969696969697 -1.2862414467253 0.356751850300238
1997 1 -12.7538461538462 -1.5847179357027 -1.15652316123755
1997 2 -8.49230769230769 -0.0011254964702978 0.652232701313165
1997 3 28.6921052631579 -1.2549079397458 1.06680525519055
1997 4 27.3820512820513 -3.0546424084083 0.52272522597387
1997 5 -12.3307692307692 -2.9082637267565 -0.84550926887968
1997 6 46.984615384615 0.611371954829099 0.131761822354221
1997 7 -18.613513513514 0.2536536536537 0.52111950660338
1997 8 -23.664102564103 0.257672439998899 -1.0477571202522
1997 9 41.531578947368 -0.00377192982459817 0.211712902947021
1997 10 -27.5842105263158 -0.4563269965793 -0.0447312664308095
1998 1 -3.7538461538462 -1.1331050324769 -2.67265219349562
1998 2 -8.49230769230769 -0.429696925041799 -4.51919587011542
1998 3 -14.3078947368421 0.293479157028397 -1.83642055126107
1998 4 123.382051282051 -3.3546424084083 5.24272522597387
1998 5 -57.3307692307692 3.962704015179 -2.05129347355153
1998 6 20.284615384615 1.3965571400143 0.372502563094962
1998 7 65.386486486486 0.2665568794602 0.58240982918403
1998 8 0.33589743589701 -0.1240479901086 1.39095255716715
1998 9 143.531578947368 -0.7704385964912 2.14504623628039
1998 10 35.4157894736842 -1.875681835289 2.07969269670283
1998 11 53.3142857142857 -0.00946141215100127 2.66709781843772
1998 12 -11.7030303030303 0.616984359726299 0.001913140622819
1999 1 -14.7538461538462 -0.225578150756498 -3.12964144080745
1999 2 -8.49230769230769 1.1874459321011 -1.04348158440113
1999 3 7.6921052631579 -0.254907939745802 -0.41706571255139
1999 4 -24.6179487179487 1.5120242582584 -0.8439414406928
1999 5 -46.3307692307692 0.962704015179003 -1.21258379613218
1999 6 -75.015384615385 1.6447052881624 -0.461571510979109
1999 7 -15.613513513514 -0.0560237657011022 -0.83694500952565
1999 8 119.935897435897 0.0695003969882002 0.429662234586509
1999 9 -78.468421052632 -0.0371052631578976 -1.65495376371964
1999 10 -36.5842105263158 -1.0047140933535 -1.94795707288243
1999 11 -19.6857142857143 -0.430610837438401 -2.61795965282664
1999 12 -9.7030303030303 -0.576564027370498 -4.51421589163524
2000 1 -14.7538461538462 1.092701419136 -3.44684574188272
2000 2 -7.49230769230769 1.4964114493425 -2.20761951543561
2000 3 -11.3078947368421 0.487027544125198 -0.15900119642236
2000 4 -17.6179487179487 1.1453575915917 -1.77727477402613
2000 5 55.6692307692308 -1.0695540493371 0.33580330064201
2000 6 77.984615384615 -1.4886280451709 0.731761822354221
2000 7 -28.613513513514 0.5246213955892 -1.67565468694501
2000 8 -59.664102564103 -0.1563060546247 -2.54453131380059
2000 9 2.53157894736799 0.129561403508802 -1.35495376371964
2000 10 -4.5842105263158 0.640447196969099 -2.78666675030178
2000 11 -7.6857142857143 0.870538587849001 0.20043115177106
2000 12 -2.7030303030303 -0.4475317693059 -2.61099008518363
2001 1 -8.7538461538462 0.641088515910202 -1.70491025801175
2001 2 -7.49230769230769 1.8917316463868 0.409375558456018
2001 3 3.6921052631579 -1.7998388153218 -0.91591363881867
2001 4 -27.6179487179487 2.1453575915917 -2.4189414406928
2001 5 26.6692307692308 -1.7082637267565 -0.49516444129347
2001 6 11.984615384615 -0.962191263561699 0.0225664200553712
2001 7 71.386486486486 0.520320320320398 -0.995547160063289
2001 8 20.335897435897 1.2320314143579 -1.29391096640605
2001 9 -7.46842105263201 0.470037593985001 -0.73590614467202
2001 10 -6.5842105263158 -0.720509421495901 -2.44740089935629
2001 11 -8.6857142857143 -0.6461280788177 -2.03052122918132
2001 12 -6.7030303030303 -0.0453812316714988 -1.14539868733417
2002 1 -0.753846153846199 1.0410885159102 -0.762974774140776
2002 2 -8.49230769230769 0.649668154323301 0.553555452635915
2002 3 7.6921052631579 0.997780232297199 -0.66115173405677
2002 4 26.3820512820513 0.502500448734601 -0.15108429783566
2002 5 -38.3307692307692 0.836563859450401 -1.22481961370726
2002 6 -65.415384615385 0.206243749700899 -1.77849458790219
2002 7 -20.613513513514 0.4203203203204 -0.645547160063289
2002 8 8.33589743589701 1.0795115204587 -1.37879160301082
2002 9 1.53157894736799 1.2249637023593 -0.76299974073114
2002 10 15.4157894736842 1.8386038789967 -0.4441168271067
2002 11 -19.6857142857143 0.672837438423699 1.76135069200094
2002 12 -11.7030303030303 0.554618768328499 0.954601312665826
2003 1 -9.7538461538462 1.1238471365999 1.27840453620405
2003 2 -8.49230769230769 1.3560173606725 1.12366127274174
2003 3 -14.3078947368421 0.780575931222 0.1313213842228
2003 4 -27.6179487179487 1.2120242582584 -0.14060810735947
2003 5 -65.3307692307692 3.4143169184048 -0.7932289574225
2003 6 -157.015384615385 1.4113719548291 0.265095155687561
2003 7 -172.613513513514 0.801801801801798 -1.09739901191514
2003 8 -153.664102564103 2.0372423324721 -2.51227324928446
2003 9 -133.468421052632 1.9628947368421 -0.388287097052981
2003 10 -67.5842105263158 1.0630278421304 0.43913970131112
2003 11 -19.6857142857143 1.870538587849 -1.59956884822894
2003 12 -11.7030303030303 0.423435972629502 2.48578410836476
2004 1 -14.7538461538462 1.3830239997812 1.26283167747212
2004 2 -8.49230769230769 0.427445932101101 -3.12633872725827
2004 3 22.1921052631579 0.906382382834899 0.26035364228732
2004 4 -6.6179487179487 -0.854642408408299 -0.87727477402613
2004 5 -38.3307692307692 0.575607240985402 -1.14806766709992
2004 6 5.98461538461501 -0.0886280451708998 -2.93490484431244
2004 7 -38.613513513514 0.0869869869870001 -1.04554716006329
2004 8 9.33589743589701 -0.229507047180601 -0.40929558179066
2004 9 -133.468421052632 0.500825771324902 -0.00437905107595959
2004 10 -67.5842105263158 -0.375681835289001 1.49397841098854
2006 1 7.2461538461538 0.641088515910202 3.06928329037535
2006 2 1.50769230769231 1.7237422283974 0.997999897080355
2006 3 -11.3078947368421 1.4225114150929 -0.0299689383578401
2006 4 35.3820512820513 1.3120242582584 -0.41060810735947
2006 5 29.6692307692308 -0.693978012470797 -0.49945015557918
2006 6 -59.015384615385 0.144705288162399 -2.56823817764578
2006 7 14.386486486486 0.137524621395599 -1.09500952565468
2006 8 94.335897435897 -0.1563060546247 -0.64130550734897
2006 9 -0.46842105263201 0.255751879699201 -0.27162043038631
2006 10 4.4157894736842 0.672705261485198 0.18107518518209
2006 11 47.3142857142857 -0.769461412150999 0.23376448510439
2006 12 0.0969696969697011 0.487952101661801 1.80836475352605
2007 1 -5.7538461538462 2.8175591041455 1.97820169644746
2007 2 18.5076923076923 1.034588789244 1.73080412988458
2007 3 -4.3078947368421 1.7128339957381 1.29261170680345
2007 4 -5.6179487179487 2.0120242582584 0.0227252259738702
2007 5 47.6692307692308 0.704639499050003 -0.37387411871282
2007 6 -39.015384615385 0.844705288162402 -1.80157151097911
2007 7 97.386486486486 1.1375246213956 -0.83694500952565
2007 8 82.335897435897 1.2910057733323 -1.48109045358553
2007 9 37.731578947368 0.662894736842102 -1.92162043038631
2007 10 20.4157894736842 0.8017375195497 -2.04473126643081
2007 12 1.2969696969697 2.1008553274683 1.87288088255831
2008 1 -14.7538461538462 1.1894756126844 2.77896070973019
2008 2 -8.49230769230769 0.7377907596873 1.17169082939197
2008 3 -9.3078947368421 -0.867811165552201 -0.0299689383578401
2008 4 34.3820512820513 1.5453575915917 -0.57727477402613
2008 5 -12.3307692307692 -0.101812113853299 -1.11580960258379
2008 6 502.984615384615 -0.521961378504301 -2.06823817764578
2008 7 46.386486486486 -0.604410862475302 -1.06275146113856
2008 8 27.335897435897 0.456597171181699 -0.12517647509091
2008 9 5.53157894736799 0.362894736842101 -0.12162043038631
2008 10 -30.5842105263158 -0.1982624804503 -2.1415054599792
2008 11 -19.6857142857143 -0.0294614121510008 -0.73290218156228
2008 12 -11.7030303030303 1.4556940371457 -5.38518363357073
2009 1 -1.7538461538462 1.3185078707489 2.61767038714954
2009 2 -3.49230769230769 1.9274459321011 2.15937555845602
2009 3 -1.3078947368421 1.4225114150929 -0.77190442222881
2009 4 -7.6179487179487 1.778690924925 -2.27727477402613
2009 5 15.6692307692308 -0.166328242885498 -1.11580960258379
2009 6 56.984615384615 2.2780386214957 -2.56823817764578
2009 7 -28.613513513514 2.234298814944 -1.41759017081597
2009 8 72.335897435897 1.4243391066656 -1.09291841057478
2009 9 231.531578947368 0.196228070175401 -0.42162043038631
2009 10 5.4157894736842 1.5114149389045 0.0843009916337003
2009 11 -19.6857142857143 0.803871921182299 -2.79956884822894
2009 12 4.2969696969697 2.6815004887586 -1.48195782711912
