"anio" "mes" "ppAcc" "mTmax" "mTmin"
1970 1 -90.5109489051095 -5.84717935702699 -21.7265219349562
1970 2 143.75 -9.65411210755999 9.98661272741735
1970 3 -100 -7.71036972003802 -10.4609797061591
1970 4 -70.3091634945687 28.620242582584 1.72725225973871
1970 5 -9.23113152007533 8.65929821630601 -0.351644412934702
1970 6 33.4901038604739 1.947052881624 12.4842848902089
1970 8 -12.6015785345995 11.662745905366 11.4901707329619
1970 9 23.0253558894274 4.12894736842102 6.11712902947019
1970 10 -15.3648469745347 10.598020356787 3.101074432466
1970 11 -34.4702467343977 3.872052545156 -21.1623551489561
1971 1 -41.0323253388949 11.249594836521 -6.72652193495614
1971 2 13.0434782608696 -0.189826393275006 -20.9062444154399
1971 3 88.7070075409234 7.28963027996198 7.6035364228732
1971 4 2.46959428093963 2.620242582584 -16.2727477402613
1971 5 119.804544919345 10.433491764693 0.938678167710494
1971 6 -7.97080148932023 -13.552947118376 12.8176182235422
1971 7 -24.5713748884403 -5.56023765701102 4.69506603377571
1971 8 -29.2612925294934 -13.821125062376 5.6837191200586
1971 9 73.8988130446779 -5.87105263157898 13.1171290294702
1971 10 -4.11961685227009 -1.17617319160001 19.8752679808531
1971 11 -44.6298984034833 -1.127947454844 1.3376448510439
1971 12 70.8959088555153 -3.34628543499498 13.1481636642927
1972 1 -92.5443169968718 -8.91169548605898 5.85412322633418
1972 2 -31.7028985507246 -6.93243723071298 -13.2830917060802
1972 3 20.2133529519956 -20.129724558748 -5.1383990609978
1972 4 -7.30665676353164 0.286909249250016 7.89391892640531
1972 5 39.2911809725657 -1.82457275143598 14.325774941904
1972 6 -40.1332549480699 -11.052947118376 9.48428489020891
1972 7 -42.2409068846198 -4.91507636668903 11.6305499047435
1972 8 -32.0596038645733 -7.36951215915003 1.0062997652199
1972 9 25.9473954020265 0.962280701753997 3.45046236280361
1972 10 -39.0390156529865 1.88834293743298 15.0365583034338
1972 11 171.77068214804 -2.79461412151001 39.8709781843772
1972 12 -47.8767477990678 0.202101661779004 15.2449378578411
1973 1 -83.733055265902 7.378627094586 -15.436199354311
1973 2 -17.5724637681159 8.20303074958201 -3.76338727258268
1973 3 -84.6238734596285 4.54769479609098 2.5067622293248
1973 4 16.5908457896204 -8.71309075075001 3.8939189264053
1973 5 17.096432356058 -8.59876629982299 10.4548071999685
1973 6 -27.331961591221 -5.71961378504298 7.65095155687561
1973 7 33.651181361266 -7.17314088281803 13.7273240982919
1973 8 54.3626624839389 -10.756608933344 18.103073958768
1973 9 22.0513427185611 -5.53771929824599 13.2837956961369
1973 10 61.8721283389144 -12.305205449664 18.4236550776273
1973 11 -41.0740203193034 -7.12794745484398 5.8376448510439
1973 12 -57.2760227861212 -26.733382209188 -12.7228040776428
1974 1 205.683003128258 -6.00846967960798 12.1444458069793
1974 2 -32.8804347826087 -8.22554067898899 8.20089844170305
1974 3 353.59573294096 -16.581337461974 6.9583751325506
1974 4 -35.9112431529106 -15.21309075075 11.060585593072
1974 5 -58.5187801719063 -7.79231468692 -2.2871282839024
1974 6 -13.8300999412112 -17.719613785043 8.9842848902089
1974 7 -6.43837975793472 -18.786044108624 -0.30493396622429
1974 8 -6.15895476313665 -8.49854441721501 -0.445313138005901
1974 9 -36.0148270830871 -12.204385964912 -3.0495376371964
1974 10 -2.78794486410717 -10.692302223858 -6.7376352449533
1974 11 -74.6008708272859 -15.29461412151 3.2043115177106
1974 12 -79.4924909373382 -6.57209188660801 3.08364753526044
1975 1 300.573514077162 -28.750405163479 3.7573490327858
1975 2 -87.0471014492754 -12.332683536132 5.70089844170305
1975 3 -100 3.57995286060699 0.506762229324802
1975 4 -67.4124965184291 18.953575915917 11.7272522597387
1975 5 124.702696338161 -21.340701783694 20.2935168773879
1975 6 8.65177346658802 -20.719613785043 13.3176182235419
1975 7 6.59652089498459 -14.108624753786 -1.11138557912749
1975 8 -13.4475796359027 -10.272737965602 3.58694492651029
1975 9 -26.2746953744235 -14.204385964912 -12.0495376371964
1975 10 125.792383770734 -7.62778609482499 -6.2537642772114
1975 11 -78.1567489114659 -2.46128078817701 -10.8290218156228
1975 12 -100 -10.604349951124 -23.6905460131266
1976 1 -3.75391032325369 -10.685889034446 -14.1458767736659
1976 2 -82.3369565217391 -3.31174757554098 -24.4899882578044
1976 3 55.1590950892037 4.70898511867098 4.3777299712603
1976 4 58.5925169436451 -16.546424084083 9.7272522597387
1976 5 -47.1918050158954 -10.37295984821 3.8419039741621
1976 6 -38.4773662551442 -1.38628045170901 -3.01571510979109
1976 7 46.1067530962778 -17.173140882818 14.5337757111948
1976 8 5.48982963173059 -12.530802481731 0.199848152316697
1976 9 34.1890453093572 -3.70438596491198 5.95046236280361
1976 10 122.093294914726 -13.75681835289 29.2301066905306
1976 11 22.931785195936 -28.127947454844 23.5043115177106
1976 12 -0.880372863801113 -11.088220918866 34.3739701159056
1977 1 -59.3326381647551 0.927014191360023 0.370252258592245
1977 2 -54.0760869565217 -8.04696925041799 -3.47767298686839
1977 3 -16.8291337134449 8.90253350576799 9.7003106164216
1977 4 42.2987652028596 -29.879757417416 -3.439414406928
1977 5 -26.9869304132815 -6.01812113853299 4.0031942967427
1977 6 -23.8291201254166 -12.219613785043 -3.01571510979109
1977 7 -4.9900574631659 -2.97959249572102 0.178937001517703
1977 8 15.5767658395765 1.017584615043 2.0385578297361
1977 9 7.21637288536579 2.46228070175402 -2.88287097052979
1977 10 -46.8810840277237 0.759310679367999 7.9397841098854
1977 11 147.895500725689 -16.627947454844 12.9043115177106
1977 12 -47.8767477990678 1.00855327468302 8.56751850300236
1978 1 -72.2106360792493 -1.49234064734998 -2.08136064463356
1978 2 142.572463768116 -29.832683536132 15.5223270131316
1978 3 68.4384771013427 -14.226498752296 1.6357944873893
1978 4 -86.9649986073716 5.120242582584 1.72725225973871
1978 5 -55.3043683033086 5.43349176469302 -4.7064831226121
1978 6 0.436018028610375 -12.886280451709 12.6509515568756
1978 7 5.14819860021578 -1.689269915076 4.21119506603381
1978 8 -22.167898680105 0.856294292462003 4.2321062168328
1978 9 -9.71647146969547 -3.03771929824599 5.7837956961369
1978 10 51.8106066505724 -11.33746351418 11.8107518518209
1978 11 -88.8243831640058 6.53871921182301 13.3376448510439
1978 12 -8.57068876229931 1.81500488758601 22.0836475352605
1979 1 -100 2.86249806232803 -1.5652316123755
1979 2 193.20652173913 -8.93982639327501 17.2723270131316
1979 3 1.3426521979033 -3.51682133294201 -0.944850673900999
1979 4 -52.9291616377309 1.45357591591701 4.22725225973871
1979 5 -58.5187801719063 2.53026595824103 -0.0290637677734029
1979 6 -46.0562414266119 7.11371954829101 -2.5157151097911
1979 7 2.48328557784117 8.149439762343 3.88861442087251
1979 8 -56.0079427322333 -5.43402828818301 3.58694492651029
1979 9 -25.4505303836904 -11.704385964912 -7.6162043038631
1979 10 -67.0041274044078 14.630278421304 -35.6731191159211
1979 11 -57.8374455732947 2.37205254515601 -8.6623551489561
1979 12 194.795442775764 -11.733382209188 20.6642926965508
1980 1 524.244004171009 -13.750405163479 0.53154258117289
1980 2 -100 -6.76002343760999 7.37208070771285
1980 3 -44.0868125804671 12.450920602542 10.1841815841635
1980 4 71.265434964256 -15.21309075075 4.3939189264053
1980 5 61.4859295890734 -1.34070178369399 17.8741620386782
1980 6 -40.8975112678818 6.28038621495701 -5.84904844312438
1980 7 -43.6312962875978 12.504278472021 -3.0468694500952
1980 8 49.677117922875 -0.272737965602019 11.1675900878006
1980 9 -13.0880555226944 -6.20438596491198 7.11712902947021
1980 10 9.3450665835994 -1.33746351418001 11.6494615292402
1980 11 -9.07111756168368 -9.62794745484398 4.5043115177106
1980 12 102.511651993786 -5.12047898338199 -9.17441698086859
1981 1 123.670490093847 -24.718147098963 -8.04910258011743
1981 2 436.956521739131 -8.04696925041799 14.7723270131317
1981 3 -63.6564281773036 -10.129724558748 13.7325686809377
1981 4 136.802525299415 -8.21309075075 16.060585593072
1981 5 -35.4056281643706 -10.534250170791 7.8741620386782
1981 6 -9.62669018224595 -4.21961378504299 24.1509515568759
1981 7 19.9790188986484 0.568794601053 6.3079692595822
1981 8 5.48982963173059 -0.917899255925008 10.8450094426393
1981 9 -62.9125754170118 5.962280701754 4.61712902947021
1981 10 32.1314539366093 4.95285906646501 13.326880884079
1981 11 -52.7576197387518 0.705385878490006 -33.1956884822894
1981 12 187.959606421543 -5.12047898338199 1.30945398687335
1982 1 -100 14.959272255876 -7.40394128979486
1982 2 57.7898550724638 5.881602178154 2.30804129884589
1982 3 32.0949052786464 7.773501247704 7.4422461002925
1982 4 -34.1008262928233 17.28690924925 11.8939189264053
1982 5 150.57105851878 -2.46973404175897 27.8741620386782
1982 6 -45.546737213404 20.613719548291 -11.8490484431244
1982 7 -31.5233219033305 5.891375246214 -3.85332106299849
1982 8 -30.7580637087222 3.11435880859097 -12.0582163638123
1982 9 -64.1862849481448 11.295614035088 -6.5495376371964
1982 10 94.572073826026 4.30769777614199 -4.80215137398559
1982 11 -100 15.538719211823 -18.3956884822894
1982 12 34.1532884515795 -1.24951124144701 -12.2389331099008
1983 1 59.9582898852967 -16.49234064735 0.692832903753535
1983 2 80.1630434782609 -20.011254964703 -41.9776729868683
1983 3 -3.54975170130582 -15.936176171651 -40.944850673901
1983 4 -100 4.78690924925001 -33.4727477402613
1983 5 -48.7224773342753 28.433491764693 6.7451297806137
1983 6 -23.4469919655107 27.113719548291 4.15095155687562
1983 7 29.7696776112856 10.246213955892 14.7918402273238
1983 8 -23.1440537969933 9.40468138923698 7.61920299102639
1983 9 35.68752711069 2.96228070175403 11.6171290294702
1983 10 27.9884744178802 6.72705261485198 -2.22150621269519
1983 11 138.751814223512 -1.461280788177 14.1709781843772
1983 12 -27.369238736406 6.49242424242402 6.95461527719596
1984 1 -0.364963503649946 -5.040727744124 14.079929677947
1984 2 10.6884057971015 -6.41519585140298 9.47552898357495
1984 3 -94.4086812580467 0.0315657638329725 1.1519235196474
1984 4 -100 16.453575915917 -5.1060810735947
1984 5 -0.0470976097962701 -12.631024364339 3.5193233290008
1984 6 31.1336468743873 -3.88628045170901 6.4842848902089
1984 7 11.7525482643616 -6.850560237657 8.88861442087251
1984 8 -16.4411219943602 -4.95015732044102 0.522428797477996
1984 9 -22.4535667810247 -14.204385964912 2.45046236280359
1984 10 41.4531578537497 13.8238268084 9.3913970131112
1984 11 -80.188679245283 7.70538587849 -8.2290218156228
1984 12 -64.1118591403418 13.629521016618 -4.6444630638179
1985 1 -100 -2.943953550575 5.20896193601159
1985 2 -76.4492753623188 7.31017360672499 -5.72767298686839
1985 3 274.61835571087 4.87027544125198 9.3777299712603
1985 4 -22.5141583882647 -13.21309075075 8.3939189264053
1985 5 -26.0685270222536 9.66736273243502 -5.3516444129347
1985 6 21.00725063688 -8.052947118376 9.9842848902089
1985 7 -26.8307576682796 1.05266556879499 -1.9178371920307
1985 8 -36.6149944100521 7.95306848601101 -2.38079700897361
1985 9 1.14752158996773 6.96228070175401 -11.2162043038631
1985 10 -30.3091659528074 7.21092358259398 -0.608602986888798
1985 11 -32.9462989840349 8.37205254515599 -4.2290218156228
1986 1 -100 4.15282064297301 -26.0813606446336
1986 2 -35.2355072463768 1.23874503529702 -21.799101558297
1986 4 1.74542753690472 -6.17800303145099 17.1921645404404
1986 5 96.9975273754857 -7.95360500949997 16.583839458033
1986 6 31.0699588477363 -6.71961378504299 19.8176182235419
1986 7 -17.2138976310147 5.08492363331097 -2.24041783719199
1986 8 -4.0764905137749 6.50145558278499 -4.1549905573607
1986 9 -16.9091841160932 12.795614035088 -2.7162043038631
1986 10 -30.9010201697687 3.66253648581999 13.584945400208
1986 11 -61.3933236574746 11.70538587849 10.1709781843772
1986 12 -29.0781978249611 1.65371456500502 0.825583019131411
1987 1 -100 19.314110965554 -15.2749090317304
1987 2 -52.8985507246377 -1.26125496470298 -1.44195870115411
1987 3 -68.5488320765128 -4.562427562085 0.262045877823103
1987 4 57.8683501996102 -9.29642408408299 13.310585593072
1987 5 7.60626398210294 -9.56650823530698 -31.8032573161605
1987 6 56.3541054281791 3.28038621495701 -3.34904844312438
1987 7 27.7999592904 5.08492363331097 5.501517646679
1987 8 16.5529209564648 12.63048784085 4.71597718457479
1987 9 10.3631846681648 23.128947368421 8.1171290294702
1987 10 -100 14.952859066465 -25.6086029868888
1987 11 20.8998548621189 3.70538587849001 -2.1623551489561
1987 12 -100 19.556940371457 15.8255830191315
1988 1 -87.1220020855058 6.74421849243501 -15.9630810747411
1988 2 34.2391304347826 18.23997656239 17.4065634663335
1988 3 193.544233952547 -16.097466494232 14.2164396486796
1988 4 -91.6720824435985 9.28690924925 -0.6060810735947
1988 5 -43.2120569881078 17.691556280822 -8.0935798968057
1988 6 -33.318636096414 4.61371954829101 2.81761822354222
1988 7 24.4398515665364 4.79460105266597 12.4370015176467
1988 8 9.4595271070764 3.275649131172 6.3288804103812
1988 9 -35.2655861824206 7.628947368421 -5.04953763719641
1988 10 -69.2235807180126 8.82382680839999 -3.1892481481791
1988 11 196.153846153846 25.038719211823 -16.9956884822894
1988 12 -70.9476954945624 7.29887585532801 -1.43248149699762
1989 1 -83.733055265902 16.894756126844 -0.920070322052915
1989 2 23.6413043478261 8.73874503529702 -6.97767298686839
1989 3 -90.2151922015818 1.48317866705799 -19.4287216416429
1989 4 -93.1204159316684 -1.04642408408299 -14.1060810735947
1989 5 -43.3651242199458 9.78833047437 -6.3193863484186
1989 6 -32.8091318832061 10.780386214957 8.1509515568756
1989 7 -31.1177916607953 2.82685911718197 1.3079692595822
1989 8 -19.6298953761954 1.98532655052698 7.4579126684457
1989 9 -29.5713553373558 -4.20438596491199 6.9504623628036
1989 10 16.4473171871349 6.56576229227099 -8.0279578255985
1989 11 121.480406386067 7.53871921182299 17.8376448510439
1989 12 109.347488348006 -7.53983382209199 2.76106689009915
1990 1 5.05735140771605 7.701207739747 21.3379941940761
1990 2 58.9673913043479 -1.79696925041799 17.4866127274173
1990 3 -72.7423211329777 -3.51682133294201 7.2809557777119
1990 4 39.7641815987375 1.28690924924999 9.22725225973871
1990 5 69.2923584128106 -1.34070178369399 22.3902910709363
1990 6 -45.2919851068 4.947052881624 1.15095155687561
1990 7 -0.93475503781323 -2.334431205398 7.75958216280801
1990 8 21.8892355954543 1.66274590536599 6.81275137812319
1990 9 -5.59564651603012 1.462280701754 5.6171290294702
1990 10 78.0001557511097 3.501246163239 16.9720421744015
1990 11 -81.2046444121916 19.038719211823 4.0043115177106
1990 12 173.433454168825 16.815004887586 -13.529255690546
1991 1 36.2356621480705 5.12056257845703 -0.920070322052915
1991 2 -52.8985507246377 12.667316463868 15.3437555845601
1991 3 -57.3661945926062 38.902533505768 -0.1383990609978
1991 4 -84.4304150032495 27.953575915917 1.8939189264053
1991 5 11.2798775462146 13.014136925983 7.5515813935169
1991 6 -14.3396041544192 9.113719548291 6.65095155687562
1991 7 40.9507257269008 -1.04410862475302 9.5337757111951
1991 8 -43.2528492048926 -2.14549782223301 3.5779843530336
1991 9 15.2332505224966 -16.704385964912 -2.7162043038631
1991 10 59.8006385795499 -19.401979643213 13.2623647550467
1991 11 -8.56313497822939 -16.29461412151 -4.6623551489561
1991 12 53.8063179699638 -18.668866080156 0.01913140622819
1992 1 449.009384775806 -36.395566453801 26.821865161818
1992 2 403.985507246377 -33.656575161748 14.475528983575
1992 3 -100 1.90762688437598 16.1604124839937
1992 4 -77.1887475629004 -33.71309075075 -3.3727477402613
1992 5 79.3947957141176 -39.243927590146 2.8741620386782
1992 6 -45.355673133451 -0.219613785043009 -9.68238177645779
1992 7 -2.38307733258204 -8.94733443120501 -4.8210629984823
1992 8 7.70244789667744 -11.885641191409 5.03855782973609
1992 9 -11.5895737213615 -12.371052631579 3.1171290294702
1992 10 -14.1811385406121 -18.111657062567 2.1333324969822
1992 11 184.470246734397 -29.627947454844 12.3376448510439
1992 12 -74.3656136716727 -1.894672531769 2.59977656751851
1993 1 -100 -9.39556645380097 5.53154258117289
1993 2 -100 -6.08268353613198 -9.12053012972554
1993 3 -100 -16.420047139393 -9.3319474480945
1993 4 -100 -6.87975741741599 -13.439414406928
1993 5 -100 -9.40521791272598 -20.8355153806766
1993 6 -5.1048402900257 3.44705288162402 -1.0157151097911
1993 7 11.2311522382448 -10.23765701185 2.2757111950661
1993 8 49.0263478449494 -9.95015732044102 2.61920299102639
1993 9 25.1232304112934 -18.037719298246 4.4504623628036
1993 10 -39.3349427614672 -10.692302223858 -3.0279578255985
1993 11 -28.8824383164006 -1.96128078817701 11.6709781843772
1994 1 35.5578727841497 -0.861842113625002 6.7338886222286
1994 2 -76.4492753623188 6.41731646386802 8.02232701313165
1994 3 -23.1193672981423 9.70898511867098 6.79708480997
1994 4 200.529198774487 -14.879757417416 11.560585593072
1994 5 -73.9785705875427 -1.98586307401698 -1.8677734451928
1994 6 13.3646874387612 -17.219613785043 -1.18238177645779
1994 7 6.01719197707707 -2.17314088281803 -13.5307404178372
1994 8 -51.8430142335098 -11.885641191409 -7.38079700897361
1995 1 218.561001042752 -11.922448174231 17.8702522585922
1995 2 -17.5724637681159 -9.799614753063 14.0540730448777
1995 3 -79.0325547176752 0.311135656305979 0.721815992765702
1995 4 -63.7916627982545 0.0742655710890006 -6.1290695793418
1995 5 11.7390792417285 3.250696065768 13.315022253732
1995 6 103.164805016656 -2.88628045170899 8.9842848902089
1995 7 -17.61942787355 -9.46346346346303 5.2111950660338
1995 8 38.6140265981408 -9.95015732044102 15.845009442639
1995 9 -28.0728735360229 -3.271052631579 -2.21620430386309
1995 10 -31.936765049451 -3.918108675471 -16.5763449223727
1995 11 42.2351233671987 -0.294614121510008 12.6709781843772
1995 12 258.881408596582 -18.453812316715 6.54601312665826
1996 1 -100 2.86249806232803 14.2412200005277
1996 2 -100 -7.41519585140299 -3.45550549918366
1996 3 -16.1302188707007 -16.097466494232 -13.5254958351913
1996 4 -9.47915699563637 -14.21309075075 -13.1060810735947
1996 5 -17.3436948074885 5.43349176469302 6.58383945803299
1996 6 -14.0211640211642 -15.552947118376 -1.6823817764578
1996 8 -4.98756862287066 -11.240479901086 1.0062997652199
1996 9 30.3679167159584 1.96228070175401 7.11712902947021
1996 10 6.53375905303324 -11.014882869019 2.77849378730481
1996 11 -100 -2.62794745484399 -9.6623551489561
1996 12 36.7167270844123 -12.862414467253 3.56751850300238
1997 1 -86.444212721585 -15.847179357027 -11.5652316123755
1997 2 -100 -0.011254964702978 6.52232701313165
1997 3 200.533382379989 -12.549079397458 10.6680525519055
1997 4 99.1458546096 -30.546424084083 5.2272522597387
1997 5 -18.8743671258683 -29.082637267565 -8.4550926887968
1997 6 29.9235743680185 6.11371954829099 1.31761822354221
1997 7 -10.7833466422412 2.536536536537 5.2111950660338
1997 8 -15.3998898696794 2.57672439998899 -10.477571202522
1997 9 31.1171576166248 -0.0377192982459817 2.11712902947021
1997 10 -40.8145783038704 -4.563269965793 -0.447312664308095
1998 1 -25.4431699687176 -11.331050324769 -26.7265219349562
1998 2 -100 -4.29696925041799 -45.1919587011541
1998 3 -100 2.93479157028397 -18.3642055126107
1998 4 446.745891746356 -33.546424084083 52.4272522597387
1998 5 -87.7546214529613 39.62704015179 -20.5129347355153
1998 6 12.9188712522043 13.965571400143 3.72502563094962
1998 7 37.8802824619909 2.665568794602 5.8240982918403
1998 8 0.218592000533688 -1.240479901086 13.9095255716715
1998 9 107.5397294846 -7.704385964912 21.4504623628039
1998 10 52.4024608675337 -18.75681835289 20.7969269670283
1998 11 270.827285921625 -0.0946141215100127 26.6709781843772
1998 12 -100 6.16984359726299 0.01913140622819
1999 1 -100 -2.25578150756498 -31.2964144080745
1999 2 -100 11.874459321011 -10.4348158440113
1999 3 53.7612654037153 -2.54907939745802 -4.1706571255139
1999 4 -89.1374988394764 15.120242582584 -8.439414406928
1999 5 -70.917225950783 9.62704015179003 -12.1258379613218
1999 6 -47.7758181461886 16.447052881624 -4.61571510979109
1999 7 -9.04535988851858 -0.560237657011022 -8.3694500952565
1999 8 78.0506933204287 0.695003969882002 4.29662234586509
1999 9 -58.7917504633465 -0.371052631578976 -16.5495376371964
1999 10 -54.1312981854996 -10.047140933535 -19.4795707288243
1999 11 -100 -4.30610837438401 -26.1795965282664
1999 12 -82.9104091144485 -5.76564027370498 -45.1421589163524
2000 1 -100 10.92701419136 -34.4684574188272
2000 2 -88.2246376811594 14.964114493425 -22.076195154356
2000 3 -79.0325547176752 4.87027544125198 -1.5900119642236
2000 4 -63.7916627982545 11.453575915917 -17.7727477402613
2000 5 85.211350523961 -10.695540493371 3.3580330064201
2000 6 49.6668626298252 -14.886280451709 7.31761822354221
2000 7 -16.5766358213164 5.246213955892 -16.7565468694501
2000 8 -38.8276126749989 -1.563060546247 -25.4453131380059
2000 9 1.89676249063416 1.29561403508802 -13.5495376371964
2000 10 -6.78296082859592 6.40447196969099 -27.8666675030178
2000 11 -39.0420899854863 8.70538587849001 2.0043115177106
2000 12 -23.0968410150181 -4.475317693059 -26.1099008518363
2001 1 -59.3326381647551 6.41088515910202 -17.0491025801175
2001 2 -88.2246376811594 18.917316463868 4.09375558456018
2001 3 25.8046716939489 -17.998388153218 -9.1591363881867
2001 4 -100 21.453575915917 -24.189414406928
2001 5 40.8218532909455 -17.082637267565 -4.9516444129347
2001 6 7.63276504017219 -9.62191263561699 0.225664200553712
2001 7 41.3562559694361 5.20320320320398 -9.95547160063289
2001 8 13.2339935590446 12.320314143579 -12.9391096640605
2001 9 -5.59564651603012 4.70037593985001 -7.3590614467202
2001 10 -9.7422319134024 -7.20509421495901 -24.4740089935629
2001 11 -44.1219158200291 -6.461280788177 -20.3052122918132
2001 12 -57.2760227861212 -0.453812316714988 -11.4539868733417
2002 1 -5.10948905109518 10.410885159102 -7.62974774140775
2002 2 -100 6.49668154323301 5.53555452635915
2002 3 53.7612654037153 9.97780232297199 -6.6115173405677
2002 4 95.5250208894254 5.02500448734601 -1.5108429783566
2002 5 -58.6718474037442 8.36563859450401 -12.2481961370726
2002 6 -41.6617675876937 2.06243749700899 -17.7849458790219
2002 7 -11.9420044780562 4.203203203204 -6.45547160063289
2002 8 5.42475262393804 10.795115204587 -13.7879160301082
2002 9 1.14752158996773 12.249637023593 -7.6299974073114
2002 10 22.8097500194689 18.386038789967 -4.441168271067
2002 11 -100 6.72837438423699 17.6135069200094
2002 12 -100 5.54618768328499 9.54601312665826
2003 1 -66.1105318039626 11.238471365999 12.7840453620405
2003 2 -100 13.560173606725 11.2366127274174
2003 3 -100 7.80575931222 1.313213842228
2003 4 -100 12.120242582584 -1.4060810735947
2003 5 -100 34.143169184048 -7.932289574225
2003 6 -100 14.113719548291 2.65095155687561
2003 7 -100 8.01801801801798 -10.9739901191514
2003 8 -100 20.372423324721 -25.1227324928446
2003 9 -100 19.628947368421 -3.88287097052981
2003 10 -100 10.630278421304 4.3913970131112
2003 11 -100 18.70538587849 -15.9956884822894
2003 12 -100 4.23435972629502 24.8578410836476
2004 1 -100 13.830239997812 12.6283167747212
2004 2 -100 4.27445932101101 -31.2633872725827
2004 3 155.103917601619 9.06382382834899 2.6035364228732
2004 4 -23.9624918763346 -8.54642408408299 -8.7727477402613
2004 5 -58.6718474037442 5.75607240985402 -11.4806766709992
2004 6 3.81148344111282 -0.886280451708998 -29.3490484431244
2004 7 -22.3699250003917 0.869869869870001 -10.4554716006329
2004 8 6.07552270186358 -2.29507047180601 -4.0929558179066
2004 9 -100 5.00825771324902 -0.0437905107595959
2004 10 -100 -3.75681835289001 14.9397841098854
2006 1 49.1136600625647 6.41088515910202 30.6928329037535
2006 2 17.7536231884058 17.237422283974 9.97999897080355
2006 3 -79.0325547176752 14.225114150929 -0.299689383578401
2006 4 128.112524370996 13.120242582584 -4.1060810735947
2006 5 45.4138702460851 -6.93978012470797 -4.9945015557918
2006 6 -37.5857338820303 1.44705288162399 -25.6823817764578
2006 7 8.33450764870717 1.37524621395599 -10.9500952565468
2006 8 61.3909793255348 -1.563060546247 -6.4130550734897
2006 9 -0.350960211365123 2.55751879699201 -2.7162043038631
2006 10 6.53375905303324 6.72705261485198 1.8107518518209
2006 11 240.348330914368 -7.69461412150999 2.3376448510439
2006 12 0.828586224754049 4.87952101661801 18.0836475352605
2007 1 -38.9989572471326 28.175591041455 19.7820169644746
2007 2 217.934782608696 10.34588789244 17.3080412988459
2007 3 -30.1085157255839 17.128339957381 12.9261170680345
2007 4 -20.34165815616 20.120242582584 0.227252259738702
2007 5 72.9659719769222 7.04639499050003 -3.7387411871282
2007 6 -24.8481285518324 8.44705288162402 -18.0157151097911
2007 7 56.4188078350317 11.375246213956 -8.3694500952565
2007 8 53.5817383904282 12.910057733323 -14.8109045358553
2007 9 28.2700421940924 6.62894736842102 -19.2162043038631
2007 10 30.2079277314851 8.017375195497 -20.4473126643081
2007 12 11.082340756085 21.008553274683 18.7288088255831
2008 1 -100 11.894756126844 27.7896070973019
2008 2 -100 7.377907596873 11.7169082939198
2008 3 -65.054257862792 -8.67811165552201 -0.299689383578401
2008 4 124.491690650822 15.453575915917 -5.7727477402613
2008 5 -18.8743671258683 -1.01812113853299 -11.1580960258379
2008 6 320.34097589653 -5.21961378504301 -20.6823817764578
2008 7 26.873033021748 -6.04410862475302 -10.6275146113856
2008 8 17.7893841045234 4.56597171181699 -1.2517647509091
2008 9 4.14448519263344 3.62894736842101 -1.2162043038631
2008 10 -45.2534849310801 -1.982624804503 -21.415054599792
2008 11 -100 -0.294614121510008 -7.3290218156228
2008 12 -100 14.556940371457 -53.8518363357073
2009 1 -11.8873826903027 13.185078707489 26.1767038714954
2009 2 -41.1231884057971 19.274459321011 21.5937555845601
2009 3 -9.14107044325911 14.225114150929 -7.7190442222881
2009 4 -27.5833255965091 17.78690924925 -22.7727477402613
2009 5 23.9844577887673 -1.66328242885498 -11.1580960258379
2009 6 36.2923770331174 22.780386214957 -25.6823817764578
2009 7 -16.5766358213164 22.34298814944 -14.1759017081597
2009 8 47.0740376111728 14.243391066656 -10.9291841057478
2009 9 173.472928743246 1.96228070175401 -4.2162043038631
2009 10 8.01339459543647 15.114149389045 0.843009916337003
2009 11 -100 8.03871921182299 -27.9956884822894
2009 12 36.7167270844123 26.815004887586 -14.8195782711912
