"anio" "mes" "ppAcc" "mTmax" "mTmin"
1970 1 -100 -4.59347993497101 5.4304497875132
1970 2 57.1090047393368 -30.263302363877 10.0620114240804
1970 3 -100 -3.99300204605801 -42.2242174916199
1970 4 -54.9606299212598 14.562844317486 12.1973633498833
1970 5 -61.6458690912465 -3.99999999999999 3.30603804797351
1970 6 20.1774470520897 -10.3577659888 11.3100501031536
1970 7 25.0985402451953 -10.377057129003 8.3654392820133
1970 8 8.95246451289432 -5.85880022637298 11.6208262591964
1970 9 17.6573487737468 -7.42846339987899 9.1982153660012
1970 10 34.5320020684992 10.94621634732 -0.508731506184796
1970 11 -62.2766379880873 2.02223230489999 -31.9038112522686
1971 1 -71.2336345196386 9.66458458115799 -13.7630985995836
1971 2 -100 1.16526906469399 -27.2237028616338
1971 3 -63.3440514469453 -4.31558269121901 -7.9661529754908
1971 4 -67.2440944881889 -9.77048901584702 -30.4693033167834
1971 5 99.0072830171173 -0.290322580645004 -2.822994210091
1971 6 42.129364625072 -23.691099322134 5.4767167698202
1971 7 -40.6312012395683 -10.699637774165 1.91382637878741
1971 8 55.9865885375864 -16.503961516695 1.94340690435769
1971 9 78.4802155127175 -6.42846339987898 11.3648820326679
1971 10 47.3805640638053 -0.989267523648003 16.7493330099442
1971 11 -79.8808735936466 -6.81110102843302 0.4628554143981
1971 12 26.4830082445208 -1.89980551270903 5.4529765497507
1972 1 -56.8504517794578 -8.23864122529301 6.2369014004164
1972 2 -53.7914691943127 -5.965272807227 7.7639818674302
1972 3 -26.6881028938907 -19.63816333638 1.3886857341866
1972 4 -24.2519685039369 6.56284431748599 10.0306966832166
1972 5 82.7248689520805 -1.58064516128999 8.9511993382961
1972 6 -35.6325128792213 -14.3577659888 2.6433834364869
1972 7 20.0627939217659 9.94552351615798 9.65576186265841
1972 8 -62.1940901826842 16.721844934918 -2.08885116015841
1972 9 18.9868103418117 3.90486993345501 -1.4684513006655
1972 10 64.7639126456901 2.72040989570701 13.0396555905894
1972 11 93.6465916611518 2.188898971567 31.9628554143981
1972 12 7.88256585562068 -1.738515190128 9.6465249368475
1973 1 -92.8084086299096 13.696842645674 15.2691594649325
1973 2 -100 9.91526906469399 11.3477257097947
1973 3 -100 8.58764311523299 3.8080405728963
1973 4 -67.2440944881889 0.0628443174860038 -0.135969983450099
1973 5 8.54942710024582 -13.354838709677 5.2415219189413
1973 6 -6.61133371493962 -13.8577659888 -2.8566165635131
1973 7 21.9180688830294 -11.667379709648 7.7202779916907
1973 8 66.4055400620435 -15.536219581211 11.1369552914545
1973 9 1.03907917293507 0.404869933454997 3.1982153660012
1973 10 85.9262500497236 -16.150557846229 15.2977201067184
1973 11 73.5274652547983 -15.811101028433 3.6295220810647
1973 12 -10.7178765332794 -23.996579706257 1.7432991303959
1974 1 -100 -2.91606058013201 2.2046433359003
1974 2 -67.6540284360189 -10.62044522102 -3.47370286163384
1974 3 327.652733118971 -17.05751817509 1.2596534761221
1974 4 88.3464566929136 -18.270489015847 10.1973633498833
1974 5 -30.3474509440089 -40.58064516129 17.5963606286187
1974 6 -33.4001144819689 -26.691099322134 5.3100501031536
1974 7 34.9049936118738 -23.280282935455 -7.44101233088999
1974 8 -32.1279729263937 -10.374929258631 -3.3791737408036
1974 9 9.68057936535715 -6.92846339987899 -4.80178463399881
1974 10 -53.1405386053542 -17.118299781713 -9.5409895707009
1974 11 166.578424884183 -20.144434361767 5.3961887477314
1974 12 -92.55982304444 -5.44819260948302 5.2916862271701
1975 1 389.028213166144 -20.819286386584 14.7852884971906
1975 2 112.559241706162 -17.049016649591 2.4191542812233
1975 3 -100 -4.4768730138 0.582234121283403
1975 4 -18.1102362204724 4.06284431748599 13.8640300165499
1975 5 54.1401864823491 -20.451612903225 6.8544251447477
1975 6 39.8969662278195 -34.024432655467 7.6433834364869
1975 7 -5.6460162557425 -22.957702290294 -5.5055284599222
1975 8 -19.327546767775 -13.600735710244 0.169213355970594
1975 9 -54.7983066857922 -16.261796733212 -11.4684513006655
1975 10 -63.721707307371 -6.150557846229 -6.315183119088
1975 11 -100 -0.144434361767019 1.6295220810647
1975 12 -100 -8.35141841593401 8.1949120336217
1976 1 -89.2126129448645 -13.561221870455 -29.5695502124868
1976 2 -86.1374407582938 -11.482514186537 -41.546362960156
1976 3 223.79421221865 -3.18655043315403 -3.1274432980715
1976 4 -16.0629921259842 -21.270489015847 4.5306966832166
1976 5 27.5455768427888 -19.806451612903 3.4673283705542
1976 6 -54.6078992558671 -11.3577659888 -0.0232832301798069
1976 7 71.4804142767826 -26.667379709648 10.300923152981
1976 8 55.0935355497758 -12.955574419921 -2.08885116015841
1976 9 -9.26424797956818 -1.595130066545 3.5315486993345
1976 10 159.994430963841 -9.37636429784199 25.7815910744604
1976 11 65.9827928524158 -27.811101028433 21.2961887477314
1976 12 41.3633621556409 -10.609482932063 23.3562023562023
1977 1 -64.0420431495482 -0.980576709164005 -10.37600182539
1977 2 -16.8246445497629 -14.906159506734 -4.36656000449099
1977 3 22.1864951768489 7.619901179749 9.9370728309608
1977 4 69.9212598425199 -30.937155682514 -3.4693033167834
1977 5 -41.2023936540335 -19.483870967742 3.6286186931348
1977 6 55.1516886090445 -24.3577659888 0.643383436486893
1977 7 -46.1970261233588 -10.699637774165 0.946084443303601
1977 8 -24.0904960360982 -1.02009054895298 -3.3791737408036
1977 9 -11.2584403316656 5.404869933455 -4.46845130066551
1977 10 -21.3970324993038 -3.569912684938 -0.831312151346095
1977 11 -67.3064195896757 -9.144434361767 9.7961887477314
1977 12 216.207520611302 -4.157870028838 7.2271700981378
1978 1 -6.50931218882534 -9.36767348335799 -9.73084053506746
1978 2 135.663507109005 -29.191873792449 17.0620114240804
1978 3 89.3890675241158 -14.906980540681 6.2811588524662
1978 4 -71.3385826771653 -3.60382234918102 6.8640300165499
1978 5 -59.2939648374078 -0.774193548386997 4.2737799834574
1978 6 56.6399542072128 -22.3577659888 15.3100501031539
1978 7 -12.5370375404355 -5.86092809674501 1.5912457336262
1978 8 12.822360793407 -8.76202603282398 0.814374646293192
1978 9 3.69800230906494 -8.59513006654499 3.5315486993345
1978 10 6.56748478459771 -11.311848168809 12.0719136551055
1978 11 25.7445400397089 -4.4777676951 4.6295220810647
1978 12 -6.99778805549942 -4.157870028838 9.9691055820088
1979 1 -100 -0.0128347736800194 4.7852884971906
1979 2 94.0758293838866 -16.334730935306 4.5620114240804
1979 3 -63.3440514469453 -5.44461494928299 3.485459927735
1979 4 -18.1102362204724 -8.93715568251402 9.5306966832166
1979 5 -31.2520295031777 -1.74193548387098 0.725392886683203
1979 6 -48.6548368631939 -4.69109932213399 -0.0232832301798069
1979 7 -2.46554489357651 -1.022218419326 8.68801992717451
1979 8 -0.871118353022378 -15.536219581211 4.36276174306739
1979 9 -15.2468250358604 -17.095130066545 -4.13511796733211
1979 10 -83.372449182545 18.688151831191 -31.1538927965074
1979 11 -67.3064195896757 3.855565638233 -0.2038112522686
1979 12 275.728936255782 -12.544966803031 8.033621711041
1980 1 583.201180158584 -12.270899289809 9.3014175294487
1980 2 24.7630331753557 -14.585962462399 11.3846715226026
1980 3 -75.5627009646302 5.5231269862 11.8725567019285
1980 4 225.511811023622 -26.937155682514 10.5306966832166
1980 5 45.6371480261631 -20.774193548387 13.6286186931348
1980 6 -26.7029192902116 -5.35776598879998 -2.3566165635131
1980 7 -38.2458477179438 1.235846096803 2.55898766911001
1980 8 22.9436279885939 -7.149122807018 8.8788907753254
1980 9 -31.8650946366721 -4.92846339987899 14.5315486993342
1980 10 -7.33919408091008 -0.989267523648003 4.97513946155711
1980 11 166.578424884183 -16.144434361767 6.2961887477314
1980 12 -33.0384073999596 -8.673999061096 16.5820088078152
1981 1 180.472063433524 -31.303157354326 -16.8276147286158
1981 2 181.872037914692 -8.47758807816298 8.8477257097947
1981 4 188.661417322835 -20.603822349181 17.8640300165499
1981 5 50.1600408220067 -18.838709677419 8.4673283705542
1981 6 11.2478534630799 -20.024432655467 18.3100501031539
1981 7 58.7055209720826 -17.473831322552 4.8170521852391
1981 8 -17.2437564628835 -5.85880022637298 6.94340690435769
1981 9 -63.1074414861981 4.73820326678801 -0.468451300665507
1981 10 77.6124746409962 2.23653892796499 19.8138491389765
1981 11 -4.43414956982121 -5.14443436176702 -22.8704779189353
1981 12 33.9231852000808 -8.02883777077302 10.1303959045894
1982 1 -100 12.245229742449 1.3981917229971
1982 2 -12.2037914691941 -2.40615950673398 7.4191542812233
1982 3 101.607717041801 4.55538505071701 7.6790083148318
1982 4 -24.2519685039369 9.39617765081898 16.1973633498833
1982 5 89.0569188662615 -14 18.7899090157155
1982 6 -18.1453921007439 10.308900677866 -12.0232832301798
1982 7 -18.8979802647674 -8.11899261287401 -2.9248832986319
1982 8 -37.1886065239871 -2.63299377475999 -9.83078664402941
1982 9 -79.3933456949935 4.73820326678801 -9.13511796733211
1982 10 12.6138669000359 0.623635702158012 -7.2829250545719
1982 11 -100 6.52223230489998 -1.7038112522686
1982 12 -14.4379650110595 -5.77077325464401 -9.86960409541056
1983 1 67.5640789231054 -22.43218961239 -4.11793730926101
1983 2 38.6255924170619 -16.763302363877 -43.9022742902053
1983 3 22.1864951768489 -11.831711723477 -16.0951852335553
1983 4 -100 4.39617765081898 -17.4693033167834
1983 5 6.74026998190839 16.967741935484 6.8544251447477
1983 6 -29.6794504865482 16.6422340112 1.9767167698202
1983 7 -5.1159376953815 -7.79641196771301 11.5912457336262
1983 8 -35.4025005483659 -2.310413129598 2.4272778720996
1983 9 45.5760417031104 -7.26179673321198 12.1982153660012
1983 10 -69.7680894228092 -1.63442881397099 -0.831312151346095
1983 11 40.833884844474 -6.47776769510003 10.2961887477314
1983 12 58.475769153429 2.00342029374298 14.259428162654
1984 1 -85.6168172598193 -11.948318644648 -13.6018082770029
1984 2 -7.58293838862542 -14.930790048606 -0.511880201535302
1984 3 -87.7813504823151 -7.05751817509 -0.385507814200499
1984 4 -91.8110236220472 5.062844317486 -10.4693033167834
1984 5 -14.9696154381408 -20.774193548387 0.402812241521904
1984 6 -12.5643961076128 -13.691099322134 0.310050103153596
1984 7 3.36531927039446 -27.473831322552 2.88156831427131
1984 8 9.25014884216453 -11.987832484437 -4.9920769666101
1984 9 -40.5065948290942 -25.595130066545 1.13154869933449
1984 10 46.6247662993756 3.20428086344901 4.6525588163958
1984 11 -54.7319655857048 -7.47776769510001 -10.7038112522686
1984 12 -66.5192036999798 0.035678358258977 -14.3857331276686
1985 1 -89.2126129448645 -10.335415418842 -10.0534211802287
1985 2 177.251184834124 -7.04901664959099 -4.72370286163384
1985 3 156.591639871383 -8.67042140089602 17.6790083148318
1985 4 20.7874015748033 -26.270489015847 7.1973633498833
1985 5 18.1379598274342 -8.51612903225799 -6.69396195202649
1985 6 64.0812821980543 -22.3577659888 -0.0232832301798069
1985 7 15.8221654388779 -15.538347451584 -2.2797220083093
1985 8 23.2413123178641 -9.729767968308 -0.798528579513302
1985 9 -1.6198439631948 -5.92846339987897 -15.1351179673321
1985 10 -62.2101117785115 -4.53765462042199 -8.89582828037829
1985 11 -44.6724023825281 1.52223230489998 -18.3704779189353
1985 12 -73.9593806555398 -6.738515190128 6.9045894529765
1986 1 -100 -4.85154445110002 -44.2469695673255
1986 2 -86.1374407582938 -3.12044522101999 -12.5808457187767
1986 3 -100 -18.025260110574 -22.3209916851682
1986 4 110.866141732284 -7.27048901584702 11.1973633498833
1986 5 19.4043698102704 -14 11.0479735318445
1986 6 38.7807670291933 -20.3577659888 11.6433834364869
1986 7 -74.8212683828526 8.655200935513 -6.1506897502448
1986 8 -5.93175195061583 -10.697509903792 -4.6694963214488
1986 9 -28.2090753244935 1.07153660012102 -1.8017846339988
1986 10 12.6138669000359 -3.569912684938 3.0396555905894
1986 11 -32.0979483785572 -0.477767695100013 6.6295220810647
1986 12 -92.55982304444 1.97116222922698 8.8400733239443
1987 1 -100 9.34200393599699 -30.37600182539
1987 2 -7.58293838862542 -10.977588078163 -21.1522742902053
1987 3 46.6237942122186 -19.63816333638 -4.9016368464586
1987 4 -3.77952755905502 -12.937155682514 -5.1359699834501
1987 5 -37.5840794173587 -7.87096774193497 -7.9842845326716
1987 6 -43.4459072696049 -2.02443265546698 -1.0232832301798
1987 7 40.4708184956643 -4.89318616126102 9.01060057233581
1987 8 -38.6770281703382 5.10894170911101 -0.798528579513302
1987 9 -25.5501521883636 18.071536600121 -6.4684513006655
1987 10 -100 4.49460344409399 -37.2829250545719
1987 11 50.8934480476507 1.18889897156699 -10.7038112522686
1987 12 -100 16.164710616324 -0.5147653857331
1988 1 -6.50931218882534 9.98716522631998 23.1723852713842
1988 2 -53.7914691943127 20.931278916911 4.3157060053612
1988 3 -75.5627009646302 -11.251066562187 19.2919115406382
1988 4 -18.1102362204724 3.39617765081901 1.5306966832166
1988 5 -40.2978150948648 22.774193548387 -6.69396195202649
1988 6 6.03892386949087 -4.3577659888 5.64338343648689
1988 7 0.449887188408971 -9.40931519351903 6.7525360562068
1988 8 29.1949989032681 -7.149122807018 6.94340690435769
1988 9 -38.1800370849805 -3.26179673321199 -16.8017846339988
1988 10 -57.6753251919328 -3.24733203977701 -11.79905408683
1988 11 -47.1872931833222 15.5222323049 -19.7038112522686
1988 12 -100 4.87438803567898 -21.9663782889589
1989 1 -100 22.56781038761 25.5917401100938
1989 2 75.5924170616117 -4.90615950673398 19.2048685669376
1989 3 -100 -19.315582691219 2.8402986374124
1989 4 -89.763779527559 -22.937155682514 -13.8026366501167
1989 5 -42.1069722132022 -7.87096774193497 -15.7262200165426
1989 6 -38.6090440755579 -2.691099322134 -3.0232832301798
1989 7 -24.1987658683774 -4.24802487093903 -4.53778652443839
1989 8 5.67793689092209 -9.08460667798497 -0.475947934352003
1989 9 -30.2032676765909 -12.595130066545 1.19821536600119
1989 10 -48.6057520187756 -5.50539655590601 -25.6700218287654
1989 11 -54.7319655857048 10.5222323049 -1.3704779189353
1989 12 93.4446008445612 -10.932063577225 14.9691055820088
1990 1 -13.7009035589157 -0.303157354326018 8.6562562391261
1990 2 -72.2748815165876 -11.691873792449 5.2762971383662
1990 3 -26.6881028938907 -12.863969787993 -0.385507814200499
1990 4 26.9291338582678 -16.603822349181 0.5306966832166
1990 5 57.3966692953564 -25.129032258064 4.2737799834574
1990 6 -50.5151688609043 -9.02443265546701 0.643383436486893
1990 7 12.9067333568924 -15.215766806423 4.1718908949165
1990 8 28.0042615861873 -11.987832484437 3.71760045274479
1990 9 -65.1016338382955 -5.76179673321199 -1.8017846339988
1990 10 43.6015752416565 -4.21507397526099 19.4912684938152
1990 11 -100 3.52223230489997 10.2961887477314
1990 12 272.008847778002 3.584065455033 14.3239442916862
1991 1 -100 -0.0128347736800194 9.3014175294487
1991 2 -100 5.45098335040901 -3.65227429020527
1991 3 -100 15.093019459319 -1.7188411475338
1991 4 -100 14.396177650819 -0.135969983450099
1991 5 -11.3513012014659 5.03225806451603 2.9834574028122
1991 6 -7.72753291356584 -2.691099322134 -3.0232832301798
1991 7 63.2641965911871 -18.796411967713 4.1933962712606
1991 8 -32.7233415849341 0.592812676853001 -9.18562535370681
1991 9 -40.5065948290942 -8.92846339987898 1.86488203266789
1991 10 0.521102669159538 -13.247332039777 1.4267523647829
1991 11 3.11052283256133 -10.811101028433 -0.0371445856018982
1991 12 119.485220189021 -9.319160351418 14.6465249368475
1992 1 633.542319749217 -29.045092838197 17.0433530133196
1992 2 172.630331753555 -1.33473093530601 16.3477257097947
1992 3 -100 32.297320534587 -4.9016368464586
1992 4 14.6456692913387 -23.603822349181 -11.1359699834501
1992 5 117.098854200492 -13.677419354838 -5.4036393713813
1992 6 -69.1184888380079 25.6422340112 -16.0232832301798
1992 7 5.48563351183844 17.042297709706 -9.699076847019
1992 8 -18.4344937799644 12.78636106395 -2.5942275042445
1992 9 -4.27876709932467 5.07153660012101 2.1982153660012
1992 10 94.2400254584511 -6.79571913655099 1.74933300994421
1992 11 279.748510919921 -10.144434361767 16.6295220810647
1992 12 -40.4785843555196 11.562560078689 10.9798582701808
1993 1 -92.8084086299096 11.277487806965 8.6562562391261
1993 2 -100 10.093840493266 17.7762971383662
1993 3 -100 4.55538505071701 1.227395411606
1993 4 -40.6299212598425 5.396177650819 -13.1359699834501
1993 5 -68.339750429095 2.12903225806503 -24.4358974358974
1993 6 8.64338866628538 21.975567344533 -17.0232832301798
1993 7 12.6416940767119 -0.0544764838420164 -1.31198007282549
1993 8 -7.71785792623705 13.818619128466 -0.475947934352003
1993 9 22.9751950460065 2.40486993345502 5.19821536600119
1993 10 -55.4079318986435 10.94621634732 -12.4442153771525
1993 11 -29.583057577763 19.188898971567 0.962855414398098
1993 12 -100 22.293742874388 12.0658797755572
1994 1 -92.8084086299096 11.277487806965 16.7207723681583
1994 2 -100 23.665269064694 8.4905828526519
1994 3 -14.4694533762058 17.426352792652 -5.0521744808672
1994 4 82.204724409449 -3.523362579066 -5.2624067650593
1994 5 127.049218351348 10.83870967742 -7.0165425971878
1994 6 121.751574127076 -6.472708517536 2.95372826407309
1994 7 -42.2214369206513 7.04229770970599 -13.5700445889545
1994 8 46.7583743302101 9.45302773061702 -3.9275608375778
1994 9 -37.515306300948 10.404869933455 -11.4684513006655
1994 10 -22.9086280281634 5.78492602473901 9.1686878486539
1994 11 -82.3957643944407 20.384301270417 -1.1520871143376
1994 12 -100 21.971162229227 2.3884604207185
1995 1 -64.0420431495482 25.793616839223 21.882062690739
1995 2 38.6255924170619 12.950983350409 5.9905828526519
1995 3 -100 14.877965695878 -0.0629271690391997
1995 4 2.36220472440955 14.062844317486 -12.8026366501167
1995 5 -27.6337152665028 24.709677419355 0.402812241521904
1995 6 -6.98340011448169 17.975567344533 -3.35661656351309
1995 7 -1.40538777285452 9.94552351615798 2.55898766911001
1995 8 9.84551750070493 14.141199773627 5.3305036785512
1995 9 19.3191757338279 21.071536600121 -3.13511796733211
1995 10 -86.3956402402641 20.623635702158 -19.2184089255396
1995 11 -64.7915287888815 17.5222323049 16.6295220810647
1995 12 234.807963000202 1.326000938904 3.6787830013636
1996 1 -100 16.438778129545 31.5594820455777
1996 2 -100 21.522411921837 11.7048685669376
1996 3 -100 5.5231269862 -1.0306691045231
1996 4 -54.9606299212598 2.39617765081899 -16.4693033167834
1996 5 -36.6795008581899 17.290322580645 0.0802315963606048
1996 6 77.1036061820269 5.6422340112 -7.6899498968464
1996 7 -48.3173403648028 18.655200935513 -4.53778652443839
1996 8 -7.12248926769664 12.850877192982 -2.08885116015841
1996 9 83.7980617849773 16.071536600121 6.5315486993345
1996 10 2.78849596244885 -9.69894494300299 2.07191365510551
1996 11 -100 8.52223230489997 2.6295220810647
1996 12 -55.3589382666397 8.422775132453 12.3884604207185
1997 1 -100 0.309745871481013 33.4949659165454
1997 2 -39.9289099526065 17.236697636123 6.7048685669376
1997 3 358.199356913183 -4.15429236863801 14.1306212180576
1997 4 125.196850393701 -12.937155682514 4.8640300165499
1997 5 -24.9199795889966 -1.09677419354799 -7.6617038875103
1997 6 -28.1911848883799 23.6422340112 -4.02328323017979
1997 7 -4.05578057465951 20.590684806481 -0.666818782502894
1997 8 -46.7145050606336 18.012167515563 -13.0565930956423
1997 9 -21.2294020921526 14.404869933455 -4.80178463399881
1997 10 -65.9891006006603 17.720409895707 -12.7667960223138
1997 11 -34.6128391793514 20.855565638233 5.6295220810647
1997 12 19.0428312889607 12.293742874388 6.5820088078152
1998 1 -64.0420431495482 11.922649097287 27.6885143036422
1998 2 -53.7914691943127 11.165269064694 17.4191542812233
1998 3 -100 18.103772147491 -12.6435723303295
1998 4 -100 38.062844317486 -21.4693033167834
1998 5 -96.3816857633251 58.258064516129 -29.5971877584781
1998 6 19.0612478534634 48.308900677866 -0.356616563513104
1998 7 -20.7532552260309 16.719717064545 6.7525360562068
1998 8 -20.815968414126 13.818619128466 5.3305036785512
1998 9 221.397334079698 -0.928463399878972 20.1982153660012
1998 10 101.798003102749 -7.76346107203501 28.8461072034926
1998 11 78.5572468563867 11.855565638233 20.9628554143981
1998 12 -100 10.035678358259 -6.32121699863637
1999 1 -100 14.180713613416 12.5272239810616
1999 2 -67.6540284360189 19.022411921837 8.8477257097947
1999 3 -100 12.619901179749 -4.9016368464586
1999 4 -79.5275590551181 29.396177650819 -16.8026366501167
1999 5 -66.5305933107575 28.258064516129 -19.5971877584781
1999 6 -23.3543216943329 24.308900677866 3.3100501031536
1999 7 -12.5370375404355 8.655200935513 -8.40875426637379
1999 8 72.954595305988 15.431522354273 0.814374646293192
1999 9 -34.8563831648182 -0.928463399878972 -12.8017846339988
1999 10 -64.4775050718008 -1.311848168809 -12.7667960223138
1999 11 -64.7915287888815 2.85556563823299 -28.7038112522686
1999 12 115.765131711241 2.61632351954997 -55.6760557083138
2000 1 -100 14.825874903739 -52.9566469866804
2000 2 -100 18.517485813463 -31.8911905463629
2000 3 205.466237942122 12.297320534587 -6.514540072265
2000 4 -75.4330708661417 18.890430524383 -9.7451653857489
2000 5 23.0226840469453 16 0.402812241521904
2000 6 12.3640526617061 4.64223401120002 6.31005010315359
2000 7 -26.3190801098214 30.913265451642 -17.7635929760513
2000 8 -31.2349199385831 18.012167515563 -8.60498019241651
2000 9 -8.26715180351948 15.404869933455 -11.1351179673321
2000 10 -34.2455944946099 18.365571186029 -16.9603444094106
2000 11 68.49768365321 14.188898971567 8.1295220810647
2000 12 33.9231852000808 -2.54496680303102 -4.3857331276686
2001 1 79.789784252259 4.35868914178098 -7.87322095775934
2001 2 -58.4123222748814 4.00918440861002 8.5302653923344
2001 3 -69.4533762057878 -3.573647207348 -2.7188411475338
2001 4 231.653543307087 0.396177650818998 9.5306966832166
2001 5 94.4843902212738 -18.516129032258 2.3382961124897
2001 6 22.4098454493421 -3.71408782788098 5.0226937813145
2001 7 15.5571261586974 18.332620290352 -0.344238137341595
2001 8 17.5853100617302 3.78636106395 4.73910582908889
2001 9 -3.6140363152922 4.40486993345502 4.53154869933449
2001 10 -33.4897967301802 2.55911957312598 -9.5409895707009
2001 11 -69.8213103904699 -4.81110102843303 -10.7038112522686
2001 12 -92.55982304444 6.48729126148499 -8.90186215992669
2002 1 36.6402360317168 3.93340178545898 -18.3329910727019
2002 2 482.22748815166 -12.406159506734 7.0620114240804
2002 3 -100 8.42635279265199 14.9478255191328
2002 4 55.5905511811025 11.729510984153 17.1973633498833
2002 5 -76.4809574616134 15.677419354839 11.0479735318445
2002 6 -21.1219232970805 8.69970527556699 0.195107574417897
2002 7 -4.5858591350205 6.07455577422197 4.4944715400778
2002 8 -5.93175195061583 14.78636106395 -3.2608941709111
2002 9 42.9835916453838 0.772686025409008 8.68097398669089
2002 10 54.3339034965592 11.268796992481 17.8783652680087
2002 11 302.382528127069 -12.374319419238 -4.2555353901996
2002 12 -85.1196460888799 -5.60948293206302 -4.0631524825073
2003 1 -49.6588604093675 -12.270899289809 -1.3437437608739
2003 2 -100 12.236697636123 -6.86656000449099
2003 3 -100 2.619901179749 5.4209437987027
2003 4 14.6456692913387 15.062844317486 18.8640300165499
2003 5 -76.4809574616134 18.903225806452 19.4350703060381
2003 6 32.083571837436 -3.024432655467 14.3100501031539
2003 7 55.5780574659527 9.94552351615798 -1.31198007282549
2003 8 -42.844608780121 16.076683644595 -1.4436898698359
2003 9 103.407619913935 12.151996370236 10.7499395039322
2003 10 74.5892835832771 -1.94548872180501 15.9198399223866
2003 11 -9.46393117140957 5.21188747731397 12.6410163339383
2003 12 -100 -13.104106587977 -40.0201417298192
2004 1 176.876267748479 -20.8515444511 12.8498046262229
2004 2 -100 -11.13768660033 -11.546362960156
2004 3 113.826366559486 -3.18655043315403 25.4209437987027
2004 4 -69.2913385826771 -5.27048901584703 6.8640300165499
2004 5 14.8814770144268 10.83870967742 12.660876757651
2004 6 10.5037206639957 -5.69109932213401 3.6433834364869
2004 7 -20.7532552260309 13.816491258093 -0.666818782502894
2004 8 11.9293078055964 11.560554612337 5.9756649688738
2004 9 48.8996956232727 6.40486993345501 5.53154869933449
2004 10 -34.2455944946099 15.784926024739 16.9106233325249
2004 11 -72.336201191264 11.5222323049 -10.3704779189353
2004 12 41.3633621556409 -8.35141841593401 -11.1599266760557
2005 1 11.4696662364006 -5.066598214541 -7.99965773936853
2005 2 -72.2748815165876 -2.40615950673398 8.133439995509
2005 3 217.684887459807 -9.31558269121901 0.582234121283403
2005 4 -71.3385826771653 23.396177650819 7.8640300165499
2005 5 -53.8664934823955 9.87096774193603 -8.9520264681555
2005 6 -89.5821408128219 35.6422340112 3.6433834364869
2005 7 0.184847908228472 6.07455577422197 2.88156831427131
2005 8 -9.44442703600423 5.754102999434 4.04018109790609
2005 9 -51.4746527656299 9.07153660012103 -4.46845130066551
2005 10 13.3696646644656 0.946216347320004 -3.0893766674751
2005 11 -64.7915287888815 0.855565638232996 -10.3704779189353
2005 12 -47.9187613110797 3.90664610019499 -22.7728299018622
2006 1 -6.50931218882534 -5.066598214541 -15.6663244060352
2006 2 -100 17.593840493266 4.9191542812233
2006 3 -38.9067524115756 6.81344956684597 1.5499760567672
2006 4 20.7874015748033 7.39617765081899 8.1973633498833
2006 5 43.8279909078257 -9.16129032257999 2.3382961124897
2006 6 -4.75100171722926 -4.3577659888 -7.6899498968464
2006 7 -46.9921439639003 3.816491258093 2.23640702394871
2006 8 4.48719957384128 2.52829654782101 2.4272778720996
2006 9 4.69509848511364 14.071536600121 8.1982153660012
2006 10 115.402362862485 12.559119573126 18.5235265583313
2006 11 91.1317008603576 9.52223230489999 -1.3704779189353
2006 12 -77.6794691333199 28.844611360741 -14.1996289093063
2007 1 86.9813756223493 65.729100710191 -1.98890505119649
2007 2 265.04739336493 65.736697636123 -9.36656000449099
2007 3 107.717041800643 73.310968177267 -2.6932001218928
2007 4 -63.1496062992126 86.870536625178 -9.9308417783219
2007 5 -21.3016653523218 86.806451612904 -9.2746071133168
2007 6 0.457927876359769 105.508900677866 -28.6899498968464
2007 7 -12.5370375404355 86.134622515046 -13.7146497057509
2008 1 -100 -31.303157354326 -19.7308405350675
2008 2 -100 -13.206652117572 -8.78774227050084
2008 3 -51.1254019292605 -48.347840755735 -9.7403465238779
2008 4 41.2598425196852 -43.270489015847 -7.8026366501167
2008 5 -60.1985433965765 -42.064516129032 -17.339123242349
2008 6 10.8757870635378 -37.3577659888 -17.0232832301798
2008 7 51.3374289830647 -41.344799064487 -13.2474639437932
2008 8 14.9061510982984 -26.503961516695 -10.475947934352
2008 9 -26.5472483644123 -29.595130066545 -7.80178463399881
2008 10 -84.8840447114046 -30.344106233325 -20.5087315061848
2008 11 -100 -31.144434361767 -12.0371445856019
2008 12 -100 -6.415934544967 -13.4179911921848
