"anio" "mes" "ppAcc" "mTmax" "mTmin"
1970 1 -100 -5.06942376619801 -18.6823269920044
1970 2 -88.8252148997135 -6.654470688953 3.5054395370487
1970 3 -100 7.17968307866499 -5.3562535370685
1970 4 -98.8920206045291 21.63419677721 20.8015041522301
1970 5 -29.2188567524482 17.82296812942 26.3617811359747
1970 6 45.8454026317962 1.206516290727 34.6595238095238
1970 7 47.7905887301857 3.22030519483899 35.189097416602
1970 8 41.6026791496291 6.40512939239599 35.1657663219635
1970 9 15.3592645592126 -2.80556920556997 37.9826007826011
1970 11 -95.3422501966955 1.02437437437398 -12.4285785785786
1970 12 -100 14.12879976751 -18.7725079918628
1971 1 -93.2770212032408 17.833802040254 -7.0694237661979
1971 2 -95.0334288443171 -3.44018497466699 -18.2802747486656
1971 3 153.333333333333 2.98613469156798 11.4179400113186
1971 4 -39.430459714258 -1.03246988945703 -0.531829181103296
1971 6 25.5607051228995 -9.79348370927298 31.6595238095238
1971 7 76.0894089753146 -1.29582383741901 30.995549029505
1971 8 11.7212796269914 -3.59487060760401 31.2947985800275
1971 9 -5.57868262434409 -3.80556920556998 39.9826007826011
1971 10 58.5365853658537 2.14118139924601 29.5825555090071
1971 11 -63.3202202989772 -3.97562562562602 0.571421421421405
1971 12 -98.268357747929 -5.87120023249 -3.1273467015403
1972 1 -100 -0.230714088778008 -0.9403915081334
1972 2 -70.2005730659026 2.311046552426 -16.1251023348725
1972 3 133.443526170799 -1.52999434069002 -3.0981890209394
1972 4 48.8385654582563 18.300863443876 -18.1984958477699
1972 5 85.2387459196842 19.435871355227 -37.5091866059608
1972 6 59.1326657287092 3.87318295739401 -9.34047619047621
1972 7 38.2397368974547 3.54288583999999 -57.71412838985
1972 8 -11.480748237645 0.921258424653999 -35.3181046457786
1972 9 23.9430206842722 4.52776412776402 -42.0173992173992
1972 10 37.9310344827586 3.75408462505302 -13.3206702974445
1972 11 -61.1854183057959 3.691041041041 36.5714214214214
1972 12 -65.1939907333739 0.580412670734987 2.8403952339436
1973 1 -100 9.44670526606 -9.6500689274883
1973 2 -98.7583572110793 11.20267216819 2.791153822763
1973 3 -96.8595041322314 21.695812110923 13.998585172609
1973 4 133.414325979201 4.63419677720999 25.1348374855634
1973 5 -1.41197904805282 17.82296812942 35.3940392004908
1973 6 6.76984192667345 2.20651629072702 31.9928571428568
1973 7 40.7158836689035 -0.00550125677399649 37.769742577892
1973 8 23.1113660332674 -1.659386736636 41.2947985800275
1973 9 -4.93690646546113 1.861097461097 35.3159341159341
1973 10 7.86375105130361 -3.98785085881801 32.4857813154587
1973 11 -71.083136637818 -5.30895895895902 7.2380880880881
1973 12 -99.1341788739645 -15.87120023249 -20.2241208950887
1974 1 -100 4.28541494348 0.9950923628343
1974 2 -70.2005730659026 -8.44018497466699 -1.8517033200942
1974 3 151.239669421488 -37.981607243916 -8.5820599886814
1974 4 5.99669550004853 -39.36580322279 -1.5318291811033
1974 5 -10.9618158354209 -33.144773806064 4.10371661984559
1974 6 41.3638996937841 -44.126817042606 10.6595238095238
1974 7 3.14919979349484 -44.844210934194 1.9632909649887
1974 8 -22.9411438192684 -40.046483510829 -1.9310078715851
1974 9 19.3703655522311 -42.472235872236 3.6492674492674
1974 10 -57.7375946173255 -37.536237955593 -15.2561541684122
1974 11 -69.3364804615788 -44.308958958959 -18.4285785785786
1974 12 -100 -49.419587329265 -20.7079918628306
1975 1 356.490260299948 -50.230714088778 -14.4242624758754
1975 2 -100 -39.868756403239 -21.208846177237
1975 3 -100 -23.465478211658 -12.7756083757781
1975 4 -99.630673534843 -19.699136556124 6.8015041522301
1975 5 -16.1580505579595 -41.531870580257 17.0069424262973
1975 6 -23.0282214681787 -50.426817042606 9.39285714285709
1975 7 -13.0518747968415 -48.392598030968 4.5439361262791
1975 8 -12.4650766925083 -51.917451252765 6.45608890260849
1975 9 22.4188023069252 -42.472235872236 -6.6840658840659
1975 10 -37.7628259041211 -45.923334729786 -6.5464767490574
1975 11 -92.2370836611592 -40.308958958959 -17.3619119119119
1975 12 -100 -25.87120023249 -43.0305725079919
1976 1 -66.3851060162042 -30.875875379101 -31.6823269920044
1976 2 86.246418338109 -28.723436206194 -64.7113092314242
1976 3 73.7741046831956 -19.271929824561 -40.3562535370684
1976 4 76.9073768101855 -27.699136556124 -13.5318291811033
1976 5 -9.41698929628786 -8.30606412864402 -15.8962833801544
1976 6 -24.5220557808494 -14.093483709273 -10.3404761904762
1976 7 -4.49148167268997 -29.360339966452 8.4149038682145
1976 8 45.5399929690825 -28.723902865668 -7.41487883932701
1976 9 -0.524695373140758 -24.138902538903 0.9826007826008
1976 10 134.44070647603 -28.503979891077 6.03416841223289
1976 11 -49.9291896144768 -50.642292292292 -16.9952452452452
1976 12 -58.4405859502971 -36.193780877652 -9.0950886370241
1977 1 -75.797276331667 -19.585552798456 -43.5210366694237
1977 2 -62.7507163323782 -25.225899260382 -50.4231318915227
1977 3 -68.5950413223141 -8.62676853423903 -21.1627051499717
1977 4 -33.5212362717466 -27.032469889457 -22.8651625144366
1977 5 -11.5235709405602 -8.95122541896701 -4.9285414446705
1977 6 -6.59604402880114 -27.126817042606 -0.673809523809501
1977 7 3.29069389472048 -19.682920611613 -7.3915477446887
1977 8 8.27613003496961 -11.981967381797 -0.640685290939906
1977 9 -12.5579983521963 -12.472235872236 -2.6840658840659
1977 10 30.3616484440706 -19.47172182656 -9.449702555509
1977 11 -84.4741673223184 -27.975625625626 -19.0952452452452
1977 12 -68.8304394627229 -24.903458297007 -29.7079918628306
1978 1 -73.1080848129633 -18.617810862972 -44.1661979597463
1978 2 135.912129894938 -37.368756403239 -22.3517033200942
1978 3 287.32782369146 -25.400962082626 -27.001414827391
1978 4 -77.8404120905822 -2.36580322279 -27.1651625144366
1978 5 -57.8683671145525 -1.53187058025701 -14.9285414446705
1978 6 37.5900024828266 -22.793483709273 6.65952380952379
1978 7 62.010745903363 -15.166791579355 2.6084522553113
1978 8 -31.2376265102596 -10.691644801152 -5.8019756135206
1978 9 -15.2855470274489 -20.80556920557 3.3159341159341
1978 10 11.4381833473507 -26.568496020109 -3.3206702974445
1978 11 -76.7112509834776 -19.308958958959 -16.3619119119119
1978 12 -98.268357747929 -21.677651845394 -18.1596047660564
1979 1 -100 -26.682326992004 -29.6823269920044
1979 2 111.079274116523 -31.261613546096 -21.4945604629513
1979 3 -100 -16.368704018109 -33.3239954725523
1979 4 -73.7778209738556 -10.36580322279 -20.1651625144366
1979 5 32.0124497077355 -12.499612515741 -7.18660596079951
1979 6 -26.8807415376979 -16.760150375939 -1.0071428571429
1979 7 16.4496453087054 -11.940985127742 0.6729683843436
1979 8 26.5565156252892 -38.110999639862 -4.18907238771411
1979 9 10.7063874073111 -10.80556920557 -7.6840658840659
1979 10 -93.6921783010933 6.97989107666501 -38.1593799748638
1979 11 -96.1185418305796 -4.97562562562599 -40.4285785785786
1979 12 -27.27102541302 -10.032490555071 -14.320895088637
1980 1 639.527667643508 -18.908133443617 -35.7791011855528
1980 2 -100 -5.61998793033201 -26.7113092314242
1980 3 -100 3.953876627052 -20.7756083757781
1980 4 -57.1581300417922 -19.36580322279 -19.1984958477699
1980 5 53.0782661504593 -26.047999612515 2.81339403920049
1980 6 -28.4531987089302 -10.460150375939 -9.0071428571429
1980 7 -24.3006558442802 -16.134533514839 -1.26251548662419
1980 8 17.8381778822137 -24.885193188249 9.68189535422139
1980 9 -2.93135596895187 -14.472235872236 7.6492674492674
1980 10 -45.3322119428091 4.07666527021401 2.48578131545869
1980 11 -50.5114083398898 -19.308958958959 -21.3285785785786
1980 12 -100 8.32234815460598 -22.5467015402499
1981 1 168.919151870367 -20.725337744692 -21.3264130135098
1981 2 -95.0334288443171 -0.940184974666991 -24.2802747486656
1981 3 88.4297520661157 -17.336445953593 -18.0336728919072
1981 4 37.3894450383904 -16.36580322279 -4.5318291811033
1981 5 -28.9379791998785 -11.209289935096 -0.734993057573705
1981 6 -20.2764214185222 -25.793483709273 16.9928571428571
1981 7 -14.1130805560338 -28.070017385806 5.47941999724681
1981 8 35.2045441930173 -26.498096414055 3.5528630961569
1981 9 -41.1170374224882 -16.772235872236 5.9826007826008
1981 10 -55.0042052144659 -7.53623795559299 7.6470716380394
1981 11 -99.6118541830579 13.357707707708 -26.2285785785786
1981 12 -80.0861141011841 -9.74216797442601 -22.7079918628306
1982 1 -100 19.124124620899 -27.1661979597463
1982 2 342.024832855779 -1.654470688953 -23.708846177237
1982 3 -16.2534435261708 3.211941143181 -15.2272212790039
1982 4 -26.1347069686073 22.93419677721 16.8681708188967
1982 5 -17.9837546496622 11.435871355227 22.7811359746844
1982 6 -66.9783994041216 47.506516290727 11.0595238095238
1982 7 -18.6408917952544 -19.682920611613 -9.0044509704951
1982 8 -79.8212666753011 -14.885193188249 -7.7374594844883
1982 9 -43.9248081176011 1.69443079443003 -1.0173992173992
1982 10 -58.578637510513 4.883116883117 -15.8367993297025
1982 11 58.5575662208236 16.024374374374 -29.9285785785786
1982 12 -100 -8.77442603894202 -27.5144434757338
1983 1 -5.87829684537165 -8.61781086297199 -19.8113592500689
1983 2 123.495702005731 -10.404470688953 -14.208846177237
1983 3 67.4931129476584 -5.07838143746401 -35.6143180531975
1983 4 -100 12.567530110543 -39.8984958477699
1983 5 -87.0796325817961 18.468129419743 1.8779101682327
1983 6 -61.9465364561783 11.006516290727 1.19285714285709
1983 7 -16.801468479321 -16.070017385806 12.8665167714403
1983 8 -48.6039928210631 -15.20777383341 0.972217934866499
1983 9 -20.4197562985126 -15.472235872236 5.9826007826008
1983 10 -55.2144659377628 0.205697528278002 -11.3851864264767
1983 11 -57.3039601363755 -11.160810810811 -15.0211711711712
1983 12 -98.268357747929 -32.900232490555 -31.3187445510026
1984 1 -63.0236166178246 -37.940391508133 -36.1984560242624
1984 2 29.1308500477556 -38.585505171712 -26.0906195762518
1984 3 -79.0633608815427 -24.271929824561 -29.0336728919072
1984 4 -100 -1.86580322279003 -23.7318291811033
1984 5 48.0224702042056 -27.660902838322 -16.2188640253156
1984 6 -16.7383927832495 -30.126817042606 -4.6404761904762
1984 7 -11.2124514809081 -25.328081901936 4.2213554811178
1984 8 -44.3151331248728 -24.240031897926 -5.31810464577861
1984 9 -4.93690646546113 -33.472235872236 3.8159341159341
1984 10 -2.85954583683768 -21.407205697528 -11.3851864264767
1984 11 -100 -30.642292292292 -36.3619119119119
1984 12 -100 -27.161522813136 -51.3531531531532
1985 1 -100 -28.940391508133 -49.1016818307141
1985 2 -88.8252148997135 -22.011613546096 -56.6731318915227
1985 3 -100 -21.207413695529 -42.4530277306168
1985 4 10.0592866167751 -32.699136556124 -31.5318291811033
1985 5 1.11591892507402 -10.886709289935 -19.1866059607995
1985 6 75.9579574608948 -28.293483709273 -2.34047619047621
1985 7 22.604638712021 -20.328081901936 -10.6173541963016
1985 8 -26.175365885248 -22.949709317281 -7.7374594844883
1985 9 -18.9757599410259 -23.80556920557 -12.0173992173992
1985 10 -49.7476871320437 -22.374947633012 -7.19163803938
1985 11 -67.9779701022816 -34.808958958959 -24.2619119119119
1985 12 -100 -41.838942167974 -30.5467015402499
1986 1 -100 -35.069423766198 -34.327488282327
1986 2 -31.70964660936 -37.368756403239 -27.208846177237
1986 3 -100 -36.207413695529 -32.6143180531975
1986 4 35.5428127126056 -37.699136556124 -11.1984958477699
1986 5 47.6011538753511 -35.080257677031 13.1359746843618
1986 6 44.8233054704952 -50.126817042606 18.6595238095238
1986 7 -15.8110097707415 -34.521630289032 0.6729683843436
1986 8 -14.5040427775824 -23.917451252765 2.2625405155117
1986 9 -2.45002384978965 -20.472235872236 -1.9173992173992
1986 10 77.0395290159798 -44.31043150398 -5.449702555509
1986 11 -63.5142932074482 -29.642292292292 -10.6285785785786
1986 12 -87.8785042355033 -42.322813135716 -19.9660563789596
1987 1 -100 -24.424262475875 -22.3597463468431
1987 2 -31.70964660936 -31.654470688953 -24.2802747486656
1987 3 41.3223140495868 -31.207413695529 -29.3562535370685
1987 4 93.5270677422489 -33.36580322279 -19.7651625144366
1987 5 -36.1003567904046 -32.499612515741 -11.7027349930576
1987 6 22.4157907804349 -32.793483709273 3.9928571428571
1987 7 41.7770894280958 -29.360339966452 14.8665167714404
1987 8 -1.07499028623232 -23.917451252765 5.4883469671246
1987 9 -19.85820215949 -11.472235872236 1.3159341159341
1987 10 -84.4407064760303 -19.47172182656 -38.6109928780896
1987 11 -49.3469708890637 -34.975625625626 -27.4619119119119
1987 12 -100 -26.838942167974 -25.2563789596048
1988 1 -100 -32.811359250069 -37.3920044113592
1988 2 -100 -20.447574137229 -29.6423437141828
1988 3 329.201101928375 -43.142897566497 -26.3239954725523
1988 4 -100 -29.577924434912 -28.0924352417093
1988 5 -56.4639793517042 -17.660902838322 -22.6704769285415
1988 6 -9.66233551270413 -26.126817042606 -2.34047619047621
1988 7 37.8152545937777 -15.489372224516 1.9632909649887
1988 8 86.5302421966067 -13.272289962442 7.7464114832536
1988 9 10.3052773080092 -19.80556920557 -7.0173992173992
1988 10 -20.1009251471825 -25.278173439464 -8.8045412651864
1988 11 -75.7408864411225 -20.975625625626 -50.4285785785786
1988 12 -100 -35.87120023249 -26.8370241208951
1989 1 -100 -36.037165701682 -11.2629721532947
1989 2 -100 -31.29732783181 -14.3517033200942
1989 3 -66.5013774104683 -42.497736276174 0.4501980758348
1989 4 68.4128681115754 -40.699136556124 -22.5318291811033
1989 5 81.7277765125636 -59.596386709289 2.81339403920049
1989 6 -30.2615244558473 -33.293483709273 -44.3404761904762
1989 7 7.88925218455393 -43.87646899871 -48.6818703253338
1989 8 -24.7691823783003 -29.078741575346 -32.7374594844883
1989 9 19.7714756515329 -37.472235872236 -1.6840658840659
1989 10 11.4381833473507 -37.536237955593 -13.6432509426058
1989 11 -75.7408864411225 -15.442292292292 -13.4285785785786
1989 12 -65.0208265081668 -44.580877651845 -34.9015402499274
1990 1 -100 -48.617810862972 -42.2307140887786
1990 2 -8.11843361986624 -58.440184974667 -71.8517033200942
1990 3 -63.3608815426997 -51.52999434069 -27.6143180531975
1990 4 29.2642628049372 -60.36580322279 -20.8651625144366
1990 5 -6.88909132316101 -36.693160902838 -9.4446704769285
1990 6 16.3618306711905 -37.460150375939 -13.3404761904762
1990 7 26.7079676475646 -40.973243192258 0.6729683843436
1990 8 8.06520250892746 -34.240031897926 -7.09229819416571
1990 9 -21.0615324573956 -38.138902538903 -14.0173992173992
1990 10 129.184188393608 -34.955592794302 -8.4819606200251
1990 11 -90.296354576449 -22.642292292292 7.2380880880881
1990 12 -86.6663546590537 -18.12926474862 28.1629758791049
1991 1 -100 -12.166197959746 50.672511717673
1991 2 -100 -9.51161354609599 57.791153822763
1991 3 -100 -15.078381437464 1.4179400113186
1991 4 -100 -21.36580322279 -1.5318291811033
1991 5 -3.79943824489485 -13.467354451225 -30.0898317672511
1991 6 32.8726309691297 -24.126817042606 -42.6738095238095
1991 7 -35.0542075374292 -16.134533514839 -21.2625154866242
1991 8 52.1490554517365 -21.014225446313 -31.9310078715851
1991 9 -0.92580547244261 -16.80556920557 -19.3507325507326
1991 10 67.5777964676198 -17.213657310431 -7.51421868454131
1991 11 -76.7112509834776 -21.975625625626 1.5714214214214
1991 12 -84.4152197313614 -12.000232490555 -9.4176692821854
1992 1 1017.35907602137 -28.295230217811 -2.3920044113592
1992 2 432.664756446992 -36.309643102746 -6.8147575072863
1992 3 -100 -7.33644595359301 -22.1304470854555
1992 4 79.8619885314413 -28.032469889457 -30.1984958477699
1992 5 109.534654216959 -47.33832219316 -14.9285414446705
1992 6 -58.8016221137136 -30.460150375939 -19.3404761904762
1992 7 -9.01929291191059 -22.586146418065 -9.6496122608177
1992 8 64.8750161896128 -10.369064155991 6.45608890260849
1992 9 63.8935865747367 4.52776412776402 26.6492674492674
1992 11 -12.2790453710988 -28.642292292292 31.9047547547548
1992 12 -91.1686245144381 -42.322813135716 34.7758791049113
1993 1 -76.4695742113429 -2.48877860490701 26.156382685415
1993 2 263.801337153773 2.63124359676098 48.8625823941915
1993 3 2.58953168044076 -10.239671760045 31.4179400113186
1993 4 31.1108951307221 -2.032469889457 28.4681708188967
1993 5 -5.90601988916723 -31.392085634021 -20.3909070360683
1993 6 20.2143507407097 49.873182957394 54.3261904761908
1993 7 5.20086426126667 38.381595517419 49.70522644886
1993 8 6.7293281773272 4.14706487626699 17.7464114832536
1993 9 11.8294956853563 1.861097461097 -2.0173992173992
1993 10 38.3515559293524 -0.439463762043992 18.292232928362
1993 11 -82.9215840545502 -4.64229229229201 25.2380880880881
1993 12 -100 10.257832025574 33.4855565242662
1994 1 -32.7702120324083 24.930576233802 30.3499310725117
1994 2 -10.6017191977077 12.274100739618 23.1482966799058
1994 3 -64.4077134986226 16.534521788342 43.3534238822864
1994 4 79.8619885314413 10.300863443876 32.8015041522301
1994 5 -11.1022546117058 22.016516516517 27.0069424262973
1994 6 17.3053049739299 11.873182957394 7.9928571428571
1994 7 -36.6106426509113 47.736434227097 9.06006515853711
1994 8 26.2049697485522 20.598677779493 -3.2213304522302
1994 9 6.21395429513036 15.861097461097 -1.0173992173992
1994 10 178.38519764508 23.431503979891 11.8406200251362
1994 11 -92.6252294781012 43.691041041041 42.9047547547548
1994 12 -91.3417887396452 43.806219122348 46.0662016855565
1995 1 53.283916566109 11.704769782189 37.1241246208988
1995 2 214.135625596944 28.70267216819 47.0768681084773
1995 3 -66.5013774104683 22.835597057159 36.9233163554047
1995 4 -13.2082806881136 22.967530110543 32.1348374855634
1995 5 117.118348136339 27.941247699313 19.6090929639317
1995 6 50.0124141355618 33.873182957394 6.65952380952379
1995 7 82.668884682307 17.800950356129 5.6944737606877
1995 8 112.544637075138 21.889000360138 0.0044759993826915
1995 9 47.3678504835003 12.861097461097 0.649267449267397
1995 10 -35.6602186711522 18.592794302472 19.2277167993297
1995 11 4.2171518489379 20.357707707708 32.2380880880881
1995 12 109.009219824964 27.677186864284 40.2597500726533
1996 1 -100 44.28541494348 51.3176730079956
1996 2 -100 21.916957882476 43.5054395370487
1996 3 -66.5013774104683 23.631295981891 37.5469722693832
1996 4 -57.8967829721062 9.63419677720999 27.1348374855634
1996 5 -15.3154179002505 11.607914365979 8.942426297265
1996 6 0.63725895886746 22.206516290727 -2.0071428571429
1996 7 -8.17032830455671 22.575143904516 5.51167806176291
1996 8 -34.0499935241549 23.179322940783 1.9399598703504
1996 9 -1.72802567104631 30.861097461097 3.3159341159341
1996 10 9.33557611438183 28.270213657311 21.8406200251362
1996 11 2577.23577235772 35.357707707708 29.9047547547548
1996 12 -65.0208265081668 24.999767509445 47.6145887823307
1997 1 -69.7465954145837 27.511221395093 31.3176730079956
1997 2 -100 29.059815025333 51.7197252513344
1997 3 465.289256198347 15.566779852858 52.3856819468025
1997 4 94.6350471377198 4.63419677720999 26.8015041522301
1997 5 5.32908221361877 10.081032645549 24.1037166198456
1997 6 -1.95729537366584 4.87318295739399 6.9928571428571
1997 7 7.464769880877 17.413853581935 0.350387739182301
1997 8 14.3930282901919 27.695451973041 2.58512116067299
1997 9 -25.4737435497159 22.527764127764 6.3159341159341
1997 10 -18.2085786375105 3.10892333472999 -5.8690573942187
1997 11 -91.4607920272751 6.02437437437398 25.5714214214214
1997 12 -100 14.451380412671 37.0339436210404
1998 1 162.868470953283 5.89831816928598 35.1886407499311
1998 2 -100 13.70267216819 41.0054395370487
1998 8 29.2282642884897 26.082548747235 8.0689921284149
1998 9 70.3113481635663 5.19443079443 -4.6840658840659
1998 10 129.394449116905 26.657310431504 16.6793297025555
1998 11 -89.9082087595069 27.691041041041 31.5714214214214
1998 12 -100 51.548154606219 38.0016855565242
1999 1 -100 5.89831816928598 38.414447201544
1999 2 -100 26.20267216819 35.6482966799058
1999 3 9.91735537190081 32.340973401245 55.9340690435767
1999 4 -1.02050733793377 35.63419677721 56.8015041522304
1999 5 -79.2150611098459 25.24232296813 18.6198456521037
1999 6 2.20971613009976 30.539849624061 -6.0071428571429
1999 7 -45.0295416738371 39.671918098064 0.995549029504899
1999 8 13.7602457120655 29.630935844009 8.0689921284149
1999 9 -37.3466024890508 15.19443079443 -4.3507325507326
1999 10 -38.3936080740118 23.431503979891 16.9696522832007
1999 11 -100 43.024374374374 29.5714214214214
1999 12 -100 51.548154606219 36.3887823307178
2000 1 -100 60.091866556383 44.8660601047698
2000 2 -100 53.00070172484 38.0128286996103
2000 3 -100 39.437747594794 29.8050367855122
2000 4 -100 28.243392179509 18.8934581752186
2000 5 25.4118272223487 12.66167780684 9.26500694242629
2000 6 -5.8884383017466 42.539849624061 -9.34047619047621
2000 7 -67.8808390217787 42.897724549677 -2.8754187124306
2000 8 -21.2537236109312 49.630935844009 -5.8019756135206
2000 9 -36.6246043103074 54.527764127764 -1.3507325507326
2000 10 -43.0193439865433 45.68956849602 7.3244909928781
2000 11 -100 46.024374374374 20.5714214214214
2000 12 -100 43.483638477187 36.0662016855565
2001 1 -100 50.207995588641 49.6402536531569
2001 2 -62.7507163323782 30.845529311047 28.5054395370487
2001 3 -3.69146005509644 36.857102433503 22.0631013016412
2001 4 270.803771017591 14.300863443876 12.4681708188967
2001 5 8.8400516207394 16.496803254868 4.86835222319089
2001 6 0.322767524620995 20.158897243108 -13.4357142857143
2001 7 -35.6201839423318 28.023172578351 -6.63885957264569
2001 8 -52.5413066405166 39.279029685651 -7.64948294489891
2001 9 -65.7451975196219 40.133824733824 -6.0477022477023
2001 10 -76.2405382674516 37.625052366988 7.2986845412652
2001 11 -100 36.941041041041 17.9880880880881
2001 12 -91.8612814152665 49.666434176112 32.947922115664
2002 1 -100 23.317673007996 36.156382685415
2002 2 409.073543457498 29.059815025333 30.291153822763
2002 3 -39.2837465564738 46.534521788342 26.5792303338993
2002 4 -79.687044416367 56.174426662267 17.1693202441841
2002 5 -64.7498671525089 45.24232296813 8.6198456521037
2002 6 24.7744765372833 36.539849624061 -14.6738095238095
2002 7 -71.4181915524198 43.169371408761 -3.1300876428211
2002 8 -100 29.824484231106 2.7141534187375
2002 9 -31.2497289796626 42.861097461097 -2.2766584766585
2002 10 -100 36.715961457897 7.7350481776288
2002 11 -100 36.024374374374 19.9047547547548
2002 12 -93.0734309917162 40.499767509445 31.2812554489974
2003 1 -100 52.349931072512 37.4467052660601
2003 2 -100 43.70267216819 27.791153822763
2003 3 -100 32.340973401245 15.2889077532541
2003 4 -2.49781319856163 36.967530110543 11.1348374855634
2003 5 -90.1692856600622 50.107914365979 -1.057573702735
2003 6 83.3485061656866 24.206516290727 -5.3404761904762
2003 7 -65.4754393009428 41.929982614194 -9.0044509704951
2003 8 -32.3625733158177 40.921258424654 -2.89874980706901
2003 9 32.9278869086337 38.861097461097 -4.3507325507326
2003 10 -37.3423044575273 33.754084625053 11.5180393799749
2003 11 -100 31.357707707708 22.9047547547548
2003 12 -100 43.806219122348 29.6145887823307
2004 1 189.088088260644 39.44670526606 6.4789633305763
2004 2 -100 33.345529311047 22.4955873202999
2004 3 -89.5316804407714 24.276457272213 16.5792303338993
2004 4 -40.9077655748858 31.967530110543 8.8015041522301
2004 5 61.5045927275488 41.048774581033 0.555329523071499
2004 6 -2.2717868079123 27.873182957394 -12.3404761904762
2004 7 -24.3006558442802 39.994498743226 -8.6818703253338
2004 8 42.0245342017134 33.179322940783 -11.9310078715851
2004 9 45.2018559472703 31.861097461097 -12.3507325507326
2004 10 -57.9478553406224 19.237955592794 1.5180393799749
2004 11 -82.9215840545502 32.024374374374 18.5714214214214
2004 12 -100 26.386864283639 23.1629758791049
2005 1 21.013618341665 -26.359746346843 11.9628342983182
2005 2 -44.1260744985673 39.059815025333 22.0768681084773
2005 3 -100 23.308715336729 12.0631013016412
2005 4 -100 23.63419677721 1.8015041522301
2005 5 -85.2539284900934 25.887484258452 -6.54144467047691
2005 6 -22.3206157411242 47.539849624061 -10.0071428571429
2005 7 6.40356412168466 32.575143904516 -12.8754187124306
2005 8 6.51840065128504 39.953516489171 -12.2535885167464
2005 9 -41.5983695416504 38.861097461097 -13.6840658840659
2005 10 -62.1530698065601 38.592794302472 2.80836196062
2005 11 -85.4445318646735 48.357707707708 15.9047547547548
2005 12 3041.19904525671 45.419122348155 27.0339436210404
2006 1 -100 52.349931072512 25.5112213950924
2006 2 -100 42.631243596761 19.5768681084773
2006 3 -86.3911845730027 37.179683078665 22.3856819468025
2006 4 151.141996306735 33.967530110543 0.801504152230104
2006 5 63.6111743718212 16.855226193936 -11.057573702735
2006 6 -84.668542580485 30.873182957394 -16.0071428571429
2006 7 16.0959100556413 47.091272936774 -15.1334832285596
2006 8 -15.2774437064036 40.491150897773 -8.28584658126251
2006 9 55.6307185291185 43.861097461097 -14.6840658840659
2006 10 108.158116063919 35.366987850859 -1.0626057813154
2006 11 -35.9559402045633 30.691041041041 -21.7619119119119
2006 12 -100 35.741702993316 -45.2241208950887
2007 1 47.9055335287017 30.737027846706 30.0273504273504
2007 2 111.079274116523 22.234418199936 -5.4099043782952
2007 3 203.581267217631 30.082908885116 9.4824561403509
2007 4 16.3378365244435 25.63419677721 6.8015041522301
2007 5 40.438776284825 27.500387484259 1.8456521037166
2007 6 -74.054456674667 45.206516290727 16.6595238095238
2007 7 -25.3618616034725 33.220305194839 -10.2947735511403
2007 8 -100 37.37287132788 8.3915727735762
2008 1 -100 33.274662255308 -4.4597463468431
2008 2 -100 43.345529311047 23.8748976651275
2008 3 -100 17.824844368987 11.7405206564799
2008 4 38.4974244338613 36.864081834681 5.4451823131496
2008 5 -55.059591588856 37.82296812942 -5.2511220898318
2008 6 -42.2121989572128 20.206516290727 -21.0071428571429
