"anio" "mes" "ppAcc" "mTmax" "mTmin"
1970 1 -7.16161235303055 -0.0540910595089337 -1.97163418591779
1970 2 3.77602306427274 -5.13399531855007 -3.98069044769912
1970 3 -5.80597623384225 -13.3735743617413 -11.4480910768233
1970 4 -1.97373424514198 2.53001999471553 7.82408311428801
1970 5 1.53192230950263 -12.5806327557413 -16.0616240529112
1970 6 8.30920088702246 -7.45750296949956 -4.74284635396407
1970 7 0.320987854456248 -7.40459217680537 -1.64985893091429
1970 8 0.659453131788383 -4.60812134781624 5.87091311543794
1970 9 0.846556623090569 -9.54257448465179 -2.26043364908891
1970 10 -8.16342749218516 -15.3419212297497 -8.44154674524071
1970 11 -7.26234879662633 -2.16838688915366 -15.6220446265225
1970 12 -7.24111347033683 9.31229259522835 10.2373877266769
1971 1 4.79833549327951 8.90443365335941 5.87349946342233
1971 2 -4.11838248876674 4.38543500343537 -3.22542973522781
1971 3 -8.02895038346544 8.00386599081893 -2.98979488605007
1971 4 -7.28401923802397 -1.43501323876653 -6.13850423297774
1971 5 -11.8502101070089 1.05795725087558 2.32566541149622
1971 6 -3.922540009163 -2.12449776370932 3.44342409851925
1971 7 -4.30880639562672 0.348468991556252 -1.85401196086298
1971 8 19.5752391298044 -16.8959745485315 -8.55459119514236
1971 9 17.3730909211357 -14.896199943502 1.73106155601326
1971 10 17.2083088386367 -12.8506020385926 15.6105034360038
1971 11 -6.97978956918891 -1.65400592539516 2.36544430728177
1971 12 -4.861597429093 4.56604145355674 8.85958649966149
1972 1 -6.53214141375107 6.18715601533318 8.34259916641673
1972 2 -2.77915297530468 -0.954688498321888 0.662860760357468
1972 3 1.30754104495199 0.324591301064197 12.3665292661311
1972 4 0.869382941312539 8.80798928106229 16.6373474682363
1972 5 28.0878148384624 -20.2761500220445 -5.8899320087704
1972 6 11.3285366482127 -15.1190034059872 -4.74284635396407
1972 7 6.855683825963 -12.6540606762164 -16.1447240572403
1972 8 -10.1547690845942 -8.89458176667041 -22.1145652470877
1972 9 -0.310505567540843 4.87103251994557 7.28444618919757
1972 10 -5.76053324358364 7.65487130400687 1.52084090379533
1972 11 1.69881527353192 -14.4106538266034 -8.64730401953721
1972 12 -5.51801564736716 -2.23990357978384 -8.19070368465617
1973 1 1.88289114293246 -8.47815123695666 -14.3960864704629
1973 2 18.1551188930232 -12.4729974662259 -11.3822454299184
1973 3 -8.02895038346544 5.85920369007667 5.0579044022591
1973 4 -6.86107618549355 -8.20861167929805 -7.02973321259044
1973 5 -2.79759111936876 -4.58034252839621 -13.9751231207793
1973 6 25.3444304941924 -13.2411846715538 -5.30464922815425
1973 7 -7.04631416747415 -12.088733299357 -7.97860285931004
1973 8 0.586630086560219 -23.8495658946727 -20.6720148160301
1973 9 6.41683831958161 -2.4593161852494 2.7723211747354
1973 10 15.1116658177981 -6.14320421624707 4.65187702206367
1973 11 -6.73759594567112 5.95883233822926 7.13763524890318
1973 12 -3.9179962403239 2.99888305772161 -9.1092378359999
1974 1 -4.61059854647688 2.1511995235584 1.05014190408423
1974 2 -10.321129709012 6.83176905266075 -7.75699401005591
1974 3 14.3675141739883 3.16108015043324 10.2314253733144
1974 4 0.258465198768593 -4.49139302290862 -0.0979522600469672
1974 5 -14.1423054517055 7.83915563405349 10.0196375987305
1974 6 -3.01330821744094 -1.67382126744537 -4.50207369359691
1974 7 -6.08755568516814 -5.1432826693661 -15.328111937448
1974 8 -11.8843164087631 5.10785560158678 2.40879208089993
1974 9 -9.83322979132149 -9.29548407885871 -11.111140408227
1974 10 -8.70525658745804 -0.681465989479769 -3.46035292072313
1974 11 -6.3339399064748 -3.91728216593201 -3.65485811137942
1974 12 -6.91290436119975 -3.71751006728563 1.39649651999376
1975 1 -4.01425765663316 4.82851719631994 -1.07443225895757
1975 2 -3.76595366943462 0.662752754614285 0.0221913283990277
1975 3 -5.19465834269587 5.58247307062586 3.49763617289273
1975 4 -3.82998430902551 1.05965350396625 6.53675236595894
1975 5 3.73140774128221 -2.67551152188559 12.6277637638947
1975 6 -3.75098684091356 -1.74893401682238 0.313379513746221
1975 7 32.4267817685193 -11.0549918102422 -11.1225595205132
1975 8 20.9042597052184 -22.3254910790803 -12.8822424883172
1975 9 -4.5906117240358 -16.7081962526516 -22.2179096745956
1975 10 -6.9619803678844 -2.31040546062087 -6.73370886254947
1975 11 -7.02015517310854 1.53515604990681 -3.94853140009429
1975 12 9.90781248207561 0.715309395219147 -3.19617423672477
1976 1 -6.79718180923716 -1.75688507936785 -6.35715720489935
1976 2 -10.321129709012 11.1632840633578 0.371173864506457
1976 3 -0.693135689708888 -5.12700190211298 2.92280050944236
1976 4 2.86661402270621 -3.50013471453811 6.23967603942136
1976 5 8.19983603952914 -12.1996665544393 -15.8008114363942
1976 6 6.38780540262867 -4.52810574378373 -2.01408953646946
1976 7 10.261799486787 -22.426148190506 -12.4699695181726
1976 8 -2.49014357432978 -8.32305371082312 -16.9213836952797
1976 9 3.06852560863939 -0.72968334469777 2.07814809558695
1976 10 1.80151630348582 -25.4988379321586 -29.7895202788899
1976 11 23.4558757862134 -24.3896445235165 -17.237247714456
1976 12 -1.25129722858512 -12.8518047172952 -6.81290245764063
1977 1 1.25342020365298 -14.0325864088049 -10.7211473776338
1977 2 3.70553730040631 -5.34672001848249 -4.73595116017048
1977 3 -4.52776609780891 -2.92699347748039 -7.99907709611963
1977 4 5.09881346661678 -10.934572027317 -7.52486042348619
1977 5 -1.52420481675952 -2.52312504136487 6.237854659243
1977 6 -8.09128199762453 0.279110216365499 0.313379513746221
1977 7 -8.156455568039 5.1941322217824 1.61658954825731
1977 8 10.4905642375907 7.20345847302648 17.6998266501152
1977 9 -3.20828078832571 6.18884801750891 13.879090441104
1977 10 -3.89946809025502 1.61821326389558 7.21363384610101
1977 11 -4.11383169089506 5.18726089259166 0.603404574990734
1977 12 -4.94364970637727 6.13319984939158 -3.25358262118377
1978 1 4.86459559215103 -10.5161094654765 -9.57272891112476
1978 2 -1.08749464251051 -12.7389033411416 -16.744596488465
1978 3 -7.75107861476254 -1.88925365454044 -11.1196135548513
1978 4 -0.798892432557467 3.02564914890079 3.26891277404567
1978 5 6.25502786827141 9.43921367952271 13.4102016134441
1978 6 -4.83177180088506 5.16143892589176 4.88806006072219
1978 7 -3.74112045215606 10.0397954520085 13.4574652852553
1978 8 1.97026794589536 6.15565703730663 10.1985644086128
1978 9 27.2644367277724 -10.8603899822146 5.37547022154071
1978 10 3.07363678803957 -17.3541405764531 -1.04091592024288
1978 11 -5.68809024376069 -5.87192982821414 7.9452367928702
1978 12 -3.71286554711322 -3.26975052561833 -1.8757813941682
1979 1 -6.3333611171365 -7.63899196638981 -11.0082519942611
1979 2 -6.23295540475945 -6.66561315806498 -7.60594186756162
1979 3 -7.41763249231906 -2.09680161912843 4.89366564127284
1979 4 0.375949380027044 2.19960055859236 13.2704824341436
1979 5 -7.40493428699124 -1.15164671667697 -1.45611752799126
1979 6 6.97108617467679 -3.25118900436926 0.634409727569249
1979 7 -0.599924898285052 8.8283796444519 13.8657713451527
1979 8 -10.1729748459013 1.77394194247771 -8.55459119514236
1979 9 -4.67252763133714 -3.77713168281275 -11.2846836780133
1979 10 -9.29420125623292 19.2490875397757 1.94780037446836
1979 11 -7.26234879662633 -3.04283452754284 -2.7738382452339
1979 12 20.3284516971779 -3.80706197561897 1.56872167337069
1980 1 -5.17380938688483 2.6307191067396 2.60050683387148
1980 2 -3.48401061396892 -3.93283429737876 -3.7124426774076
1980 3 -7.91780167598428 4.48938712379602 2.51220360697775
1980 4 -7.63647178179933 0.151000054626291 -4.25702083157295
1980 5 1.85605700471225 8.82966775743886 13.4102016134441
1980 6 -11.2993262438892 17.4799298237736 10.7468614629898
1980 7 -7.05892941066238 16.0161134359541 19.1737501238062
1980 8 -2.18064563211007 -0.0358969010383756 15.680256046633
1980 9 -8.25634857577071 16.6490085294162 22.3827106606684
1980 10 25.477091988236 -5.05085657089385 4.79419684562167
1980 11 12.2342378965558 -10.6556727911673 -9.60174220786167
1980 12 -5.10775426094581 -3.57422701395188 2.71688936255033
1981 1 19.2099069978359 -6.30432912653553 -2.28027164879212
1981 2 0.322220634817968 -7.79305406770786 1.15508239710604
1981 3 2.64132553472591 -11.2289120609991 -2.41495922259919
1981 4 16.2598106861696 -5.73046590837177 8.61628665172191
1981 5 8.3387509089047 -9.22813018428216 -5.36830677573804
1981 6 12.9068257961076 -8.58419421015951 2.07904568977219
1981 7 -1.97498640580288 -2.88197316192733 -0.424940751224641
1981 8 11.3098234964076 -3.56031991209635 -1.34183903985218
1981 9 -2.91133562435835 -0.812046813295604 -4.69003942610685
1981 10 -7.48025167640629 6.71583560887868 6.92899419898595
1981 11 -7.26234879662633 9.61093718091378 -2.8472565674124
1981 12 -7.44624416354751 5.15708404855722 -1.18688078066041
1982 1 -7.22787245190207 8.66467386176906 -2.39511349544303
1982 2 -6.51489846022515 -6.61243198308166 -5.26463365890043
1982 3 -4.13874562162485 4.33718528309836 2.18372608500575
1982 4 7.84794330806454 -0.361150071364975 4.55624352237475
1982 5 8.3387509089047 -13.3425651583454 4.28176003536961
1982 6 -9.10344569029626 9.59309113915404 6.4932111298364
1982 7 -8.53491286368611 13.2702376054927 12.640853165463
1982 9 -7.68293722466134 14.0957410028879 0.516258667503778
1982 10 -0.860513599376636 -3.84352496287172 -1.04091592024288
1982 11 3.03088020287977 -1.17048781946217 0.529986252811796
1982 12 15.6514718919745 -1.46080197728308 -1.07206401174244
1983 1 -0.999423157978828 -2.55608438466977 -0.729906719004834
1983 2 32.9571293049722 -2.68766126932469 2.21244739456594
1983 3 12.0889656706245 0.947235194828169 -2.41495922259919
1983 4 -7.51898760054087 -0.85677922555024 -11.7829544371916
1983 5 15.2381894212238 -1.22783995693757 8.58516820789025
1983 6 -0.388544743224425 -0.096453530521447 3.28290899160797
1983 7 -1.97498640580288 -6.35469847692275 5.29134408732629
1983 8 10.5815930441259 -0.131151577013121 5.58240302922748
1983 9 3.45762616832075 -1.05913721908872 3.64003752367016
1983 10 -2.39176973819132 2.86387285947442 5.07883649273673
1983 11 -5.84955265943922 10.3310705301754 3.39330081778473
1983 12 -3.75389168575536 -12.0674535201679 -12.7437824520926
1984 1 34.085299194493 -13.9926264435397 -2.33769257211756
1984 2 -3.34303908623607 0.328995035754588 -3.63952095344484
1984 3 -6.63959153995094 1.43151377886696 -9.39510656449974
1984 5 3.10629082909222 1.66750317295892 -16.4528429776859
1984 6 -7.47369059192652 0.429335715120021 -3.77975571249544
1984 7 -5.33064109387392 -1.99360156971929 -16.1447240572403
1985 1 -1.16507340515764 -10.9157091181276 -12.386354154072
1985 2 -5.03469741903025 -10.8243810417481 -9.87172400497569
1985 3 16.2014678474274 0.324591301064197 4.56518811930135
1985 4 11.1844940558045 -3.41752985550757 -2.27651198798935
1985 5 0.837347962624866 -1.76119263876031 -4.0642436931555
1985 6 15.4286573693744 -6.33081172883962 -0.569453574266533
1985 7 -8.06814886572134 -0.216858385303182 -6.54953164967296
1985 8 0.0404572473489769 7.87024120484856 6.44793328786243
1985 9 -12.5978916627417 12.1190177565432 11.9701144734472
1985 10 -5.85476439058762 7.75069127289773 7.07131402254395
1986 6 7.67445416449951 -6.33081172883962 1.67775792249328
1986 8 -8.35239871519711 7.87024120484856 2.40879208089993
1986 9 -8.83999941529275 10.4717483845889 15.4409798691872
1986 10 15.2058969648021 -1.06474586504264 0.951561609564334
1986 11 4.76660117142394 -4.48310122606646 -3.06751153394878
1986 12 28.24649645511 -10.6130070089595 -1.8183730097092
1987 1 3.07557292261989 -0.965677767118915 -7.33331290143204
1987 2 11.5999428534458 -2.42175539440894 0.399821684634685
1987 3 -1.36002793459585 -16.6251591402859 -14.7328662965413
1987 4 -0.540427233788875 -11.7606206176259 -28.6172796076536
1987 5 3.22205322023852 -4.19937632709418 -1.97774276102442
1987 6 6.64513515500284 -6.78148822510361 0.152864406834947
1987 7 3.9541778926685 -4.98176056169205 2.84150772794695
1987 8 -8.06110653428445 7.10820379705173 8.17899380513061
1987 9 -3.66905776689574 4.21212477116412 6.41672984026281
1987 10 -1.63792056215948 6.98413152177203 -6.5913890389915
1987 11 -2.86249796938647 -0.419491612375006 -7.03210093160361
1987 12 -2.07182000142782 2.59589947022113 0.0186952929781945
1988 1 4.06947440569275 -10.236389708621 -8.71141506124294
1988 2 -0.523608531579118 -5.31921251418106 -5.0250337087371
1988 3 -3.02725854681325 -3.34208940665636 -7.34212205217614
1988 4 1.38631333884972 1.29094710925239 -1.68235933491421
1988 5 5.39838617378884 -3.05647772318762 -0.934492294958901
1988 6 -2.65304656411711 1.78136520391194 -1.05099889500084
1988 7 -1.29376327363809 5.1941322217824 6.72041529696342
1988 8 12.9119304914273 -6.13219616340864 4.13985259816805
1988 9 9.98018028718985 -5.42440105476655 -6.07838558440267
1988 10 -1.84994064291843 1.42657332611445 3.94027790427558
1988 11 -7.26234879662633 6.42177520561181 1.48442444113625
1988 12 -7.44624416354751 2.28246779105427 -0.785022089447539
1989 1 -5.47197983180669 6.94639535536992 9.37617578627504
1989 2 -2.35623839210614 -3.64492241902164 -5.56673794388896
1989 3 -7.75107861476254 9.24915377834644 -9.80570346696436
1989 4 0.939873450067609 3.76909288017867 -5.24727525336505
1989 5 -15.3693867978563 13.629841893846 14.8446710042843
1989 6 -6.15273119640579 8.91707639475808 3.28290899160797
1989 7 1.35543779589168 5.27489327561967 -4.09969529029362
1989 8 1.56974119714045 -0.607424956885671 0.100711391205478
1989 9 -13.6832774344844 5.4475768001296 -16.8380683111986
1989 10 -5.24226193506175 11.2960301218514 -14.1343396875473
1989 11 -4.47712212617174 5.29013708534323 2.29202598510283
1989 12 18.8925368447032 -12.090613496461 -20.4186895744193
1990 1 -6.83031185867293 9.46387316707073 3.63408345372965
1990 2 12.1638289643772 7.31039962750921 4.32717738948572
1990 3 -0.581986982227728 -2.30434958371642 0.951935377611385
1990 4 -4.60537990533128 3.76909288017867 7.52700678775044
1990 5 -13.7255608435789 12.182170328898 7.5419177418247
1990 6 -11.2993262438892 16.7288023300006 8.90093773350797
1990 7 -3.85465764085019 -0.782185762163115 0.595824398516356
1990 8 4.66472061933749 3.96479948989215 0.966241649840428
1990 9 -6.83305968640995 0.0939513412788849 3.46649425388278
1990 10 -8.65814101395605 7.94233121067888 -13.1381009226441
1990 11 -4.43675652225211 5.70164185634985 1.85151605203007
1990 12 -7.44624416354751 5.77499221605791 -7.09994437993553
1991 1 -0.900033009671542 -4.48215471044731 -3.54353196195211
1991 2 4.2694234113377 3.85362325360388 0.324295613387567
1991 3 -7.19533507735674 16.3749672292 4.15459121683673
1991 4 -4.74636092284143 11.6165544881122 13.4685333185018
1991 5 -1.15376516509138 5.24858546519891 10.4108565235052
1991 6 21.3300863571554 0.880012211384004 2.40007590359476
1991 7 -5.70909838952103 -6.83926479994544 -2.05816499081167
1991 8 -12.3212546801321 12.6329750035753 7.60197363270791
1991 9 -3.91480548879975 -7.81294164410012 -16.8380683111986
1991 10 -2.88648325996222 11.9667699040862 8.0675527874471
1991 11 -2.49920753410978 -6.12912031009323 -15.6220446265225
1991 12 4.69749287452446 -0.269761596448523 7.19474335035092
1992 1 25.0076656490943 -9.5970302643793 1.91145575396602
1992 2 13.2211154223735 1.66402591119368 8.68425039626008
1992 3 -5.97269929506398 2.74598422125727 6.37181449014608
1992 4 10.5030858045055 -11.4302011815022 -6.83168232823167
1992 5 3.08313835086296 -11.1329611907933 -11.3669969556151
1992 6 -10.2700072343925 11.3206843748329 2.80136367087367
1992 7 -8.53491286368611 6.00174276015369 10.5993228659798
1992 8 16.0251156749313 -0.321660928962023 -10.5741617986246
1992 9 -8.97311276465743 9.07156941842819 4.16066733303123
1992 10 10.2823195338441 9.4754507129291 -3.88731239139619
1992 11 16.9973791590724 -7.98089177962348 -5.78398945456427
1992 12 -5.14878039958795 1.16306893688645 5.81694212333518
1993 1 -5.73702022729278 1.47188011405178 3.23213699045148
1993 2 -1.15798040637693 2.52409387902483 5.76217274318122
1993 3 -0.359689567265408 0.601321920515002 -3.8109886909793
1993 4 -7.4484970917858 5.83421435595074 -6.73265688605289
1993 5 12.8303316853809 -1.60880615823959 -12.9318726547138
1993 6 15.1884829338252 -6.25569897946214 0.634409727569249
1993 7 -8.19430129760371 6.48630908317635 -1.24155287101816
1993 8 -12.5943410997378 12.7282296795494 -0.187798695004985
1993 9 -6.16749293958657 8.00084432665792 -2.26043364908891
1993 10 -6.91486479438241 2.76805289058356 -7.58762780389553
1993 11 14.3736149042963 -3.81440597318044 -8.28021240864339
1993 12 -4.45133604267165 3.13321092022177 4.55395766523765
1994 1 20.0050281842942 2.11123955829346 1.62435113733876
1994 2 -8.91141443168356 -0.560414269998398 1.91034310957728
1994 3 8.36548397000565 1.08560050455335 0.13074157268215
1994 4 -5.68623437290904 0.464898518943952 0.397174950848784
1994 5 -0.181361079462517 3.64852741973017 3.89054111059494
1994 6 7.2455712438759 7.79038515409814 3.36316654506338
1994 7 1.27974633676226 13.9970870900266 7.12872135685955
1994 8 -7.78802011467883 0.0593577749363696 -4.80396007439204
1994 9 -6.63850940656927 4.2944882397615 -8.68153463120798
1994 10 -5.24226193506175 9.76291061960111 9.06379155235113
1994 11 -7.26234879662633 10.485384819303 15.9478339103584
1994 12 -2.4000291105649 6.76006320772558 9.03181165303846
1995 1 -3.91486750832588 3.4698783773067 0.30366990085333
1995 2 -8.55898561235144 9.86309602670065 3.49639060576711
1995 3 -4.75006351277123 -4.93329046849747 -1.92224293964145
1995 4 -6.7435920042351 12.0295787832665 -0.395028586584541
1995 5 -10.3452990221071 14.1631945756693 15.235889929059
1995 6 3.40278027508832 3.43384569021335 3.76445431234229
1995 7 -6.32724530574464 9.07066280596323 9.17025165634271
1995 8 13.3852802854103 -7.94203500692531 7.89048371892015
1995 9 -8.89119685735609 8.65975207543986 3.29295098409647
1995 10 -6.30236233885653 4.20535242394353 -6.44906921543353
1995 11 -5.24406860064475 1.89522272453779 1.77809772985157
1995 12 -0.184617623889607 0.93918916605293 3.06133966930422
1996 1 -5.14067933744907 7.54579483434617 -5.48435917035245
1996 2 -9.82772936194707 8.21447960222282 1.60823882458886
1996 3 -5.52810446513935 -3.06535878720557 -19.3315516041462
1996 4 -6.60261098672495 10.9357765119611 -11.4995367923338
1996 5 -15.438844232544 19.8014943549406 12.1061385308624
1996 6 -11.2993262438892 16.1797022311042 7.24597163121438
1996 7 -7.52569340862715 15.0469807899087 17.9488319441178
1996 8 10.5815930441259 -0.607424956885671 1.25475173605267
1996 9 -12.1985516146476 11.1079351765159 18.1997194337333
1996 10 -2.93359883346421 6.2175717706469 4.22491755139064
1996 11 -2.82213236546684 6.22134400249195 3.90722907303643
1996 12 -7.44624416354751 7.29737465772621 2.02798874904256
1997 1 -4.01425765663316 -2.56407637772276 -3.02674365202303
1997 3 15.4790012487999 0.947235194828169 5.87909820718833
1997 4 23.1443837079149 -23.5873576761154 -15.4332371161414
1997 5 -1.2000701215499 -5.87562761282352 -13.7143105042631
1997 6 -0.148370307675202 1.80467605716698 2.59656853446935
1997 7 -1.79837300116757 12.4626270671214 12.4367001355143
1997 8 -9.0078061222506 17.7767275062004 14.814725787998
1997 9 -3.97624241927576 12.897210528811 6.35090308275698
1997 10 4.53421956660127 5.25937208174066 -0.898596096684912
1997 11 1.94100889704971 -6.64350127385173 0.529986252811796
1997 12 -5.39493723144076 0.177997945218777 -3.7128496968556
1998 8 -9.0078061222506 17.7767275062004 14.814725787998
1998 9 3.51906309879675 -1.63568149927275 6.93735964962388
1999 1 -7.39352269908088 43.2700037813409 46.7571968711455
1999 2 -10.321129709012 43.3672362660905 47.7546683565882
1999 3 5.86463805167955 42.0417321832443 38.3162535019023
1999 4 -7.63647178179933 31.6069303735841 21.1925178084786
1999 5 1.23094009252227 17.8966633484299 0.630383404139816
1999 6 -11.2993262438892 -38.4897988551049 -54.9611440876851
1999 7 -2.63097905159121 0.509991099230804 -7.16199073951778
1999 8 -11.9207279313772 11.1089001879829 -7.11204076408471
1999 9 -8.46113834402406 22.9736559338395 -5.37507864895026
1999 10 -7.83361847767122 8.32561108624114 -18.2616145707197
1999 11 -7.26234879662633 38.6220235368875 36.651800764778
1999 12 -7.44624416354751 44.2524621633214 43.7399640905311
2001 1 -3.58356701396826 -3.8028353009407 1.39466744403694
2001 2 9.34439840972022 0.0836688492422471 10.1426848755151
2001 3 1.80771022861721 -18.6846735581204 -8.877122779852
2001 4 -4.91083877660326 -13.1620547777362 8.57872527710198
2001 5 -5.71480337625536 -13.6625767674393 -5.83776948546733
2001 6 4.19192484903577 3.74724716175298 -0.143258290398404
2001 7 -7.61400011094481 5.71638703659556 1.61658954825731
2001 8 2.51644078510661 2.05970597040136 1.83177190847538
2001 9 9.82658796099984 -6.27359681720506 -2.80500046117906
2001 10 -9.29420125623292 -6.62230406070019 -5.31051062697237
2001 11 33.9509328053177 10.3310705301754 19.7655866636558
2001 12 -4.7385190131666 -1.21005663394937 0.707595906485993
2002 1 -7.39352269908088 3.94939796048766 3.23213699045148
2002 2 -10.321129709012 -6.14443764323003 -4.66042508892336
2002 3 -8.02895038346544 -2.16598427399123 -1.01892975421909
2002 4 -5.7802217179158 10.212271884587 9.01238842043828
2002 5 -12.4753270191989 10.8868852444707 0.630383404139816
2002 6 -9.18922227442098 4.93610067775978 3.28290899160797
2002 7 16.8217259446702 -12.1694943531942 -9.20352103899969
2002 8 -10.6463246398843 1.58343259052881 -1.05332895363993
2002 9 14.8541767716195 -8.71893979867464 -6.77255866355109
2002 10 29.2698956551463 -9.59272309631041 11.1985889057163
2002 11 1.17406242257671 -9.6783489600262 -5.41689784367045
2003 1 -1.86080444330864 -7.43919214006414 -1.4189577989103
2003 2 2.57776507854353 -4.28309651881949 -0.355439027836667
2003 3 1.80771022861721 -7.76977931786607 -2.90767550555694
2003 4 -2.96060136771297 -2.26106182907497 0.0010731821324068
2003 5 -8.4931007637664 13.5790464003393 12.4886637017532
2003 6 -5.82678017673185 5.61211542215574 4.80780250726632
2003 7 9.07596662709271 -5.22404372320338 -3.4872362004488
2003 8 -0.17801188833552 -5.56066810756134 -7.68906093650741
2003 9 12.9393924384507 -14.6491095377089 -1.39271730015312
2003 10 10.4943396146031 -8.73034337629444 0.23996249177621
2003 11 -4.84041256144843 -1.03674876888508 3.98064739521536
2003 12 -7.15906119305256 1.25262084521979 -6.92771922655856
2004 1 -4.14677785437621 -1.36527741976975 4.15087176365873
2004 2 -5.73955505769448 -2.90588747011776 -3.12906888570559
2004 3 40.7653322007638 -5.27920374281064 13.3519618320466
2004 4 38.7462829790372 -18.0385899039727 -6.23752967515655
2004 5 1.78659957002448 -9.07574370376144 -11.2365906473574
2004 6 2.37346126559165 -0.997806523049381 -0.248423360443967
2004 7 5.41754610250399 0.0254247762081465 -10.6325922486381
2004 8 -3.36402011706777 1.39292323857991 -14.6133030055871
2004 9 10.8812552675046 -6.82458002092776 -6.25192885419002
2004 10 -7.99852298492819 16.4703084419467 23.2957739081167
2004 11 -6.41467111431407 -0.830996383381614 -1.08521683512137
2004 12 -1.86668930821714 -4.74735701311982 -5.37769284616607
2005 1 -7.12848230359478 0.392961051894321 8.80196655302066
2005 2 19.776291461951 -12.4729974662259 3.79849489075577
2005 3 3.53051519457519 -7.90814462759168 -1.26528789569796
2005 4 -7.63647178179933 -5.31744161321755 -8.41608940309891
2005 5 16.9051678537304 -13.0377921973039 -8.36765186567698
2005 6 -11.2993262438892 2.98316919394936 4.326257186532
2005 7 30.862491613178 -7.72763639215348 0.391671368567662
2005 8 -12.6489583836589 -7.75152565497582 4.71687277059253
2005 9 4.90139403450684 1.74122071323318 10.408225045364
2005 10 4.3693150593443 -12.8506020385926 4.08259772783267
2005 11 -2.74140115762757 -2.32270117828118 2.14518934074539
2005 12 2.35900297192276 -6.58317113395527 -0.268346629316706
2006 1 -7.39352269908088 6.22711598059811 4.78250192023873
2006 2 -6.72635575182442 -4.01719064390374 -2.47016902275645
2006 3 2.03000764357953 -1.75088834481525 9.4923509488783
2006 4 -7.63647178179933 8.14715040881543 9.90361740005098
2006 5 7.48210921442213 -2.29454532058353 -3.93383738489781
2006 6 -3.06477416791577 -3.85209099938777 -2.65614996411553
2006 7 -3.58973753389722 -4.25491107715803 -3.28308317050006
2006 8 -4.49277731810433 -1.36946236468187 2.69730216711033
2006 9 18.7349428800204 -5.91858186635275 -3.99586634695843
2006 10 1.68372736973085 -7.67632371849731 13.4757060826386
2006 11 -6.49540232215333 -1.08818686526102 3.46671913996367
2006 12 25.0464576410234 -9.53838410895826 1.05204621323986
2008 1 9.90036310638684 -4.81423580109868 -4.06626036739761
2008 2 -7.50169915435508 8.80130636065777 4.89232075019715
2008 3 -8.02895038346544 2.09105508855752 -4.79094663152862
2008 4 -3.00759504021635 0.464898518943952 -1.48430845055544
2008 5 -14.2349153646226 4.63903954311557 3.23850956930406
2008 6 -9.7381924128192 3.82495000593666 2.01539314737627
2008 7 9.3787324636104 -21.9900384997853 -15.2600609274643
2008 8 10.2720951019062 -16.0799594910166 -4.67893903703239
2008 9 9.36581098242981 -17.6965578758239 -14.061375994606
2008 10 -9.05862338872297 -7.5293997661983 -8.26127496873507
2008 11 0.528212759862599 -3.30357246434455 0.261629626916831
2008 12 -6.62572139070481 -1.91320495123428 -2.08627880385112
2009 1 -7.22787245190207 3.29719424169681 1.74739597303617
2009 2 -2.92012450303753 7.8790291138674 1.60242912680061
2009 3 -7.52878119980022 0.873281322388977 -3.29278708304079
2009 4 -7.63647178179933 6.57765808722862 -5.34630069554383
2009 5 -1.40844242561323 0.98176401061499 -2.54594167557763
2009 6 -10.6131135708914 3.98035569430359 1.26816764968511
2009 7 -8.05553362253311 12.7049102286327 10.5993228659798
2009 8 -0.778802011467886 10.8231361600592 6.44793328786243
2009 9 -7.11976536196464 -7.80117543430023 -3.38846490270419
2009 10 -3.28696563472914 -4.81163706235273 1.66806830747562
2009 11 14.9790989630908 -2.57989166016028 -5.41689784367045
2009 12 -0.635905148953092 -14.558088399291 -6.04814076466918
