"anio" "mes" "ppAcc" "mTmax" "mTmin"
1970 1 70.6568755658384 -31.831753987 -21.138209461421
1970 2 218.463395012068 -33.853355132729 -12.7487292357292
1970 3 -71.6157777486568 -35.943507514305 -34.7354650066029
1970 4 51.6848315168485 -1.22534112361699 -2.72953258298099
1970 5 107.889701192287 -30.984586512629 -34.510065331417
1970 6 -30.740715315439 -15.64539217055 -16.291538899519
1970 7 15.4822058235486 -19.059906562028 -9.104072921984
1970 8 -21.6626991393518 -8.028697009022 -6.98281931423001
1970 9 0.489858710173528 -24.420210324832 -9.91340415650697
1970 10 -20.2094353881033 -24.575307092728 -24.379258493749
1970 11 -100 -3.40190841087399 -47.0294690749867
1970 12 -56.4835492035136 15.845720181088 16.3762573134346
1971 1 -56.4530731314757 31.394052464613 -0.976919138840406
1971 2 -19.4690265486725 4.003787724414 -18.8201578071578
1971 3 -41.2396802516052 6.63713764698503 -18.9290133937
1971 4 -100 -6.35867445694998 -17.062865916314
1971 5 -9.5726411854178 -8.08136070617806 -8.70361371851399
1971 6 137.516303974737 -15.812058837216 -6.29153889951901
1971 7 -52.3428696063107 -9.86635817493202 -14.265363244565
1971 8 119.19062442776 -42.54482604128 -21.176367701326
1971 9 62.7221569976922 -28.420210324832 -8.24673748984097
1971 10 57.7350750296879 -34.252726447567 10.782031828832
1971 11 41.5296237891416 -14.401908410874 -6.36280240832001
1971 12 87.2859907696884 -12.863957238267 15.4085153779507
1972 1 -44.68363343728 7.523084722677 12.2488873127726
1972 2 22.8881737731297 -10.626754147507 -8.8078425362218
1972 3 259.533481850348 -3.36286235301497 9.135502735333
1972 4 -23.4176582341765 7.10799220971701 10.603800750352
1972 5 227.03007703253 -52.597489738436 -6.44554920238498
1972 6 247.2094460081 -46.812058837216 -13.291538899519
1972 7 72.3944890763023 -41.156680755577 -16.200847115533
1972 8 -79.7839223585424 -19.3190195896671 -13.757012862617
1972 9 -22.2460629124328 6.24645634183402 7.08659584349302
1972 10 52.1969124473712 -4.57530709272802 8.20138666754197
1972 11 47.0488848839828 -46.735241744207 -18.6961357416533
1972 12 -16.2721453029628 -23.831699173751 -26.526968493017
1973 1 114.596117090836 -40.864012051516 -31.138209461421
1973 2 317.819790828641 -59.210497989871 -18.8201578071578
1973 3 -100 11.798427969566 3.974212412752
1973 4 15.4284571542847 -22.55867445695 -21.396199249648
1973 5 -53.9473038614396 -10.339425222307 -27.73587178303
1973 6 344.641999038923 -40.612058837216 -27.958205566185
1973 7 10.7855610890981 -36.317971078157 -16.523427760694
1973 8 51.7304522981138 -50.286761525151 -26.337658023907
1973 9 164.01360268815 -19.420210324832 -5.91340415650699
1973 10 83.579833747166 -24.897887737889 2.07235440947699
1973 11 10.3852218968235 3.59809158912601 -2.696135741653
1973 12 120.887300878368 -8.347828206009 -40.7205168801138
1974 1 20.4405995372698 0.135987948483987 1.5714679579338
1974 2 -100 -3.13906941844298 -39.8915863785863
1974 3 47.8967369938411 10.185524743759 19.135502735333
1974 4 -44.5055494450554 -15.892007790283 -12.729532582981
1974 5 -47.0487218487807 6.11218768091895 3.55445079761502
1974 6 24.6927987917896 -8.14539217055 -18.291538899519
1974 7 -73.8921807408484 -7.28571301364099 -24.587943889726
1974 8 -31.5509979857169 0.68098041033295 -6.01507737874602
1974 9 75.0374478766039 -27.086876991499 -26.613404156507
1974 10 0.507395012414917 -18.768855479825 -30.347000429233
1974 11 -40.4708267627844 -20.735241744207 -18.6961357416533
1974 12 129.149918118207 -32.863957238267 -19.7527749446299
1975 1 -28.2064178654059 4.619858916226 -18.0736933323887
1975 2 16.0901045856799 20.825216295843 1.5369850499851
1975 3 -69.1259336915214 29.217782808275 -11.832239200151
1975 4 -51.1648835116488 -3.22534112361698 -5.06286591631399
1975 5 -30.0819390608901 -6.79103812553201 3.87703144277701
1975 6 -93.7392737008307 5.52127449611703 -9.95820556618501
1975 7 166.87993020466 -26.96313236848 -13.620201954242
1975 8 104.028566196667 -40.286761525151 -6.98281931423001
1975 9 70.8837698878585 -38.753543658166 -25.913404156507
1975 10 -49.7463024937925 -16.188210318534 -15.024419784071
1975 11 -79.4998873620185 -6.73524174420699 -19.36280240832
1975 12 74.6166443352683 -17.702666915686 -12.7205168801138
1976 1 -41.1528015290212 -24.734979793452 -22.2672417194855
1976 2 -71.2389380530973 21.097383783528 -1.2216356396701
1976 3 100.681431005111 -23.330604288499 10.103244670816
1976 4 234.816518348166 -29.225341123617 11.270467417019
1976 5 67.4304499288553 -38.694263931984 -27.413291137868
1976 6 163.863527150408 -22.478725503883 -8.95820556618499
1976 7 455.309171543858 -58.253454949125 -14.910524534887
1976 8 -74.9496429225417 -23.5125679767641 -17.950561249714
1976 9 -39.1522610420632 -4.05354365816599 5.75326251015902
1976 10 77.4263197668141 -49.05917806047 -30.185710106652
1976 11 693.985131786438 -69.635241744207 -33.0294690749867
1976 12 212.326931665922 -52.154279818912 -13.6237426865654
1977 1 240.136807162257 -68.25110882571 -14.5253062356145
1977 2 161.464199517297 -30.2819265613 -12.7487292357292
1977 3 -10.3656139431266 -25.943507514305 -20.8644972646675
1977 4 48.7251274872515 -33.225341123617 -14.062865916314
1977 5 -17.2170158480938 -23.887812319081 9.03832176535701
1977 6 -10.7846502368367 -2.81205883721597 -3.291538899519
1977 7 -13.9408920716856 1.74654505087496 -3.62020195424201
1977 8 64.6951107855704 2.61646428130099 3.01718068576999
1977 9 -43.087324399822 12.279789675168 17.086595843493
1977 10 7.07114325812365 -11.994661931438 1.74977376431599
1977 11 -77.5287226852895 12.931424922459 -15.0294690749867
1977 12 50.3796337650733 13.587655664959 -5.5592265575331
1978 1 76.5415954129362 -43.41239914829 -18.39627397755
1978 2 68.3829444891394 -66.710497989871 -29.8915863785863
1978 3 -100 -19.491894611079 -28.2838521033771
1978 4 -14.908509149085 3.80799220971699 9.603800750352
1978 5 -41.2688288111476 11.5960586486609 10.006063700841
1978 6 -50.1750532024439 5.52127449611703 5.04179443381499
1978 7 -23.7485913700971 17.5529966637779 8.96044320704799
1978 8 121.058414209852 4.55194815226797 -1.82152899164901
1978 9 58.641350552609 -21.753543658166 0.419929176826024
1978 10 106.758069739825 -34.22046838305 -5.99216171955502
1978 11 168.078396035143 -25.401908410874 11.63719759168
1978 12 16.7783236563939 -15.734924980202 -17.1721297833396
1979 1 -59.5915903832613 -41.831753987 -24.2027255904533
1979 2 -84.3121480289622 -16.710497989871 -23.8201578071578
1979 3 6.06735683396683 -11.104797836886 -5.703206942087
1979 4 4.32956704329579 22.44132554305 -35.729532582981
1979 5 -2.86050733526325 14.176703809951 -72.122968557223
1979 6 75.3003363767419 0.187941162784 -64.358205566185
1979 7 -9.93493038641899 26.262674083133 -4.58794388972599
1979 8 -35.7260574986266 7.77775460388099 -6.01507737874602
1979 9 3.69620663131032 -0.753543658166009 -37.246737489841
1979 10 -100 44.456950971788 -8.89538752600702
1979 11 -45.9900878576256 -11.401908410874 -2.02946907498701
1979 12 197.454220634211 -24.476860464073 11.214966990854
1980 1 -87.838245649331 14.652116980742 19.9908227966435
1980 2 -59.2115848753016 -3.38537483716198 -5.0147390879459
1980 3 -100 9.86294409859802 0.425825315977999
1980 4 -100 7.77465887638304 -11.062865916314
1980 5 -6.77591874785341 9.01541348737098 16.135095958906
1980 6 -100 32.521274496117 16.041794433815
1980 7 -86.8770220655058 34.327190212165 10.250765787693
1980 8 144.680461453946 -2.22224539611901 3.33976133093199
1980 9 -9.27492814056125 31.913123008501 11.419929176826
1980 10 -47.2848969016518 -0.349500641115021 7.87880602237998
1980 11 52.1739130434782 -9.06857507754097 -22.36280240832
1980 12 -18.4755099002533 -17.277446974337 11.7428262283906
1981 1 211.890151896187 -22.056485169796 4.6359840869661
1981 2 2.49396621078049 -25.2819265613 9.75127076427079
1981 3 73.7911151880489 -16.266088159466 -3.76772307111901
1981 4 447.175282471753 -20.55867445695 17.270467417019
1981 5 34.2426770030911 -14.855554254565 -7.41329113786797
1981 6 -2.17615157547885 -20.112058837216 3.041794433815
1981 7 -2.47555345523285 -8.89861623944803 3.476572239306
1981 8 50.961362387841 1.16485137807494 -9.24088383035901
1981 9 -40.0267195660096 3.74645634183402 1.419929176826
1981 10 -75.5910612112707 12.876305810498 19.491709248187
1981 11 -100 57.264758255793 -7.86280240832001
1981 12 -100 45.200558890766 -3.1398717188235
1982 1 -59.1992757267881 43.652116980742 -12.2672417194855
1982 2 -53.4593724859211 -7.78192656129999 -17.3915863785863
1982 3 -53.6889005372821 34.701653776017 -1.832239200151
1982 4 -0.479952004799411 16.94132554305 -3.729532582981
1982 5 0.682007752318321 -20.823296190049 -1.28425887980399
1982 6 -76.5222763781149 18.85460782945 10.708461100481
1982 7 -90.0541640917518 25.61751279281 9.60560449737098
1982 8 -54.2940853323567 26.8100126683969 2.210729072867
1982 9 -76.3896198534473 30.279789675168 2.253262510159
1982 10 23.8907481377523 9.77953161694998 -3.73409720342602
1982 11 -79.4998873620185 15.598091589126 1.470530925013
1982 12 105.463748697335 7.94249437463701 -8.9463233317267
1983 1 40.8409616738758 -0.0253023740970093 -0.815628816259704
1983 2 88.7771520514886 -3.13906941844298 5.644127907128
1983 3 23.9942340453415 -4.16931396591799 -7.47740049047401
1983 4 -100 -8.02534112361698 -26.729532582981
1983 5 73.2103429664884 -0.339425222307028 8.55445079761502
1983 6 -80.5656621129951 -31.14539217055 -8.12487223285199
1983 7 -31.34610491112 -25.350229142674 -3.458911631662
1983 8 121.278154184215 -15.609342170312 1.08169681480298
1983 9 -39.2251325857254 -20.553543658166 5.91992917682603
1983 10 12.1990715750836 10.747273552433 8.846547957864
1983 11 -94.4807389051588 48.098091589126 8.970530925013
1983 12 -100 64.813462116572 4.2579777435421
1984 1 419.816919826979 -37.960786245064 3.05533892567579
1984 2 -97.385358004827 21.614625162838 -8.6354287431184
1984 5 100.245326529611 13.047671551887 -15.639097589481
1984 6 -58.9139836617011 -1.478725503883 -1.958205566185
1984 7 -9.38238394707188 -6.317971078157 -7.49116969617802
1985 1 50.6488280857056 -6.67046366441902 -18.880144945292
1985 2 -52.4135156878519 -14.746212275586 -2.5701578071578
1985 3 35.4475167081642 13.572621517953 24.780664025655
1985 5 -45.5571365487464 0.628316713176957 10.167354023422
1985 6 65.2570879384911 -1.64539217055001 0.20846110048101
1985 7 -16.9798974880948 6.10138376055197 -4.91052453488699
1985 8 -81.2122321919062 21.0035610554939 3.82363229867398
1985 9 -36.0916562082508 31.413123008501 12.586595843493
1985 10 104.296664147684 21.392434842756 24.491709248187
1985 12 -61.4411195474171 1.97475243915299 -11.8495491381783
1986 1 -96.0768534352681 42.523084722677 -10.1704675259371
1986 2 -79.0828640386162 52.753787724414 6.71555647855651
1986 3 -100 23.088750550211 -7.47740049047401
1986 4 30.9669033096692 15.607992209717 22.437134083686
1986 5 1.61424856483979 2.07992961640294 10.328644346002
1986 6 134.646804420951 -22.14539217055 5.30846110048099
1986 7 -46.5411319931659 2.06912569603595 -2.00729872843599
1986 8 -89.342611243362 18.745496539365 4.30750326641498
1986 9 -4.39253471519387 18.913123008501 23.419929176826
1986 10 85.8361222066284 1.55372516533699 13.846547957864
1986 11 -57.8170759179996 3.76475825579302 15.303864258347
1986 12 269.063570046151 -14.638150786654 1.8601282811765
1987 1 -52.922241223217 0.587600851709986 -17.1059513969049
1987 2 52.6950925181015 -24.389069418443 3.144127907128
1987 3 -19.827021360241 -40.137055901402 -26.50965855499
1987 4 -8.61913808619128 -30.392007790283 -52.562865916314
1987 5 89.9906775918748 -25.500715544887 -10.477807266901
1987 6 56.2572938834351 -25.812058837216 -1.45820556618499
1987 7 -21.8146788323821 -17.1244226910611 4.12173352962899
1987 8 -20.3442592931698 5.51969008775195 16.726858105125
1987 9 -37.4033439941704 -4.753543658166 9.753262510159
1987 10 -65.7454388427076 10.585983229853 -5.50829075181301
1987 11 -44.0189231808966 0.264758255793005 1.97053092501299
1987 12 -30.5940151853508 8.91023631012001 4.9246444102088
1988 1 -4.27522382054124 -37.476915277323 -4.20272559045331
1988 2 5.63153660498805 -3.38537483716198 -1.0492218465666
1988 3 -51.1990564801467 7.60487958246902 -23.6064327485384
1988 4 -15.2784721527846 7.60799220971702 -1.229532582981
1988 5 -21.8782199107012 -9.04910264166205 9.03832176535701
1988 6 -28.3929429532505 -7.81205883721597 -2.62487223285202
1988 7 27.3619542695118 -4.54377752977003 6.70237869091899
1988 8 32.5032045412928 -17.706116363861 2.372019395448
1988 9 24.391725031375 -7.58687699149899 -0.913404156506985
1988 10 -85.2315664471554 -3.12369418950201 13.685257635283
1988 11 -100 38.931424922459 6.63719759168
1988 12 -100 -6.447407448645 6.2289922362958
1989 1 -14.083090232371 -8.00286198139002 26.7229406087052
1989 2 -33.0651649235719 -23.496212275586 9.75127076427079
1989 3 -100 9.54036345343702 -8.92901339370001
1989 4 -48.2051794820517 1.77465887638302 0.103800750352008
1989 5 -55.6253373239782 17.886381229306 19.360902410519
1989 6 -100 23.050686260823 7.49277482597201
1989 7 0.563451961176329 2.56765942037596 -0.357738611134018
1989 8 -50.5585057681743 -13.8351486219251 3.33976133093199
1989 9 -64.2929436055221 2.746456341834 -4.91340415650697
1989 10 -32.9266976141639 11.876305810498 -12.766355267942
1989 11 -62.1536382068034 4.59809158912602 7.470530925013
1989 12 90.0401965163014 -40.999037883428 -30.0753555897912
1990 1 -84.3074137410723 33.006955690419 18.5392098934177
1990 2 -58.1657280772325 11.682359152986 15.644127907128
1990 3 -22.3168654173764 -19.169313965918 18.167760799849
1990 4 -30.4469553044695 -28.451531599807 14.984753131305
1990 10 -100 -0.532296340040013 -40.519043439985
1990 11 -98.028835323271 21.264758255793 16.970530925013
1990 12 -100 34.480128783239 -26.0753555897912
1991 1 -92.5460215270094 -5.75648516979602 11.4693174202994
1991 2 -95.2936444086887 13.825216295843 9.0369850499851
1991 3 -99.0040623771459 45.0242344211791 10.90969628372
1991 4 -99.2600739926007 32.44132554305 27.437134083686
1991 5 -31.0141798734115 13.85412316479 25.489934668583
1991 6 90.4304249330678 8.68794116278401 12.375127767148
1991 7 -45.1597658947981 -6.80184204589899 1.37979804575799
1991 8 -85.7169016663615 26.648722345817 10.275245201899
1991 9 21.3311201975627 -8.25354365816601 -3.580070823174
1991 10 -93.8464860196481 24.94082193953 12.394935054638
1991 11 -56.6343771119622 -8.40190841087399 -20.0294690749867
1991 12 26.693464344201 -16.019871216761 22.2579777435421
1992 1 168.735539684136 -28.283366890226 24.1843711837403
1992 2 -26.7900241351568 12.476694128355 18.2611229810196
1992 3 -37.7538985716157 2.92746022763001 19.135502735333
1992 4 25.7874212578744 -11.225341123617 -1.229532582981
1992 5 103.22849712968 -28.242651028758 -7.574581460449
1992 6 -89.5654561680511 21.687941162784 12.208461100481
1992 7 -60.6310661965175 12.069125696036 11.702378690919
1992 8 4.92583775865223 -8.028697009022 1.08169681480298
1992 9 -46.8037731265942 9.91312300850097 13.086595843493
1992 10 16.9167656266867 9.94082193952998 8.68525763528297
1992 11 22.2122099571975 -30.735241744207 -3.82946907498701
1992 12 -42.1616793211256 -12.353204550095 17.4246444102088
1993 1 -84.3074137410723 -3.44465721280603 28.7005002159984
1993 2 41.1906677393405 -2.78192656129999 26.5369850499851
1993 3 146.494561656402 -11.266088159466 0.10324467081599
1993 4 -18.6081391860813 -0.725341123616978 -1.89619924964799
1993 5 -25.4207349982827 -12.436199415855 -12.413291137868
1993 6 88.4739479645774 -27.14539217055 -3.291538899519
1993 7 -83.4236068195863 -4.86635817493202 5.41205611027401
1993 8 -21.4429591649881 6.16485137807494 7.04943875028601
1993 9 13.3152503947207 -5.75354365816601 2.253262510159
1993 10 -55.8998164741445 0.102112262110978 -0.347000429233013
1993 11 26.1545393106555 -12.735241744207 -7.6961357416533
1993 12 -80.7205597737085 8.271795449905 49.0913110768758
1994 1 162.850819837038 1.07147181945198 10.1521131192242
1994 2 -26.7900241351568 -16.710497989871 8.6798421928422
1994 3 119.60424583934 -5.62092686914397 16.0709866063
1994 4 -76.6923307669233 -5.72534112361698 12.937134083686
1994 5 13.5469309651145 -10.178134899726 9.360902410519
1994 6 -32.5667604860301 7.687941162784 4.708461100481
1994 7 -63.1175251735796 19.165899889585 6.70237869091899
1994 8 -52.09668558872 -2.22224539611901 2.533309718028
1994 9 -35.8730415772642 4.91312300850097 -4.08007082317397
1994 10 -42.3620857173702 13.650499358885 31.749773764316
1994 11 -37.7111962153639 22.598091589126 60.970530925013
1994 12 25.5917820455557 7.24824472526798 57.9681226710788
1995 1 -58.4146464138417 2.523084722677 14.5069518289016
1995 2 -22.60659694288 20.075216295843 18.144127907128
1995 3 -10.3656139431266 -13.362862353015 8.974212412752
1995 4 -63.003699630037 16.107992209717 6.93713408368602
1995 5 -26.3529758108042 14.176703809951 19.360902410519
1995 6 -72.6093224411341 -5.47872550388298 8.54179443381501
1995 7 -72.3726780326439 14.972351502488 9.12173352962899
1995 8 27.9985350668375 -13.9964389445061 10.113954879319
1995 9 -50.4473503097041 11.913123008501 8.41992917682603
1995 10 -86.6673863759041 27.844047745982 -14.379258493749
1995 11 63.6066681685063 21.098091589126 9.970530925013
1995 12 -100 56.257906561016 28.5357555213199
1996 1 -96.0768534352681 33.151560807216 -19.3640159130339
1996 2 -100 19.7180734387 9.9852609120541
1996 3 -85.0609356571878 -9.008023643337 -38.4451424259578
1996 4 -88.9011098890111 17.107992209717 -12.229532582981
1996 5 -57.1169226240126 31.9186392938219 18.231870152454
1996 6 -79.783071325599 23.35460782945 9.708461100481
1996 7 -60.4929295866807 24.004609567004 12.02495933608
1996 8 59.3114814136605 -2.38353571869901 5.75911616964099
1996 9 -42.0671227885512 16.746456341834 14.753262510159
1996 10 -11.7996329482889 13.811789681466 9.00783828044499
1996 11 -40.8650596981302 14.764758255793 12.303864258347
1996 12 -83.4747655203216 10.760830537625 5.3983286207351
1997 1 -64.6916809174128 -20.469128847957 -8.6743607406201
1997 2 17.6588897827837 -16.5319265613 10.644127907128
1997 3 270.98676451317 -1.795120417531 8.34840596113899
1997 4 223.717628237177 -44.289443687719 -21.883378736827
1997 5 -31.0141798734115 -17.920070383597 -16.606839524965
1997 6 -88.2611381890575 -3.47872550388296 7.208461100481
1997 7 -79.2795085244829 22.8755773089389 11.057217400596
1997 8 -96.703900384545 26.648722345817 8.82363229867398
1997 9 -28.513015667382 29.246456341834 6.08659584349301
1997 10 -33.3369318795207 5.58598322985301 -2.28248430020003
1997 11 -5.38409551700839 -16.235241744207 13.63719759168
1997 12 -50.4242965609648 -17.010067295193 -11.2518261780265
1998 1 -100 50.392940117561 20.2911565007592
1998 2 62.1078037007242 28.646644867271 -1.1415863785863
1998 3 86.7383042851529 -12.395120417531 -3.76772307111901
1998 4 -100 9.94132554305001 -10.062865916314
1998 5 -100 52.4025102615639 5.97380563632502
1998 6 -88.2611381890575 41.021274496117 19.875127767148
1998 7 -68.2285797375404 32.069125696036 12.831410948983
1998 8 -25.508148690716 8.58420621678398 4.791374234157
1998 9 23.1529087891177 9.74645634183403 16.086595843493
1998 10 -24.1066609089928 -5.70433935079201 23.040096344961
1998 11 18.2698806037395 -2.56857507754098 44.63719759168
1998 12 -36.6532678278995 17.40169741069 18.7481738219735
1999 1 -100 42.039213754936 -11.4607901065823
1999 2 -89.5414320193081 41.860930581557 18.8584136214137
1999 3 126.575809199319 9.05649248569503 23.49034144501
1999 4 -51.904809519048 27.274658876383 26.437134083686
1999 5 -32.8786614984544 17.886381229306 20.973805636325
1999 6 1.08464337200519 3.18794116278404 15.375127767148
1999 7 23.6322658039187 -11.801842045899 -0.394395502629017
1999 8 131.825672953671 19.390657829688 -0.85378705616499
1999 9 -42.0671227885512 4.91312300850097 -3.580070823174
1999 10 -65.1300874446724 13.327918713724 -23.895387526007
1999 12 -100 25.146795449905 -17.5753555897912
2000 1 -88.2305603058043 30.354625941315 23.0433914943735
2000 2 -53.9823008849557 41.860930581557 30.3226993356991
2000 3 -82.5710916000524 33.411331195372 34.458083380494
2000 4 14.6885311468854 8.99304968098104 11.167019141157
2000 5 -9.5726411854178 18.370252197048 12.586708862132
2000 6 -50.4359167982426 -12.547691021124 5.788920870596
2000 7 -95.8559017048966 27.391706341197 3.153991594145
2000 8 -45.6143563449918 9.71323847484896 0.920406492221986
2000 9 -25.6710254645562 34.154502318846 -2.40765703007099
2000 10 139.987045233725 -33.123694189502 11.265902796574
2000 11 -31.0092363144853 -25.401908410874 10.13719759168
2000 12 -9.11121036176888 -36.186537883428 -30.3253555897912
2001 1 -38.7989135901821 -12.710508158301 4.60150132834539
2001 2 -11.102172164119 3.46807343870001 26.5369850499851
2001 3 74.289083999476 -33.201572030434 -10.864497264667
2001 4 -59.3040695930407 -12.392007790283 29.770467417019
2001 5 -81.3551837495707 4.66057477769297 2.58670886213203
2001 6 78.6915631221253 17.687941162784 -0.958205566185022
2001 7 -80.6608746228507 16.907835373455 4.12173352962899
2001 8 9.32063724592562 13.03581912001 4.952664556738
2001 9 -3.44520464758527 -4.983428715637 0.178549866480999
2001 10 -86.6673863759041 2.52146710082098 -8.89538752600702
2001 11 91.2029736427122 -4.95363254880498 20.913059660646
2001 12 -100 -7.249037883428 35.8621444102088
2002 1 -100 28.076848163538 -5.86401591303391
2002 2 -94.7707160096541 -5.28192656129999 -24.5344435214435
2002 3 -92.5304678285939 0.830686034082007 -8.606432748538
2002 4 -64.8535146485351 36.94132554305 25.437134083686
2002 5 -13.3016044355037 24.918639293822 15.006063700841
2002 6 -39.3492139767969 15.187941162784 7.208461100481
2002 7 108.586280853539 -22.1244226910611 -0.555685825210013
2002 8 -25.2884087163523 6.64872234581701 4.30750326641498
2002 9 78.8996396907005 -1.25354365816598 -12.080070823174
2002 10 94.8612760444779 -1.510790963696 39.330418925606
2002 11 -48.7497184050462 -15.401908410874 -18.0294690749867
2002 12 -94.4915885067739 -11.624037883428 -0.387855589791197
2003 1 -18.3985514535761 -18.256485169796 -2.0306825797006
2003 2 17.6588897827837 -10.639069418443 5.2869850499851
2003 3 13.5368890053729 -0.620926869143972 6.07098660629999
2003 4 -88.9011098890111 1.107992209717 6.10380075035202
2003 5 78.0579951916 29.499284455113 22.26412821697
2003 6 40.8663417313105 -1.97872550388297 6.04179443381501
2003 7 24.3229488531026 -13.092164626545 -1.200847115533
2003 8 -23.0910089727156 -2.867406686441 -0.692496733585024
2003 9 31.1687785919596 -22.420210324832 8.75326251015903
2003 10 122.552088956062 1.069854197595 2.39493505463798
2003 11 -50.7208830817752 -1.068575077541 22.803864258347
2003 12 -83.4747655203216 -2.115109311999 -12.5753555897912
2004 1 -56.8453877879489 -1.50917334183902 31.2811453772887
2004 2 -52.9364440868865 -7.00606449233398 -0.0147390879458964
2004 3 86.7383042851529 -14.814475256241 45.264534993397
2004 4 109.029097090291 -35.725341123617 5.937134083686
2004 5 -63.6426083116628 -17.436199415855 -3.86490404109399
2004 6 -37.3927370083065 2.18794116278403 6.708461100481
2004 7 -62.7031153440692 10.45622247023 2.99270127156401
2004 8 -69.7857535249954 6.81001266839694 0.436535524479993
2004 9 41.3707947046676 -14.753543658166 -5.41340415650698
2004 10 33.3261362409586 28.489209036304 33.846547957864
2004 11 41.9238567244874 -0.401908410873979 -3.69613574165301
2004 12 -77.9663540270955 1.813462116572 2.4246444102088
2005 1 -43.1143748113872 14.660181496871 31.8859840869661
2005 2 323.572003218021 -30.639069418443 18.5012707642708
2005 3 -25.3046782859389 4.54036345343702 -6.832239200151
2005 4 -75.952404759524 1.607992209717 -17.562865916314
2005 5 41.3277071782542 -15.016844577145 -7.41329113786797
2005 6 -100 19.521274496117 15.541794433815
2005 7 228.765131411538 3.35944827668101 7.02495933607999
2005 10 -6.67170463132901 -16.606370414114 -77.7042286251705
2005 12 -100 -15.269871216761 -12.1586889231245
2006 1 -100 38.410181496871 -17.6973492463672
2006 2 -26.7900241351568 12.932359152986 -17.0344435214435
2006 3 -55.1828069715633 15.830686034082 23.974212412752
2006 4 260.71392860714 25.107992209717 28.937134083686
2006 5 -97.2032775624356 11.4347683260799 -5.639097589481
2006 6 -81.7395482940894 14.021274496117 -7.45820556618501
2006 7 10.5092878694245 1.74654505087496 0.250765787692977
2006 8 -67.5883537813587 16.4874320232359 5.43653552447999
2006 9 -38.0591878871302 7.59494119031899 -3.26188900499197
2006 10 -0.518190650977072 8.489209036304 20.943322151413
2006 11 28.1257039873845 8.931424922459 -1.86280240832
2006 12 236.013101086794 47.158289702779 35.7867133757258
2008 1 78.5031686953022 0.0173243540139723 -11.1497301987482
2008 2 -84.3121480289622 52.326769090874 -11.9412758195801
2008 3 -70.1218713143755 26.123398100988 -17.955297742565
2008 4 -77.8022197780222 20.298468400193 7.30618170273299
2008 5 -25.4207349982827 29.1322099278599 5.42319384544601
2008 6 -70.6528454726437 26.444351419194 13.952050844071
2008 7 153.480679050493 -30.281990929274 -3.34724910064402
2008 8 88.9763779527558 -6.63270145841004 3.367570007239
2008 9 62.8679000850166 -15.494284398906 -20.913404156507
2008 10 -11.7996329482889 3.39362958588598 -15.185710106652
2008 11 -80.2883532327101 27.338832329867 -1.436876482394
2008 12 -100 18.351923655034 -45.0753555897912
2009 1 14.555879690172 34.756335343025 3.5205994715815
2009 2 -24.1753821399838 36.560178701858 3.11593241840611
2009 3 -75.1015594286463 7.04932402691302 3.896554109287
2009 4 -64.8535146485351 29.227039828764 -5.72953258298099
2009 5 -12.3693636229822 20.37742065583 7.939158085548
2009 6 -86.304661220567 26.762653806462 1.47857604300999
2009 7 -46.8174052128394 48.843319244423 10.250765787693
2009 8 -80.2234023072697 40.479367507107 7.757964095909
2009 9 -7.45313954900625 3.788123008501 8.25326251015902
2009 10 76.4007341034221 3.047413804888 16.336029023783
2009 11 26.1545393106555 24.375869366904 -16.0665061120237
