"anio" "mes" "ppAcc" "mTmax" "mTmin"
1970 1 -24.3530192435303 18.388888888889 -2.5143369175627
1970 2 97.0111555462011 20.018529921547 -1.8071063674512
1970 3 -89.1489361702128 32.166666666667 -16.7182163187856
1970 4 11.3095238095239 83.792663962136 -17.9246112237998
1970 5 -32.1324692554983 40.357296466974 -55.4823348694316
1970 6 41.5343915343915 32.446455938697 -69.712962962963
1970 7 7.23819103253507 37.594384707288 -72.2255077658305
1970 8 -40.3461911121586 51.777039848197 -67.0018975332066
1970 9 -20.4967518965197 42.142975734355 -57.6586845466156
1970 10 -100 39.442125237191 -36.5079063883618
1970 11 -100 33.181465517241 -23.7303879310345
1970 12 -100 75.28266536331 -3.9622026718801
1971 1 116.987392169874 61.292114695341 0.0017921146954003
1971 2 -100 60.37567277869 -2.5213920817369
1971 3 -78.2978723404255 76.037634408602 -17.6859582542694
1971 4 -88.1944444444444 68.792663962136 -30.5912778904665
1971 5 49.1299688727866 54.228264208909 -55.1597542242703
1971 6 50.1322751322751 36.779789272031 -72.712962962963
1971 7 -14.3487175519363 45.981481481482 -80.612604540024
1971 8 7.28782046246099 20.164136622391 -75.8728652751421
1971 9 -15.3342033183716 30.142975734355 -70.9920178799489
1971 10 5.8251544892766 42.022770398482 -46.8304870335231
1971 11 -52.3582658408766 64.848132183908 -20.5303879310345
1971 12 -4.98338870431906 54.960084718149 -4.929944607364
1972 1 -82.0836098208361 47.743727598567 -4.7724014336917
1972 2 6.08292990949292 45.76976144864 -5.8341999635103
1972 3 127.872340425532 45.39247311828 -21.5569259962049
1972 4 7.93650793650798 88.792663962136 -31.9246112237998
1972 5 19.6611726284635 36.163748079877 -65.4823348694316
1972 6 19.0476190476191 25.446455938697 -75.3796296296297
1972 7 45.5375449727262 17.271804062127 -88.0319593787337
1972 8 -84.4187812606384 27.906072106262 -79.2599620493357
1972 9 -67.4759439576671 43.809642401022 -63.9920178799489
1972 10 -16.5757906215922 36.216318785579 -46.1853257432005
1972 11 -10.433539780848 23.848132183908 -21.1970545977012
1972 12 -100 49.476213750407 -5.5751058976866
1973 1 19.4426011944259 30.646953405018 4.905017921147
1973 2 187.939381182909 42.87567277869 -5.0213920817369
1973 3 -71.063829787234 91.521505376344 -5.4278937381404
1973 4 -57.8373015873016 19.792663962136 -32.9246112237998
1973 5 -66.0662346277492 65.518586789554 -23.2242703533026
1973 6 442.328042328042 43.113122605364 -38.712962962963
1973 7 -46.3809044837325 54.045997610514 21.322879330944
1973 8 35.7791918715793 23.712523719165 20.094876660342
1973 9 -40.1144364934824 42.142975734355 -27.3253512132822
1973 10 19.7291893856779 -16.203036053131 20.2662871600253
1973 11 -96.1886612672701 32.514798850575 18.1362787356321
1973 12 -70.7641196013289 -11.975399152819 0.392636037797303
1974 1 25.4147312541471 45.163082437276 23.7759856630824
1974 2 -88.6339717954115 19.304244207261 -6.9856777960226
1974 3 -56.595744680851 35.715053763441 25.0559772296015
1974 4 -44.3452380952381 11.792663962136 16.4087221095335
1974 5 -24.9885186508139 1.97019969278003 7.7434715821817
1974 6 -31.2169312169312 -15.220210727969 3.62037037037
1974 7 -90.2510735424968 -31.437873357228 -12.8706690561531
1974 8 -5.17715452902825 -20.15844402277 5.256166982922
1974 9 55.6508396311644 -8.19035759897801 21.3413154533841
1974 10 -67.5572519083969 -25.074003795067 7.36306135357371
1974 11 -73.3206288708909 0.848132183907992 4.6362787356321
1974 12 -34.2192691029901 13.669762137504 11.1990876507005
1975 1 -86.0650298606503 27.421146953405 1.6792114695341
1975 2 89.4338034098088 27.87567277869 18.9071793468345
1975 3 -100 29.908602150538 17.7979127134725
1975 4 -93.2539682539683 37.459330628803 31.4087221095335
1975 6 -3.43915343915343 -11.553544061303 13.953703703704
1975 7 62.2499903284459 -30.470131421744 -0.935185185185006
1975 8 38.4502579411841 -25.642314990512 8.804554079697
1975 9 -24.3686633301307 -28.857024265645 -9.3253512132822
1975 10 -50.563431479462 7.18406072106202 -13.2820999367489
1975 12 104.651162790697 -13.104431410883 -5.5751058976866
1976 1 -92.0371599203716 -53.127240143369 7.4856630824373
1976 2 -100 21.976658000364 3.3037310709724
1976 3 44.6808510638299 23.811827956989 27.1527514231499
1976 4 99.0079365079366 6.11450304259598 18.4432048681542
1976 5 -1.77067918558968 -22.545929339478 -5.48233486943161
1976 6 -4.76190476190475 -21.553544061303 -2.71296296296301
1976 7 166.006421911873 -34.954002389486 0.677718040620992
1976 8 9.51370885379836 -26.610056925996 -9.2599620493357
1976 9 -16.882967891816 -15.523690932311 14.3413154533841
1976 10 -28.9349327517267 -16.364326375712 5.427577482606
1976 11 319.247260600286 -46.485201149425 -10.5303879310345
1976 12 185.049833887043 -19.846366894754 11.5216682958618
1977 1 -4.44591904445931 -37.740143369175 -3.4820788530466
1977 2 -88.6339717954115 -8.19575579273899 -9.8428206531655
1977 3 -100 13.779569892473 13.926944971537
1977 4 14.6825396825397 -11.87400270453 10.7420554428668
1977 5 -30.3464816043272 -13.191090629801 22.2596006144397
1977 6 -34.5238095238095 -28.886877394636 38.62037037037
1977 7 -62.3969979496306 -1.40561529271199 29.709976105137
1977 8 49.5796998978709 -35.287476280835 34.6110056926
1977 9 71.9128676523308 -2.190357598978 51.3413154533841
1977 11 -35.2072415435922 -3.785201149425 32.1362787356321
1977 12 -100 -4.03991528185102 16.6829586184425
1978 1 15.4611811546117 2.292114695341 6.8405017921147
1978 2 108.37718375079 10.018529921547 35.6928936325488
1978 3 -100 -17.188172043011 25.8624288425048
1978 4 90.5753968253969 -18.207336037864 32.4087221095335
1978 5 -80.3541358371179 4.22826420890903 40.0015360983107
1978 6 -57.6719576719577 11.446455938697 56.62037037037
1978 7 -0.421679755503153 -39.824970131421 30.677718040621
1978 8 35.3340141933118 -33.706831119545 36.546489563568
1978 9 295.70934851505 -19.790357598978 42.6746487867181
1978 10 -72.1919302071974 -70.557874762809 13.1695129664769
1978 11 -100 -48.818534482759 36.1362787356321
1978 12 -41.5282392026579 -64.039915281851 -3.6396220267188
1979 1 -40.2786994027871 -50.965949820788 -2.1917562724014
1979 2 -24.2264786360765 -18.910041507025 31.4071793468345
1979 3 -100 -34.252688172043 11.668880455408
1979 4 -29.1666666666666 -19.17400270453 31.4087221095335
1979 6 52.7777777777778 -9.55354406130297 17.287037037037
1979 7 -100 9.852449223417 41.968040621266
1979 8 -43.9076125382984 -4.67457305502901 32.998102466793
1980 1 -96.0185799601858 -40.578853046595 28.1308243727599
1980 2 142.475268364555 -73.5405833789459 -4.2824758255793
1980 3 -100 -15.897849462365 30.8946869070209
1980 4 -76.3888888888889 -74.507336037864 -12.0912778904665
1980 5 -91.9630555697301 -6.416897081413 33.8725038402457
1980 6 -10.7142857142857 2.11312260536403 35.287037037037
1980 7 9.32724670200004 -6.88948626045399 24.548685782557
1980 8 14.855840993008 -14.642314990512 19.127134724858
1980 9 -12.4948016003902 -30.823690932311 8.67464878671779
1980 10 40.5852417302799 -38.622390891841 4.7824161922834
1980 11 37.2081943782754 -84.151867816092 -22.5303879310345
1980 12 -100 -54.588302378625 12.811990876507
1981 1 -72.1300597213006 -77.9982078853044 -8.1917562724014
1981 2 195.516733319302 -34.267184364168 -2.5213920817369
1981 3 -85.531914893617 -34.188172043011 9.4108159392789
1981 4 18.0555555555556 13.959330628803 28.0420554428668
1981 5 -41.0624075113538 -52.674961597542 -4.03072196620581
1981 6 89.2857142857143 -42.120210727969 -6.3796296296297
1981 7 -78.4130914155287 -9.43787335722799 21.806750298686
1981 8 -18.265378270092 -36.771347248577 -12.4857685009486
1981 9 -22.5101458419974 -7.02369093231102 10.0079821200511
1983 8 -2.06091078115594 -20.803605313093 -2.8083491461099
1983 9 -30.305594195001 -18.523690932311 15.3413154533841
1983 10 -67.5572519083969 -15.719165085389 7.04048070841241
1983 11 -61.8866126727013 11.214798850575 -4.1970545977012
1983 12 -100 21.734278266536 -16.5428478331704
1984 1 584.804246848042 -29.675627240143 -9.93369175627239
1984 2 -31.8038307724688 -25.609548896187 -17.7307516876483
1984 5 197.366943919988 -18.02980030722 -1.28878648233481
1984 6 -46.2962962962963 -4.886877394636 -0.0462962962960134
1984 7 -10.866958102828 -36.276583034647 -0.612604540024009
1985 1 55.2753815527536 -25.159498207885 -9.74014336917562
1985 2 -16.6491264996841 2.161387064404 2.1214650611202
1985 3 -27.6595744680851 19.263440860215 17.1527514231499
1985 4 210.31746031746 -0.207336037864003 11.0753887762002
1985 5 19.6611726284635 -7.06205837173599 4.19508448540709
1985 6 9.7883597883598 -22.507567049808 4.218071519796
1985 7 -90.2510735424968 -22.08303464755 -10.2900238948627
1985 8 -62.6050750255323 -6.61005692599598 2.35294117647099
1985 9 -59.2158662326302 -2.85702426564502 7.34131545338439
1985 10 -24.3002544529262 8.08728652751402 18.7931688804554
1985 11 -100 25.848132183908 10.4696120689655
1985 12 -78.0730897009967 -7.88937764744201 9.0377973281199
1986 1 -100 7.09856630824401 2.9695340501792
1986 2 -100 30.507947910965 20.2960682357234
1986 3 -100 4.42473118279601 -1.8795066413662
1986 4 -100 8.12599729546999 17.0753887762002
1986 5 -58.9222840230648 -6.73947772657499 6.45314900153609
1986 6 57.4074074074074 -23.220210727969 8.62037037037
1986 7 -83.2875546442802 -17.566905615292 0.0325567502989976
1986 8 -45.6883232513683 2.099620493359 1.06261859582599
1986 9 -37.0169073465935 5.80964240102201 15.0079821200511
1986 10 27.453653217012 -11.525616698292 24.7824161922834
1986 11 111.529299666508 -8.48520114942499 16.4696120689655
1986 12 53.4883720930231 -13.749592701206 15.070055392636
1987 1 114.996682149967 -9.67562724014298 9.421146953405
1987 2 187.939381182909 -2.12432722130998 10.1571793468345
1987 3 -100 -15.693548387097 -3.7504743833017
1987 4 230.555555555556 -15.540669371197 -8.59127789046649
1987 5 158.968209419809 -16.094316436252 -0.321044546851006
1987 6 8.46560846560847 -10.886877394636 -5.3796296296297
1987 7 -1.11803164532481 0.175029868578989 0.0325567502989976
1987 8 -64.3857857386022 -3.38425047438299 -12.8083491461099
1987 9 -29.2730844793714 -25.523690932311 -20.6586845466156
1987 10 -42.838967648128 -46.041745730551 -13.6046805819102
1987 11 -58.0752739399714 -35.485201149425 17.8029454022988
1987 12 -56.1461794019934 -17.620560443141 3.7797328119909
1988 1 111.015262110152 -45.804659498208 7.8082437275986
1988 2 -100 -56.299204068601 -2.9031654807517
1988 3 37.4468085106384 -55.575268817204 -8.9762808349146
1988 4 78.7698412698413 -97.540669371197 -31.9246112237998
1988 5 -17.8445680461296 -39.965284178188 -24.837173579109
1988 6 -77.5132275132275 -24.886877394636 10.287037037037
1988 7 84.5332508027389 -16.92174432497 -18.354540023895
1988 8 54.2095477518526 51.454459203036 23.159392789374
1988 9 133.347195732293 -62.190357598978 -25.3253512132822
1988 10 -84.5510723373319 2.82922201138501 18.4920936116382
1988 11 -90.4716531681753 -34.151867816092 10.8029454022988
1988 12 -100 -28.910883023786 16.6829586184425
1989 1 -100 -23.224014336917 9.421146953405
1989 2 -100 -81.7671843641676 -33.2356777960226
1989 3 -85.531914893617 -70.736559139785 -27.0407969639469
1989 4 -100 -77.87400270453 -24.3912778904665
1989 5 -91.0700617441445 25.841167434716 36.7757296466977
1989 6 -97.3544973544974 -30.053544061303 -2.54629629629601
1989 7 21.8615807187898 6.949223416966 1.161589008363
1989 8 -61.7147196689973 3.06736242884202 29.77229601518
1989 9 -23.0780261855937 -30.190357598978 2.00798212005109
1989 10 -30.4798255179935 -37.332068311196 5.1049968374447
1989 11 10.5288232491663 -41.818534482759 4.4696120689655
1989 12 718.60465116279 -73.1044314108832 -34.1234929944607
1990 1 -100 -27.094982078853 6.1953405017921
1990 2 302.357398442434 -38.910041507025 -6.0928206531655
1990 4 55.1587301587302 -67.207336037864 -17.9246112237998
1990 5 -73.2101852324335 -8.67496159754197 29.6789554531487
1990 6 -48.4126984126984 25.446455938697 46.953703703704
1990 7 123.528956632752 -12.08303464755 1.484169653524
1990 8 11.2944195668683 -40.15844402277 -38.9373814041744
1990 9 -32.3706136262602 -2.85702426564502 -13.9920178799489
1990 10 -2.67175572519087 -15.719165085389 -1.50790638836179
1990 11 -100 -41.818534482759 1.9696120689655
1990 12 -92.6910299003322 -53.749592701206 -6.5428478331704
1991 1 -100 -88.385304659498 -55.094982078853
1991 2 -100 -60.338612935596 -21.4499635103084
1991 3 -63.8297872340425 -70.736559139785 -20.2666034155598
1991 4 -49.4047619047619 7.45933062880301 19.0753887762002
1991 5 -16.0585803949585 21.647619047619 52.9047619047617
1991 6 9.12698412698414 35.113122605364 39.287037037037
1991 7 -19.2231807806879 17.91696535245 11.000298685782
1991 8 -67.9472071647419 -11.126185958254 -12.1631878557873
1991 9 -36.2425250598713 -15.190357598978 -14.3253512132822
1991 10 -62.9225736095965 8.151802656546 8.9759645793802
1991 11 170.605050023821 -61.485201149425 -16.8637212643679
1991 12 60.7973421926908 -67.620560443141 -28.4783317041382
1992 1 697.080291970802 -33.86917562724 -9.6111111111111
1992 2 -16.6491264996841 -55.26472130998 -1.868682722131
1992 3 51.9148936170213 -56.543010752688 -12.5246679316888
1992 4 -5.55555555555551 -37.207336037864 -5.9246112237998
1992 5 125.034444047558 -22.223348694317 10.0015360983107
1992 6 -93.3862433862434 -5.88687739463598 26.953703703704
1992 7 -61.0042941699873 -37.244324970131 -15.1287335722821
1992 8 -47.4690339644382 -54.674573055029 -24.4212523719163
1992 9 -27.9824473348344 -30.857024265645 -10.3253512132822
1992 10 26.6812068338786 -66.364326375712 -39.7337128399747
1992 11 526.965221534064 -48.818534482759 -20.1970545977012
1992 12 217.940199335548 -20.846366894754 9.2636037797328
1993 1 -80.092899800929 -49.675627240143 -19.2885304659498
1993 2 -100 -44.267184364168 -26.9856777960226
1993 3 -5.95744680851059 -87.994623655914 -59.6214421252372
1993 4 -51.0912698412698 -69.707336037864 -36.4246112237998
1993 5 -35.7044445578405 -89.481413210446 -52.57910906298
1993 6 121.560846560847 -35.886877394636 -10.212962962963
1993 7 -69.3605168478471 10.820191158901 38.097072879331
1993 8 -44.3527902165659 -0.642314990511998 27.030360531309
1993 9 -35.2100153442417 -27.357024265645 -3.82535121328221
1993 10 -35.8869501999273 -57.332068311196 -26.6691967109424
1993 11 14.3401619818961 -27.485201149425 0.3029454022988
1993 12 -41.5282392026579 -11.491528185077 14.4248941023134
1994 1 -100 -60.482078853046 -2.5143369175627
1994 2 -100 -67.6600415070247 -10.7356777960226
1994 3 -27.6595744680851 -73.962365591398 -24.9440227703985
1994 4 -39.2857142857143 -74.040669371197 -42.2579445571332
1994 5 16.9821911517068 21.002457757296 60.0015360983107
1994 6 -45.7671957671958 7.44645593869702 39.287037037037
1994 7 -15.0450694417579 37.594384707288 66.000298685782
1994 8 -39.9010134338911 4.84155597722999 34.288425047439
1994 9 -53.7951902255747 59.809642401022 80.5079821200511
1994 10 -61.9956379498364 -6.04174573055101 22.2017710309931
1994 11 -69.509290138161 -55.985201149425 -18.5303879310345
1994 12 9.63455149501647 -51.168947539915 -4.1234929944607
1995 1 -100 -58.86917562724 6.0340501792115
1995 2 -69.6905914544306 -34.62432722131 -2.5213920817369
1995 3 -100 -58.801075268817 -27.5246679316888
1995 4 -100 -45.87400270453 -16.7579445571332
1995 5 -55.3503087207226 -62.707219662059 -32.9016897081413
1995 6 -6.08465608465608 -65.553544061303 -35.712962962963
1995 7 -67.2714611783822 -18.695937873357 9.70997610513699
1995 8 -4.2867991724933 -31.771347248577 -7.1631878557873
1995 9 -82.9635896921114 -27.857024265645 -23.1586845466156
1995 10 -100 -24.267552182163 -4.2498418722327
1995 11 -100 -57.818534482759 -28.8637212643679
1995 12 -70.7641196013289 -29.87862495927 -2.188009123493
1996 1 -100 -50.320788530466 -25.2562724014337
1996 2 -100 -29.23023855136 -13.2479930669586
1996 3 -100 -92.8333333333332 -68.4924098671727
1996 4 -47.7182539682539 -68.37400270453 -36.7579445571332
1996 5 -12.4866050926163 -42.707219662059 -16.7726574500768
1996 6 -41.7989417989418 -55.886877394636 -26.712962962963
1996 7 -84.6802584239236 -18.212066905615 10.51642771804
1996 8 177.345693560636 -60.803605313093 -29.582542694497
1996 9 -92.2561771327779 4.14297573435501 -2.1586845466156
1996 10 156.452199200291 14.603415559772 9.94370651486401
1996 11 -90.4716531681753 28.181465517241 -10.8637212643679
1996 12 -70.7641196013289 20.443955685891 12.4894102313457
1997 1 -20.3715992037161 5.48566308243803 -4.2885304659498
1997 2 -39.3811829088612 29.304244207261 6.2286079182631
1997 3 171.276595744681 53.456989247312 28.926944971537
1997 4 114.186507936508 22.292663962136 8.90872210953351
1997 5 -10.7006174414452 17.937941628264 0.646697388632891
1997 7 35.0922666254013 34.691158900837 13.742234169653
1997 8 -35.0040589729489 22.744781783681 41.223908918406
1997 9 -66.4434342420375 34.809642401022 -3.1586845466156
1997 10 129.880043620502 -7.17077798861499 0.911448450347905
1997 11 168.699380657456 54.348132183908 1.9696120689655
1997 12 13.2890365448504 7.218149234278 -24.2847833170414
1998 1 -100 81.292114695341 21.3566308243728
1998 2 -100 23.232815635832 -7.1642492245941
1998 3 -100 -4.60752688172001 -19.9440227703985
1998 4 -100 11.2869168357 -0.5223123732251
1998 5 -72.317191406848 11.529339477726 52.4316436251917
1998 6 -100 15.113122605364 28.12037037037
1998 9 16.6735978661464 -8.19035759897801 3.84131545338439
1998 10 130.189022173755 47.022770398482 22.3630613535737
1998 11 -100 33.848132183908 37.1362787356321
1998 12 -100 12.610622352558 16.3711306614532
1999 1 -100 31.13082437276 -15.578853046595
1999 2 -100 -35.695755792739 -27.6999635103084
1999 3 -38.5106382978723 14.102150537635 7.6366223908918
1999 4 -100 47.959330628803 5.9087221095335
1999 5 -100 18.260522273425 -19.6758832565284
1999 6 -23.2804232804233 5.77978927203102 -0.379629629630003
1999 7 -77.0203876358854 9.529868578256 5.51642771804
1999 9 -4.49285130426065 -9.19035759897799 8.84131545338439
1999 10 63.758633224282 -10.235294117647 -26.0240354206198
1999 11 -92.3773225345403 14.514798850575 -44.3637212643679
1999 12 -1.32890365448518 12.056858911697 -49.1234929944607
2000 1 41.3404114134039 102.259856630825 70.7114695340502
2000 2 -100 -18.195755792739 -3.9499635103084
2000 3 1.2765957446809 23.456989247312 14.7656546489564
2000 5 -51.7783334183804 -27.223348694317 -0.966205837173604
2000 6 -19.3121693121693 -40.438601532567 -31.6439974457216
2000 7 -72.1459244071338 -22.889486260454 -21.7416367980885
2000 9 -57.150846801371 -58.29380587484 -31.0609833971903
2000 10 28.9985459832788 -42.654648956357 -41.8304870335231
2001 1 -76.1114797611148 6.45340501792102 -0.482078853046599
2001 2 184.150705114713 5.37567277869002 10.0857507754059
2001 3 131.489361702128 -46.220430107527 0.1204933586338
2001 4 -8.92857142857139 -49.37400270453 38.7420554428665
2001 5 -14.2725927437874 -58.02980030722 -18.3855606758832
2001 6 -36.5079365079365 -52.386877394636 -17.3796296296297
2001 7 -42.2027931448025 5.17502986857899 -18.6771206690563
2001 8 20.2870086678712 9.03510436432601 -5.0664136622389
2001 9 78.7274317754863 5.642975734355 -4.9920178799489
2001 10 -24.3002544529262 4.11954459203002 -5.86274509803919
2001 11 -37.8751786565031 8.34813218390799 -13.1970545977012
2001 12 -32.7574750830566 16.089116976214 -10.7363962202672
2002 1 -98.8055739880557 29.356630824373 -11.5465949820788
2002 2 14.4180172595245 -0.232792829775974 4.1849571246123
2002 3 -84.0851063829787 -29.123655913978 -2.5246679316888
2002 4 -32.2023809523809 -33.040669371197 -3.9246112237998
2002 5 83.7781293055059 -67.707219662059 -13.8694316436252
2002 6 -43.7830687830688 47.613122605364 -11.0462962962963
2002 7 34.3959147355797 -1.59916367980898 -2.548088410992
2002 8 -46.3115720009428 49.357685009488 11.707779886148
2002 9 149.764100210804 32.499297573436 14.4562579821201
2002 10 146.71937477281 57.829222011385 24.1372549019608
2002 11 -63.7922820390662 46.348132183908 23.9696120689655
2002 12 -81.7275747508306 49.153633105246 31.3603779732812
2003 1 144.857332448573 41.292114695341 -8.6433691756272
2003 2 241.738581351295 76.447101350118 32.1214650611202
2003 3 61.3191489361703 67.811827956989 26.5075901328273
2003 4 -65.2579365079365 84.459330628803 24.2420554428668
2003 5 -54.8145124253713 75.196006144393 25.0983102918587
2003 6 16.9312169312169 43.779789272031 17.12037037037
2003 7 -5.15687260629042 25.454599761052 5.31212664277199
2003 8 -19.3338046979339 31.615749525617 3.159392789374
2003 9 38.8725567521832 29.809642401022 24.1746487867181
2003 10 66.5394402035623 42.506641366224 7.52435167615441
2003 11 -82.0867079561696 72.641235632184 23.9753591954023
2003 12 -27.6411960132891 58.185891169762 2.1668295861844
2004 1 15.4611811546117 45.001792114696 4.5824372759857
2004 2 118.2277415281 60.942175241744 1.2347655537311
2004 3 676.212765957447 53.134408602151 36.0237191650854
2004 4 0.17857142857147 52.459330628803 11.7420554428668
2004 5 -9.27182732050829 38.099231950845 -6.12749615975421
2004 6 80.026455026455 30.279789272031 4.62037037037
2004 7 23.3935548763975 -22.534647550776 -17.8706690561531
2004 8 53.3191923953177 17.099620493359 -11.840607210626
2004 9 -24.6267907590381 12.809642401022 0.6746487867178
2004 10 -37.8953107960742 44.603415559772 8.3308032890576
2005 5 358.284431290503 31.002457757296 -9.67588325652841
2005 6 -39.6825396825397 36.779789272031 16.953703703704
2005 7 512.650392665093 10.49761051374 9.06481481481499
2005 8 191.324272658234 15.00284629981 14.6110056926
2005 9 5.88387133781697 29.142975734355 9.6746487867178
2005 10 120.147219193021 37.184060721062 18.0082226438963
2005 11 46.7365412101 48.848132183908 2.8029454022988
2005 12 -74.4186046511628 35.927826653633 1.1990876507005
2006 1 -72.1300597213006 44.195340501792 -18.3207885304659
2006 2 -100 57.87567277869 1.7643222039774
2006 3 374.553191489362 63.779569892473 20.7011385199241
2006 4 -16.0119047619047 72.792663962136 18.4087221095335
2006 5 -60.1724753788845 28.099231950845 -12.9016897081413
2006 6 -56.8783068783069 24.446455938697 -14.0462962962963
2006 7 19.9117954272892 7.271804062127 0.355137395459995
2006 8 -28.8606070128578 18.551233396584 9.127134724858
2006 9 1.96033441842444 23.476309067689 13.0079821200511
2006 10 -36.9683751363141 33.958254269449 15.427577482606
2006 11 -93.9018580276322 37.181465517241 -0.863721264367907
2006 12 179.202657807309 37.218149234278 -2.6718800912349
2008 1 -97.2130059721301 57.098566308244 -12.5143369175627
2008 2 -100 77.838726965882 17.0968345192483
2008 3 -13.1914893617021 57.97311827957 4.8946869070209
2008 4 151.289682539683 55.62599729547 10.7420554428668
2008 5 -27.4889013624535 37.454070660522 15.1628264208907
2008 6 -99.0740740740741 37.779789272031 2.95370370370399
2008 7 19.2154435374675 10.49761051374 4.226105137395
2008 8 48.6003090056825 30.164136622391 21.062618595826
2008 9 68.4539601049716 7.14297573435498 13.6746487867181
2008 10 3.66230461650305 34.603415559772 4.13725490196081
2008 11 -80.9433063363506 38.181465517241 10.8029454022988
2008 12 -100 65.927826653633 12.0055392636038
2009 1 -100 79.034050179212 12.6469534050179
2009 2 -100 73.232815635832 19.8000364896916
2009 3 49.0212765957448 58.618279569893 20.3785578747628
2009 4 122.619047619048 66.792663962136 16.0753887762002
2009 5 101.280808286983 32.937941628264 21.9370199692777
2009 6 19.0476190476191 40.446455938697 9.95370370370399
2009 7 -74.0957096986344 39.207287933095 12.93578255675
2009 8 14.855840993008 48.873814041746 12.675521821632
2009 9 -4.85422970473101 28.142975734355 25.3413154533841
2009 10 -18.4296619411124 46.861480075901 35.1049968374451
2009 11 283.039542639352 21.848132183908 2.46961206896549
2009 12 36.6777408637872 13.669762137504 6.0377973281199
