"anio" "mes" "ppAcc" "mTmax" "mTmin"
1970 1 67.4008810572687 -61.720595983841 8.391282711785
1970 2 132.443638248251 -17.428385939305 58.9553857381446
1970 3 -100 -40.568053197509 38.830220713072
1970 4 -100 -46.371398985192 30.146905526216
1970 5 -50.0945810615332 -79.216670319235 -16.333773997959
1970 6 5.02350176263213 -53.551829396657 -5.87217801355699
1970 7 17.9945252845411 -3.00179211469604 -9.87386269644297
1970 8 -100 23.553827444956 2.14432923707101
1970 9 12.9091455073237 8.380874333556 2.79492843966
1970 10 -86.3003272699597 -21.037700783221 7.380774591796
1970 11 -100 -4.77028826856401 58.703721948549
1970 12 -100 60.291725888848 130.601380649281
1971 1 -92.3908690428514 -18.333499209648 58.3267665827523
1971 2 -100 -13.071243082162 69.8482428810016
1971 3 -100 3.94807583474901 66.894736842105
1971 4 -100 8.29526768147499 45.48023885955
1971 5 6.32024034716834 55.91236193883 33.50493567946
1971 6 463.307873090481 -23.38516272999 -11.538844680224
1971 7 8.16164817749602 -37.517921146954 -0.680314309345995
1971 8 38.1489841986455 23.392537122376 -13.01696108551
1971 9 119.812485402556 -50.619125666444 -11.20507156034
1971 10 21.9270872973591 -1.68286207354299 33.025935882119
1971 11 -100 -2.80362160189803 64.370388615216
1971 12 -100 12.711080727558 99.1497677460551
1972 1 -16.2995594713657 -81.39801533868 4.6170891633979
1972 2 -59.5750194350868 -40.454248008271 28.2411000238586
1972 3 -93.0198383541514 -24.761601584606 37.056027164685
1972 4 -61.9127830806662 25.961934348141 49.146905526216
1972 5 60.5652609324583 -47.797315480525 5.92429051817
1972 6 50.8519388954171 -13.051829396657 -0.205511346890006
1972 7 5.35225471834028 -24.13082437276 -1.16418527708799
1972 8 -67.4943566591422 -10.801011264721 -16.404057859703
1972 9 -15.9187214307164 -11.952458999777 2.12826177299299
1972 10 -78.0805236319354 -14.102216912253 37.219484269216
1972 11 130.284514034753 -40.303621601898 28.870388615216
1972 12 -90.3199784888411 -34.546983788571 8.0207354879907
1973 1 86.4237084501401 -48.494789532228 -15.866781804344
1973 2 97.0717802539517 -47.714100225019 -9.2231856904271
1973 3 -100 28.786785512168 25.120543293718
1973 4 -44.6004117536963 -24.204732318525 3.64690552621601
1973 5 -32.7361744742404 -0.53925096439599 0.279129227847008
1973 6 451.850763807285 -32.218496063324 1.79448865310999
1973 7 -22.7416798732171 -31.55017921147 0.12613730355703
1973 8 101.805869074492 -23.220366103431 -4.791154633897
1973 9 52.5474625471289 -2.11912566644401 2.46159510632598
1973 10 -26.0217672577821 -14.424797557414 10.76787136599
1973 11 -100 28.863045064769 18.770388615216
1973 12 -61.2799139553645 23.033661372719 5.3110580686359
1974 1 -88.5863035642771 21.505210467772 9.9396698085592
1974 2 -100 -1.99981451073402 3.2411000238586
1974 3 -100 15.722269383136 23.507640067911
1974 4 -79.2251544076361 7.46193434814099 20.313572192883
1974 5 -78.301991765884 50.91236193883 36.569451808492
1974 6 -35.0763807285547 27.11483727001 9.62782198644298
1974 7 -91.5718196225328 33.611111111111 10.287427626137
1974 8 -100 4.36027905785899 -6.08147721454202
1974 9 -18.321043675553 12.714207666889 8.62826177299301
1974 10 -61.640916355887 -16.682862073543 -5.522451214655
1974 11 -58.755012411686 -26.636954935231 -6.12961138478399
1974 12 -61.2799139553645 -47.127628949862 4.1497677460552
1975 1 -54.3452142571085 5.05359756454599 29.2945085182367
1975 2 6.11557398289706 10.143042632124 45.9196714524296
1975 3 -86.0396767083027 -21.697085455574 36.249575551782
1975 5 -100 29.622039358185 24.795258260105
1975 6 -100 26.61483727001 12.29448865311
1975 7 133.179657109926 -13.969534050179 -11.809346567411
1975 8 197.968397291196 -31.123591909883 -4.62986431131601
1975 9 57.3521070368022 -26.452458999777 -3.538404893674
1975 10 -60.270949082883 -12.489313686446 18.671097172442
1975 11 -100 -38.136954935231 32.537055281883
1975 12 243.64076364614 -25.192145078894 13.0207354879907
1976 1 -61.9543452142571 -22.333499209648 -15.0603301914408
1976 2 -89.8937548587717 33.511269233109 1.3445482997207
1976 3 -58.1190301249081 -12.019666100735 25.60441426146
1976 4 350.121654501218 -30.471398985192 39.813572192883
1976 5 64.9048625792815 -56.313444512783 -7.94667722376602
1976 6 -36.9858989424207 18.781503936676 22.79448865311
1976 7 509.638380636796 -95.55017921147 -29.228701406121
1976 8 -97.2911963882619 -14.188108038915 -4.952444956477
1976 9 -63.3645857662407 -49.585792333111 -1.20507156034002
1976 10 -27.3917345307862 -25.940926589672 12.703355236958
1976 11 896.753866717588 -126.770288268564 -50.2962780514507
1976 12 108.120462489916 -83.159887014378 -5.8502322539448
1977 1 -8.6904285142171 -81.172208887067 -9.7377495462795
1977 2 -34.3094065820161 -67.678385939305 15.5625285952872
1977 3 -100 -24.922891907187 44.959252971137
1977 4 -23.8255661613324 -50.838065651859 34.48023885955
1977 5 -86.9811950595304 -8.28118644826699 33.182355034299
1977 6 -61.8096357226792 -3.05182939665698 -0.0388446802239883
1977 7 -100 0.546594982078972 12.222911497105
1977 8 -48.5327313769752 -0.478430619560015 13.434651817716
1977 9 -50.7523939808482 -15.83341138073 -7.22888108415003
1977 10 -26.0217672577821 -7.00544271870399 -3.58696734368699
1977 11 -100 15.029711731436 -3.62961138478399
1977 12 -75.7999462221028 -9.48246765953897 -17.3018451571706
1978 1 -58.1497797356828 -29.430273403196 -25.7054914817633
1978 2 -79.7875097175434 -41.464100225019 -21.0446142618557
1978 3 -100 -28.761601584606 -22.782682512734
1978 4 -41.1379374883023 0.12860101480797 5.98023885955001
1978 5 -86.9811950595304 14.783329680765 23.666226002041
1978 6 -54.1715628672151 30.281503936676 9.79448865310999
1978 7 -97.1906065408443 18.28853046595 8.67452440033102
1978 8 97.7426636568847 -15.317140296979 -13.17825140809
1978 9 18.9149511194154 -32.752458999777 5.69492843966
1978 10 -41.0914072608265 -29.424797557414 14.154968140184
1978 11 -7.19877792629353 1.19637839810199 26.703721948549
1978 12 -90.3199784888411 3.71108072755803 25.1175096815391
1979 1 -58.1497797356828 -24.139950822551 -27.4796850301504
1979 2 -84.8406322881576 -4.07124308216201 -19.7946142618557
1979 3 193.166789125643 -5.084182229768 -2.621392190153
1979 4 -34.2129889575143 18.295267681475 9.64690552621601
1979 5 -71.7925892956492 33.976878067862 0.601709873008005
1979 6 33.6662749706227 17.11483727001 -1.872178013557
1979 7 -100 49.578853046595 30.287427626137
1979 8 -85.1015801354402 29.198988735279 15.531426011265
1979 9 -42.3442661239198 24.447541000223 -1.038404893674
1979 10 -100 41.059073410328 -14.393418956591
1979 11 -27.8212717204505 -0.636954935231024 -7.4629447181173
1979 12 311.400914224252 -7.12762894986199 -1.0115225765254
1980 1 -100 26.02133950003 23.9719278730754
1980 2 61.6999222596527 -17.350799732408 -0.034762045106902
1980 3 -100 38.786785512168 8.34634974533101
1980 4 -100 1.62860101480799 -13.51976114045
1980 5 4.15043952375674 28.815587745281 18.988806647202
1980 6 -100 52.61483727001 30.127821986443
1980 7 -100 58.1272401433689 36.093879239041
1980 8 207.44920993228 -3.70423707117304 10.047555043523
1980 9 -44.1460078075473 43.547541000223 19.128261772993
1980 10 -9.58215998173371 10.091331474844 -5.845031859816
1980 11 20.2978804659158 -1.636954935231 -28.629611384784
1980 12 -41.9198709330468 -5.19214507889398 1.0529935525068
1981 1 223.388065678814 -30.39801533868 -10.5442011591827
1981 2 31.3811868359678 -17.892671653591 -5.33032854757001
1981 3 144.305657604702 -30.987408036219 -16.008488964347
1981 4 436.683511136067 -36.704732318525 -4.186427807117
1981 5 59.6973406030937 -26.668283222461 -17.624096578605
1981 6 203.6133960047 -23.718496063324 -7.87217801355702
1981 7 -28.3604667915286 -5.90501792114701 -8.74483043837898
1981 8 111.286681715575 4.84415002560098 -10.436315924219
1981 9 -45.3471689299656 -3.919125666444 -5.70507156034001
1981 10 -23.2818327117741 10.091331474844 3.509806849861
1981 11 -100 45.529711731436 -20.9629447181173
1981 12 -90.3199784888411 45.323983953364 -1.0115225765254
1982 1 -100 50.698758854868 -12.6409753527311
1982 2 -59.5750194350868 -13.428385939305 -28.3660428332843
1982 3 -37.1785451873622 22.335172608942 -13.105263157895
1982 4 52.3488676773353 12.795267681475 0.646905526216006
1982 5 131.300767775676 -36.50699289988 -14.398290126992
1982 6 -54.1715628672151 -1.88516272999003 -1.20551134689002
1982 7 5.35225471834028 6.83691756272395 -0.841604631926991
1982 8 -28.2167042889391 6.29576292882696 -0.275025601638994
1982 9 -52.5541356644757 14.247541000223 -1.70507156034002
1982 10 -76.7105563589314 3.15584760387598 -15.683741537236
1982 11 -0.324613328241203 -9.30362160189802 -30.9629447181173
1982 12 35.5203011562242 5.77559685659001 -13.2695870926544
1983 1 173.928714457349 -17.494789532228 -19.5764592236988
1983 2 127.390515677637 8.03589977498099 -16.9374714047128
1983 3 67.5238795003674 7.98033389926502 -29.0730050933791
1983 4 -100 -8.20473231852503 -42.853094473784
1983 5 333.96016468232 9.29945871302301 -14.07570948183
1983 6 -69.4477085781434 -2.05182939665697 -13.70551134689
1983 7 74.1823944676559 -25.743727598566 -17.131927212572
1983 8 40.8577878103836 4.84415002560098 -8.01696108551003
1983 9 -9.31233525741552 -0.752458999777019 -10.20507156034
1983 10 -16.4319963467539 0.736492765165977 -11.006322182397
1983 11 -100 44.363045064769 -10.9629447181173
1983 12 -100 -28.041607444485 -46.3824903184609
1984 1 854.945935122146 -56.720595983841 -23.2861366430537
1984 2 -74.7343871469293 7.30437268138498 -26.9313137692449
1984 5 140.847891398687 9.944620003346 -15.043451417314
1984 6 -30.8754406580494 -22.38516272999 -14.538844680224
1984 7 114.918599625414 2.48207885304595 -3.58354011579799
1985 1 253.824589507409 -36.881886306422 -36.0280721269246
1985 2 -14.0969162995595 -25.571243082162 -29.9731856904271
1985 3 -16.2380602498163 -2.34224674589697 -0.363327674023992
1985 4 -9.97566909975644 2.62860101480797 -11.853094473784
1985 5 23.6786469344611 -0.216670319234993 -9.39829012699199
1985 6 -15.9811985898943 2.28150393667597 -10.538844680224
1985 7 -8.69471257743842 2.80465949820794 -11.164185277088
1985 8 -86.4559819413093 14.682859703021 0.0475550435229977
1985 10 -64.3808509018951 14.607460507102 -0.683741537235996
1985 12 -51.5998924442056 -7.12762894986199 -36.1728128991061
1986 1 -100 30.537468532288 -23.7054914817633
1986 2 -89.8937548587717 28.893042632124 -13.9017571189985
1986 3 -100 9.431946802491 -27.782682512734
1986 4 21.1865992887894 22.961934348141 11.813572192883
1986 5 -76.1321909424724 3.49300710012002 -2.46280625602399
1986 6 -2.61457109283203 -16.88516272999 -13.472178013557
1986 7 -78.929549056332 -0.421146953405014 -9.55128205128197
1986 8 -78.3295711060948 12.908666154634 5.37013568868399
1986 9 -12.3152380634614 15.880874333556 14.128261772993
1986 10 735.680036532461 -12.811894331608 -5.199870569494
1986 11 -31.2583540194767 -0.970288268564019 -6.12961138478399
1986 12 417.881150847 -38.256661207926 -0.688941931364102
1987 1 -1.08129755706852 -4.78511211287302 -31.8345237398279
1987 2 172.868618813164 -19.856957367876 -16.9374714047128
1987 3 -2.277736958119 -41.374504810413 -42.298811544992
1987 4 190.847838293095 -30.371398985192 -49.353094473784
1987 5 -32.7361744742404 -9.89408967407297 -13.269257868927
1987 6 -50.352526439483 -5.21849606332403 -1.53884468022401
1987 7 58.7307304422994 -4.61469534050202 -8.09966914805599
1987 8 -48.5327313769752 12.5860855094719 7.78949052739399
1987 9 -13.5163991858797 -1.78579233311101 -5.20507156034
1987 10 -61.640916355887 2.18810566839199 -18.586967343687
1987 11 -79.377506205843 -9.47028826856403 -26.629611384784
1987 12 -27.3998386663085 9.80785492110602 -10.3663612862028
1988 1 -77.1726071285543 -36.075434693519 -29.8990398688601
1988 2 -19.1500388701737 -17.005972146202 -24.6899344589
1988 3 -58.1190301249081 -2.18095642331598 -27.298811544992
1988 4 10.7991764926075 -3.704732318525 -18.01976114045
1988 5 14.9994436408147 -18.442476770848 -10.043451417314
1988 6 -36.9858989424207 -5.05182939665701 -9.372178013557
1988 7 -85.9530327042213 -0.421146953405014 3.83581472291201
1988 8 225.056433408578 -4.18810803891503 -3.33954173067102
1988 9 180.471122084682 -0.285792333111026 -5.20507156034
1989 1 -58.1497797356828 31.18262982261 16.7138633569463
1989 2 11.1686965535112 -15.928385939305 -34.4374714047128
1989 3 -100 -5.084182229768 -37.6213921901533
1989 4 3.8742279618195 16.628601014808 -14.186427807117
1989 5 -84.8113942361188 25.428490971088 6.73074213107299
1989 6 -36.9858989424207 15.281503936676 -1.038844680224
1989 7 -100 7.64336917562694 -1.48676592224998
1989 8 51.6930022573362 -13.381656426012 -0.436315924218995
1989 9 1.49811484434952 8.714207666889 -14.20507156034
1989 10 -100 9.12358953936 -36.490193150139
1989 11 -65.6291770097383 23.529711731436 -14.9629447181173
1989 12 408.201129335841 -32.288919272442 -52.4631354797512
1990 1 -46.73608329996 29.085855629062 0.262250453720503
1990 2 41.4874319771961 21.750185489266 -11.58032854757
1990 3 -26.0102865540044 -18.955149971703 -13.266553480476
1990 4 211.622683885458 -17.038065651859 -16.353094473784
1990 5 -67.452987648826 11.234942583991 3.182355034299
1990 6 -100 21.781503936676 12.461155319776
1990 7 -49.4309177351967 5.38530465949798 -2.45450785773297
1990 9 -0.303626839277988 -14.119125666444 -2.53840489367402
1990 10 169.883552781795 -8.77963626709199 -26.974064117881
1990 11 -82.8145885048692 4.36304506476898 -15.7962780514507
1990 12 -90.3199784888411 19.162693630783 -26.4953935442674
1991 1 -69.5634761714057 9.408436274223 -10.866781804344
1991 2 -74.7343871469293 1.75018548926598 -13.9017571189985
1991 3 -100 35.883559705716 -4.39558573853999
1991 4 -82.6876286730301 26.128601014808 -9.85309447378398
1991 5 -91.3207967063536 6.07365226140999 4.31138729236299
1991 6 425.117508813161 -10.051829396657 -2.37217801355701
1991 7 -45.2168275464631 10.702508960573 4.91645988420203
1991 11 99.3507733435176 -8.97028826856403 -5.46294471811729
1991 12 110.056466792148 -25.837306369217 29.6336387137972
1992 2 65.742420316144 9.20092440552299 4.1031689893758
1992 3 -79.0595150624541 43.544850028297 13.29258630447
1992 4 131.985775781397 23.795267681475 -25.186427807117
1992 5 140.847891398687 -7.95860580310599 -35.849903030217
1992 6 -47.6792009400705 11.448170603343 -5.20551134689001
1992 7 -68.5347932574557 6.19175627240097 -2.777088502895
1992 8 -67.2234762979684 -4.34939836149503 -11.629864311316
1992 9 16.0321644256114 10.547541000223 -0.705071560340009
1992 10 -15.8840094375523 15.413912120005 -17.135354440462
1992 11 -10.6358602253197 -15.636954935231 -6.79627805145069
1992 12 120.704490454422 8.678822663042 5.4400903267004
1993 1 -30.756908289948 0.537468532288017 16.2299923892044
1993 2 -69.6812645763151 -7.17838593930502 6.45538573814429
1993 3 -12.0499632623071 -2.01966610073498 -4.879456706282
1993 4 21.1865992887894 3.12860101480798 -6.51976114044999
1993 5 90.5085122955384 -14.732799351493 -21.978935288282
1993 6 71.4747356051703 -28.551829396657 -6.53884468022401
1993 7 -100 -8.00179211469604 -4.38999172870098
1993 8 -68.0361173814899 -0.478430619560015 -3.98470302099302
1993 9 9.06542991558504 -4.45245899977703 -3.37173822700702
1993 10 -74.2446152675242 -1.037700783221 2.54206491437701
1993 11 -24.3841894214244 -1.30362160189801 -0.462944718116987
1993 12 -100 11.904629114654 37.0529935525071
1994 1 -45.9751702042451 11.827791112933 24.6170891633979
1994 2 -84.8406322881576 4.60732834640897 10.7411000238586
1994 3 172.226304188097 4.431946802491 -0.0407470288629952
1994 4 -72.3002058768481 6.79526768147497 -4.51976114044999
1994 5 -63.1133860020028 -12.797315480525 3.50493567946
1994 6 -71.3572267920094 11.448170603343 -4.53884468022402
1994 7 -89.3243048552082 21.998207885304 4.319685690654
1994 8 -63.7020316027088 -0.478430619560015 0.53142601126499
1994 9 -60.4817990724367 11.880874333556 -0.705071560340009
1994 10 -22.4598523479716 7.67197663613398 12.219484269216
1994 11 -51.8808478136337 25.363045064769 40.537055281883
1994 12 66.4963699919326 1.90462911465403 33.8271871008939
1995 1 -84.7817380857029 17.311662080675 15.9074117440431
1995 2 -19.1500388701737 27.464471203552 15.7411000238586
1995 3 -55.3269654665687 -5.89063384267099 0.281833616298002
1995 4 -88.2275874976605 12.795267681475 2.81357219288301
1995 5 8.49004117057994 9.13816839044301 10.279129227847
1995 6 -77.0857814336075 -6.21849606332397 3.127821986443
1995 7 -32.0126782884311 14.256272401434 7.86807278742803
1995 8 144.334085778781 -15.962301587302 4.40239375319997
1995 9 -48.3500717360115 9.214207666889 5.628261772993
1995 10 -56.1610472638709 28.639718571618 9.31625846276399
1995 11 -11.3232766851249 23.363045064769 23.203721948549
1995 12 23.9042753428336 15.130435566267 16.7304129073456
1996 1 40.7689227072486 34.408436274223 13.3267665827528
1996 2 -100 26.442303715867 13.0686862307551
1996 3 -100 -7.82611771363797 -16.81494057725
1996 4 -89.6125772038181 14.795267681475 -10.51976114045
1996 5 -34.905975297652 11.07365226141 8.343645356879
1996 6 -56.0810810810811 11.448170603343 -0.538844680223995
1996 7 -98.3143639245066 13.933691756272 8.83581472291201
1996 8 182.528216704289 -14.671979006657 0.208845366102999
1996 9 -87.748156551333 21.214207666889 13.29492843966
1996 10 35.6267600273994 20.897783087747 2.54206491437701
1996 11 -18.8848577429825 20.363045064769 8.20372194854901
1996 12 -87.4159720354935 38.35624201788 10.601380649281
1997 1 -70.3243892671206 5.05359756454599 2.3590246472689
1997 2 45.5299300336874 -14.321243082162 0.741100023858596
1997 3 793.460690668626 17.657753254103 1.24957555178201
1997 4 449.840913344565 -32.204732318525 -23.853094473784
1997 5 138.678090575276 -18.603767093428 -15.204741739895
1997 6 -90.4524089306698 -7.88516272998997 0.461155319775983
1997 7 -48.0262210056188 17.159498207885 2.384201819686
1997 8 -100 19.844150025601 8.27336149513599
1997 9 -21.0837142571152 27.214207666889 5.96159510632599
1997 10 26.8589694801736 8.639718571618 -4.554709279171
1997 11 54.6687034561774 6.02971173143597 -1.12961138478399
1997 12 -9.0077977951066 -0.676016046635972 -7.7857161249125
1998 1 -100 55.053597564546 23.9719278730754
1998 2 134.464887276496 36.393042632124 5.0268143095729
1998 3 -14.8420279206466 -8.79385964912199 -14.879456706282
1998 4 -100 16.795267681475 -15.51976114045
1998 5 -90.0189162123066 43.009136132378 4.15009696978299
1998 6 -87.7790834312574 33.781503936676 13.79448865311
1998 7 -100 27.8046594982079 10.448717948718
1998 8 120.225733634311 6.61834357398796 6.98303891448997
1998 9 63.7182609856194 15.214207666889 13.961595106326
1998 10 -29.3096887129918 0.575202442586011 12.542064914377
1998 11 -36.0702692381133 16.696378398102 27.203721948549
1998 12 -94.1919870933047 22.625059222181 4.1175096815391
1999 1 -100 56.02133950003 11.391282711785
1999 2 -27.2350349831563 45.678756917838 12.5268143095729
1999 3 -55.3269654665687 21.528720996039 9.959252971137
1999 4 -76.4551749953209 27.795267681475 17.48023885955
1999 5 -67.8869478135083 9.78332968076501 4.47267761494398
1999 6 64.9823736780258 -1.21849606332397 0.127821986442989
1999 7 1.70004322143783 -8.32437275985704 -6.32547559966898
1999 8 -87.2686230248307 17.908666154634 4.07981310803898
1999 9 -29.0113776650763 15.880874333556 -0.03840489367402
1999 10 -85.2043534515564 24.768750829683 -23.909547988849
1999 11 -77.3152568264273 32.696378398102 -18.4629447181173
1999 12 -12.8798063995702 18.625059222181 -117.215823651794
2000 1 -90.1081297557068 40.860049177449 11.0687020666238
2000 2 -35.3200310961389 42.107328346409 15.7411000238586
2000 3 -31.5944158706833 27.657753254103 13.830220713072
2000 4 -100 19.404463083774 -11.186427807117
2000 5 -66.1511071547791 17.202684519475 -5.52732238505602
2000 6 3.8777908343125 -16.20700181045 -7.21700559976401
2000 7 -100 24.578853046595 0.12613730355703
2000 8 -40.4063205417608 0.48931131592397 -4.30728366615501
2000 9 -0.663975176003486 25.742943299073 -0.820014089076011
2000 10 56.7242560316616 -33.424797557414 -8.74825766626799
2000 11 21.6727133855263 -20.223161831783 -12.3709906951288
2000 12 -84.5119655821458 -11.374940777819 -25.8824903184609
2001 1 -13.2559070885062 -10.107692758035 -2.8022656753117
2001 2 155.688002073076 0.784577023657995 10.4633222460808
2001 3 195.958853783982 -26.213214487832 -21.9762308998307
2001 4 -80.6101441137937 -7.49208864036401 7.089434261849
2001 5 -100 -3.76505741600901 -10.688612707637
2001 6 -86.2514688601645 10.344722327481 -2.73424697907402
2001 7 -41.8455553954762 8.772401433692 -2.45450785773297
2001 8 -18.7358916478556 6.29576292882696 2.466909882232
2001 9 -28.1705648793834 -4.60188428713401 -2.54415202011
2001 10 -60.5449425374838 3.801008894199 2.54206491437701
2001 11 71.8541149513083 -0.56798941799002 8.663492063492
2001 12 -32.2398494218879 3.19495169530001 10.6336387137972
2002 1 -100 26.666500790352 6.875153679527
2002 2 -100 -13.249814510734 -16.7588999761414
2002 3 -100 11.206140350878 -15.202037351444
2002 4 -100 12.795267681475 12.146905526216
2002 5 11.0938021586739 5.267200648507 4.47267761494398
2002 6 19.9177438307872 0.781503936675989 -0.538844680223995
2002 7 159.307016280075 -27.679211469534 -10.196443341604
2002 8 -38.7810383747179 -4.02681771633404 2.14432923707101
2002 9 37.1726001801741 -4.78579233311102 -11.371738227007
2002 10 55.9022756678591 -6.52157175096299 20.606581043409
2002 11 -22.3219400420087 -7.30362160189802 -15.4629447181173
2002 12 -100 10.614306534009 1.5691225847649
2003 1 6.52783340008005 -11.075434693519 -0.5442011591827
2003 2 157.709251101321 -3.24981451073402 -1.04461426185571
2003 3 226.671565025716 -2.34224674589697 -3.589134125637
2003 4 -91.6900617630544 -3.31584342963602 -2.667909288598
2003 5 13.6975631467678 13.331716777539 15.440419550428
2003 6 -68.3019976498238 -5.55182939665698 5.46115531977598
2003 7 -57.0162800749172 -15.098566308244 -4.38999172870098
2003 8 25.68848758465 -3.70423707117304 -2.371799795187
2003 9 -10.1531480431084 -15.636367045754 3.66274453161399
2003 10 126.318593500267 -8.77963626709199 -3.909547988849
2003 11 116.536184838648 -10.303621601898 11.870388615216
2003 12 -41.9198709330468 6.74333879207403 -22.6244258023319
2004 1 20.9851822186624 -2.68833791932501 18.4880569053334
2004 2 18.243068152371 -10.109420422064 -11.0692448037276
2004 3 106.61278471712 -17.503537068477 15.120543293718
2004 4 -18.285607336702 -34.871398985192 -12.51976114045
2004 5 -89.150995882942 -33.119896125686 -6.49506432054
2004 6 -72.8848413631023 -16.88516272999 0.461155319775983
2004 7 28.6702204293329 -2.84050179211505 1.41645988420201
2004 8 -66.6817155756208 -8.54294674859204 2.14432923707101
2004 9 -2.10536852290549 -12.785792333111 -3.70507156034002
2004 10 -93.1501636349798 26.059073410328 22.542064914377
2004 11 35.4210425816309 2.02971173143599 0.53705528188301
2004 12 -100 2.22720975981602 -13.914748382977
2005 1 20.9851822186624 18.60198466132 22.3590246472689
2005 2 304.249805649132 -17.535528796448 1.0982428810015
2005 3 -55.3269654665687 13.464204867007 -9.718166383702
2005 4 -80.6101441137937 -2.20473231852502 -16.51976114045
2005 5 128.2630466229 -31.829573545041 -20.688612707637
2005 6 -100 -0.551829396656984 1.127821986443
2005 7 387.148825817605 -9.61469534050202 2.061621174525
2005 8 -100 -18.542946748592 -2.694380440348
2005 9 -30.6930032364619 13.880874333556 3.961595106326
2005 10 173.993454600807 -12.650604009027 -4.87728992433299
2005 11 -91.7510024823372 13.363045064769 -13.7962780514507
2005 12 -100 13.517532340461 -4.8824903184609
2006 1 -61.9543452142571 56.666500790352 -1.1893624495053
2006 2 -86.8618813164032 15.321614060695 -7.47318569042711
2006 3 94.0484937545923 8.62549518958701 10.926994906621
2006 4 -15.5156279243868 19.059635497567 21.917020468745
2006 5 9.7919216646269 1.31021140119501 -9.16173098720702
2006 6 -92.3619271445359 -5.17251905182903 -9.28597111700501
2006 7 -3.6378043509581 -6.388888888889 -4.38999172870098
2006 8 -80.7674943566592 0.48931131592397 4.72497439836101
2006 9 13.7499582930166 1.54754100022299 -2.03840489367401
2006 10 -78.3545170865362 7.02681534581199 7.380774591796
2006 11 -75.9404239068168 10.029711731436 -14.129611384784
2008 1 -10.2122547056468 9.758825595692 -19.509718400562
2008 2 -79.7875097175434 61.750185489266 -2.83032854757001
2008 3 -100 19.711516694964 -30.3740803621963
2008 4 -100 10.461934348141 -6.85309447378399
2008 5 25.8484477578727 16.939841030825 -2.79136061683602
2008 6 -100 2.73388488905702 3.127821986443
2008 7 158.183258896413 -36.797491039427 -9.25020678246497
2008 8 -35.5304740406321 -10.351702508961 7.754928315412
2008 9 155.366854626139 -17.156162703481 -12.556923412192
2008 10 -36.159525078012 -12.949289791584 -26.418508562325
2008 11 -100 5.577330779055 -21.2010399562126
2008 12 -100 33.050346578503 -20.7445592839781
2009 1 -50.5406487785343 36.989081435514 -1.8345237398279
2009 2 -79.7875097175434 45.421614060695 -6.55889997614141
2009 3 -13.4459955914768 -1.37450481041299 -17.137521222411
2009 4 -89.6125772038181 17.461934348141 3.48023885955001
2009 5 -37.0757761210636 0.130724221708007 6.58185875638299
2009 6 -57.9905992949471 6.89644646541197 5.19678750368399
2009 7 -15.7181962253278 26.86917562724 16.083126550869
2009 8 -37.6975169300226 9.19898873527899 12.466909882232
2009 9 -51.9535551032665 -10.674681222 5.40603955077099
2009 10 7.40543420351633 5.198858356564 3.85926921545201
2009 11 126.847431735727 7.36304506476898 -18.3438970990697
2009 12 -3.19978488841128 -10.958274111152 -11.9658236517942
