"anio" "mes" "ppAcc" "mTmax" "mTmin"
1970 1 -66.6723636985131 29.089330024814 32.0369451337193
1970 2 546.942800788955 39.120514408627 18.1613876645636
1970 3 -87.8257155061939 -20.69298245614 6.90959252971199
1970 4 -64.0758342276049 -16.233454325469 8.46209921355097
1970 5 -12.2011119828086 -33.051938050826 -27.027751632868
1970 6 -72.1128827807058 -1.673735344108 -43.277993835163
1970 7 157.088423176062 -11.642255158384 -8.30049404243002
1970 8 -53.3848847388387 -12.245032546451 -47.381735879372
1970 9 113.221545328428 -37.761018062397 -44.252545155993
1970 10 -71.9456229976622 16.553392658509 1.62943393894501
1970 11 -100 -46.454022988506 -0.471575023299007
1970 12 -100 18.809847198641 68.3955857385395
1971 1 -100 6.83126550868497 73.488558036945
1971 2 -100 -1.41519987708701 83.3399590931356
1971 3 -71.5933361811192 13.339275608376 99.812818336163
1971 4 -94.1744596044765 39.933212341197 79.795432546884
1971 5 -52.1096974451684 17.593223239497 33.294829012293
1971 6 9.64707452131567 -70.673735344108 -5.11132716849602
1971 7 -7.39287982367659 -31.480964835804 -27.010171461785
1971 8 -46.1628246279545 -49.347368475261 -39.161491163021
1971 9 7.66632486881017 -27.761018062397 -19.752545155993
1971 10 16.3737120096978 -13.769187986652 20.016530713138
1971 11 -96.8273023495112 8.379310344827 30.528424976701
1971 12 -14.291572688128 27.035653650254 28.3955857385399
1972 1 -58.3404546231413 -45.426799007444 12.8433967466225
1972 2 -48.7179487179487 -56.815446182506 17.5271512113616
1972 3 74.4980777445536 -31.338143746463 38.683786078099
1972 4 -74.755991619398 -57.733454325469 18.795432546884
1972 5 86.9052085820513 -102.406776760503 -57.189041955449
1972 6 -13.1696577490159 3.54848687811497 -13.722438279607
1972 7 32.8290186409654 -11.642255158384 -38.623074687591
1972 8 -90.808287131602 13.561419066452 -37.865606847114
1972 9 -30.1928142027061 40.238981937603 17.247454844007
1972 10 22.8158282102346 7.843715239155 30.822982326041
1972 11 -15.9235122620476 -43.620689655173 7.02842497670099
1972 12 -66.8853803567767 -11.835314091681 -14.346349745331
1973 1 91.6339087335498 -33.168734491315 4.7788806175903
1973 2 213.609467455621 -58.379485591373 -12.7314694782934
1973 3 -100 5.27475947934402 19.00636672326
1973 4 -80.5815320149215 -27.066787658803 -11.371234119782
1973 5 38.3497629361803 -19.01967998631 -2.834203245772
1973 6 598.445526719595 -48.840402010774 -12.611327168496
1973 7 -12.9216631177854 -37.932577739029 2.183376925312
1973 8 129.79282170995 -53.696645449677 -12.220445556792
1973 9 40.3884432112917 -18.427684729064 9.08078817734001
1973 10 53.7795480128149 -23.446607341491 10.822982326041
1973 11 -31.7870005144915 10.545977011494 25.028424976701
1973 12 26.6147221652654 10.745331069609 -15.1528013582343
1974 1 -38.3438728422492 9.734491315137 13.4885580369451
1974 2 -100 11.97765726577 -27.7314694782934
1974 3 -4.63477146518584 8.82314657611801 23.199915110357
1974 4 -96.1163064029843 -0.733454325468976 -2.70456745311602
1974 5 29.7029027526691 0.0125780782060048 16.843216109067
1974 6 -41.6905730869304 -14.507068677441 -7.27799383516302
1974 8 -60.6069448497228 3.07754809871 4.23116734643401
1974 9 54.8143233407728 -26.427684729064 -9.58587848932702
1974 10 -61.5551129967963 -21.511123470523 -3.37056606105499
1974 11 -92.0682558737781 -17.120689655173 5.028424976701
1974 12 -76.6249743694895 -24.738539898133 5.169779286927
1975 1 4.98205434968383 10.702233250621 2.5208161014612
1975 2 -13.2149901380671 -3.73662844851602 -1.12432662115049
1975 3 -19.64972234088 11.72637238257 6.74830220713099
1975 4 -29.1225918544636 0.266545674531002 15.295432546884
1975 5 37.0194767541017 -14.826131599213 13.939990302615
1975 6 -69.5776903062246 -11.840402010774 2.38867283150398
1975 7 137.737681646681 -32.448706771288 -9.10694565533301
1975 8 12.9267580974613 -39.50309706258 -0.607542330984998
1975 9 37.5736373323685 -44.761018062397 -17.252545155993
1975 10 -81.2970819984414 -12.478865406007 -6.273791867507
1975 11 -100 7.545977011494 -12.638241689966
1975 12 102.583555464425 -11.835314091681 -11.6044142614601
1976 1 -80.0034182191078 -10.588089330025 -25.543700027571
1976 2 -86.9822485207101 29.046622783011 -22.1280212024313
1976 3 23.771892353695 -18.563950198076 8.683786078099
1976 4 197.1025601717 -31.066787658803 6.62876588021799
1976 5 103.533785858035 -56.116454179858 -20.576138729643
1976 6 -77.1832677296684 -13.840402010774 -5.27799383516303
1976 7 245.963614628862 -56.964835803546 -9.42952630049401
1976 8 -36.9711117595565 -26.599871256128 -5.76883265356599
1976 9 -40.1853750728832 -13.761018062397 6.08078817734
1976 10 -7.52446099229374 -58.446607341491 -26.273791867507
1976 11 358.454810495627 -83.120689655173 -37.6382416899657
1976 12 19.9917982366208 -45.351443123939 0.00848896434639812
1977 1 -41.6766364723979 -61.846153846154 -11.3501516404743
1977 2 26.232741617357 -21.915199877087 -10.9457551925791
1977 3 -35.070482699701 -5.854272778721 -16.477504244482
1977 4 6.80157391793149 -36.066787658803 -15.037900786449
1977 5 -58.0959852645223 -29.342260631471 11.681925786486
1977 6 -6.8316765628127 -13.1737353441081 5.05533949817
1977 7 -96.544510441182 4.32548677709896 6.37692531240898
1977 8 -23.8400933761308 4.69045132451697 14.231167346434
1977 9 -27.1668978828637 11.772315270936 22.914121510673
1977 10 25.7251710104771 -24.414349276974 18.887498455074
1977 11 -55.5822328931572 6.21264367816103 -6.638241689966
1977 12 -66.8853803567767 24.777589134125 -14.6689303904923
1978 1 -12.3483165270894 -41.523573200992 -25.0598290598291
1978 3 -100 0.436049801924021 -27.4452461799656
1978 4 46.6094332873423 2.43321234119701 12.295432546884
1978 5 -1.55882252617939 14.528707110464 15.875474173583
1978 6 -15.4513309760491 4.82626465589199 7.55533949817
1978 7 6.0144196645374 13.519035164196 11.215634989828
1978 8 -12.2847971987161 -0.470838998064025 9.87632863675703
1978 9 137.147395299275 -37.261018062397 16.08078817734
1978 10 64.5856784137154 -51.478865406007 6.30685329378302
1978 11 -11.7990053164122 -30.754022988506 33.195091643368
1978 12 -17.0186590116876 -8.41595925297202 6.9439728353141
1979 1 -38.6771492052641 -43.007444168734 -19.4146677695065
1979 2 -44.7731755424063 -21.593771305659 -22.0171837640077
1979 3 -61.0422896198206 -18.757498585172 6.58701188455
1979 4 18.4526547089786 -14.233454325469 16.462099213551
1979 5 -66.7428454480336 -16.7293574056649 3.77869998003501
1979 6 107.251984788845 -22.3404020107741 -3.94466050183002
1979 7 -6.42534274720753 2.55129322871198 12.183376925312
1979 8 -56.6676393346951 -4.01922609483798 5.03761895933703
1979 9 -57.7779118161529 8.238981937603 -31.085878489327
1979 10 -100 70.263070077864 -5.78992089976499
1979 11 -28.6143028640027 13.045977011494 -20.6382416899657
1979 12 213.61492720935 -22.641765704584 -1.6044142614601
1980 1 -28.3455819518031 1.54094292804 10.2627515853322
1980 2 -56.6074950690335 -18.815446182506 -16.4383660300175
1980 3 -93.912857753097 -4.40265987549498 -4.703310696095
1980 4 -92.2326128059686 0.333212341197004 -13.371234119782
1980 5 104.864072040113 5.496449045948 1.03676449616401
1980 6 -94.9296150510374 28.826264655892 21.55533949817
1980 7 -57.8430273824199 19.809357744841 17.828538215635
1980 8 17.5226145316603 -6.76116157870901 14.715038314176
1980 9 -50.740897118845 21.072315270936 -3.41921182265999
1980 10 21.0494415100874 -21.28531701891 9.21007910023501
1980 11 50.7031383982165 -24.787356321839 -19.8049083566323
1980 12 22.7188845601803 2.03565365025398 -4.346349745331
1981 1 239.941890275167 -20.394540942928 -18.4469258340226
1981 2 69.6252465483235 -37.843771305659 -11.8386123354363
1981 3 1.45237078171719 -21.499434069043 -37.6065365025463
1981 4 426.628851755328 -25.233454325469 -9.87123411978201
1981 5 110.185216768428 -20.148712244374 -27.027751632868
1981 6 135.139102008139 -13.1737353441081 -9.27799383516302
1981 7 22.7389891292167 -11.480964835804 -7.945655332752
1981 8 121.914210679895 -10.309548675483 -2.86560684711397
1981 9 -3.10030761807086 -0.761018062396985 -1.58587848932701
1981 10 -63.1136894969262 4.13403781980001 2.597175874429
1981 11 -55.5822328931572 43.512643678161 -30.471575023299
1981 12 -88.3124871847447 41.874363327674 -11.4431239388794
1982 1 -100 39.573200992556 -3.285635511442
1982 2 -32.9388560157791 -20.343771305659 -27.9100409068648
1982 3 -18.8381033746263 16.081211092247 -25.9936332767398
1982 4 92.2428330522767 -0.400120992135982 -23.704567453116
1982 5 0.436606746938597 -25.632583212116 -31.221300019965
1982 6 -91.7606244579358 14.159597989226 3.88867283150397
1982 7 -88.9424334117823 20.4545190351639 -0.397268235977997
1982 8 -90.808287131602 19.851741647097 -3.99463910517898
1982 9 -60.592717695076 18.405648604269 -6.25254515599302
1982 10 -52.203653996017 -3.44660734149098 -17.402824125571
1982 11 -52.4095352426685 -1.620689655173 -34.1382416899657
1982 12 149.333606725446 4.13242784380298 -18.7011884550085
1983 1 64.9717996923603 -16.071960297766 -20.2211193824097
1983 2 101.183431952663 -8.55805701994399 -35.9457551925791
1983 3 17.6847501067919 -2.14459535936598 -35.9936332767398
1983 4 -100 4.766545674531 -51.704567453116
1983 5 138.12122659208 -2.72935740566396 -6.06000969738499
1983 6 -61.9721128827807 -17.007068677441 -7.11132716849601
1983 7 -9.3279539766147 -20.190642255159 1.37692531240898
1983 8 63.4811788736503 -8.53535512709598 0.198909281918027
1983 9 95.4882682912122 -17.261018062397 2.58078817733999
1983 10 -22.5907004935493 -2.478865406007 -9.49959831911999
1983 11 -65.1003258446235 35.879310344827 -22.971575023299
1983 12 2.07094525322935 -28.286926994907 -49.9915110356536
1984 1 535.224747906341 -48.813895781637 -17.3178935759581
1984 2 -30.9664694280079 -4.91889445836801 -25.0590556851899
1984 5 -51.9766688269605 0.657739368528993 -5.898719374804
1984 6 -63.4932283674695 -18.340402010774 2.88867283150399
1984 7 -16.6535918413089 -24.5454809648361 1.05434466724798
1985 1 83.3019996581781 -41.394540942928 -34.8985387372485
1985 2 -10.8481262327416 -39.450914162801 -14.1600409068648
1985 3 65.1644596326356 -1.49943406904299 18.038624787776
1985 4 120.39961163064 -9.06678765880297 8.12876588021798
1985 5 -47.1876385714773 -5.31000256695499 14.746441915519
1985 6 -27.3667356061111 -10.840402010774 10.888672831504
1985 7 -82.4461130412044 -9.061609997094 8.95757047369898
1985 8 -49.4455792238109 11.005505087958 15.924715733531
1985 9 -74.948227677584 19.572315270936 27.247454844007
1985 10 92.5361503160446 5.74694104560599 16.629433938945
1985 11 23.735208369062 25.545977011494 28.028424976701
1985 12 -49.3541111338938 -5.86757215619702 -14.830220713073
1986 1 -86.0023927533755 27.476426799008 -18.9307968017646
1986 2 -54.6351084812623 32.691942980056 -8.98146947829339
1986 3 -70.7817172148655 8.50056593095701 -12.122665534804
1986 4 262.736981961265 8.26654567453101 23.795432546884
1986 5 168.451751543473 -7.89064772824496 11.843216109067
1986 6 105.22383080926 -30.507068677441 10.55533949817
1986 7 -88.5277746647241 -2.93257773902901 5.57047369950599
1986 8 -93.9597315436242 9.85174164709697 13.424715733531
1986 9 37.2217865975032 7.57231527093602 17.247454844007
1986 10 -17.187635293099 -11.672413793103 7.597175874429
1986 11 109.715314697308 -12.954022988506 -4.804908356632
1986 12 344.904654500717 -29.415959252972 6.7826825127335
1987 1 13.9805161510853 -4.29776674937902 -23.9307968017646
1987 2 59.7633136094674 -8.02234273423 -6.66004090686479
1987 3 43.6565570269115 -35.854272778721 -25.1549235993205
1987 4 -17.8598804231181 -21.900120992136 -43.371234119782
1987 5 48.1938806835624 -13.6970993411479 11.359345141325
1987 6 23.3371138835146 -20.840402010774 7.38867283150398
1987 7 -7.39287982367659 -15.351932577739 6.21563498982798
1987 8 147.388386343741 12.109806163227 22.779554443208
1987 9 -22.944689064479 -1.59435139573098 18.58078817734
1987 10 -87.3235777989436 7.359844271413 -4.01572735137799
1987 11 -66.369404904819 -4.954022988506 -17.471575023299
1987 12 -49.3541111338938 10.745331069609 -5.9592529711375
1988 1 104.964963254145 -44.620347394541 -23.4469258340226
1988 2 15.1873767258383 -19.574066872161 -8.85215913346579
1988 3 -49.6796240922683 -1.17685342388199 -21.316213921901
1988 4 -16.1122183044611 -4.06678765880297 2.128765880218
1988 5 -22.4443155848143 -7.08419611534197 16.036764496164
1988 6 143.25171792648 -14.8404020107741 1.722006164837
1988 7 0.623855952781258 -5.83580354548104 11.860796280151
1988 8 215.013131018383 -21.761161578709 13.424715733531
1988 9 65.5809558276538 -7.42768472906398 5.58078817734
1988 10 -83.3751839986146 -3.60789766407098 16.629433938945
1988 11 -95.8754930543646 37.045977011494 -4.138241689966
1988 12 -100 14.455008488964 -0.797962648556902
1989 1 45.9750470005127 18.444168734492 29.6175902950096
1989 2 -11.2426035502959 -16.950914162801 -9.51718376400769
1989 3 -96.753524134985 16.081211092247 -25.025891341256
1989 4 -55.1433389544688 7.266545674531 -4.20456745311601
1989 5 -83.9035371968482 28.722255497561 27.810958044551
1989 6 -70.2114884248449 17.492931322559 15.55533949817
1989 7 22.0478912174531 5.77709968032494 5.73176402208599
1989 8 -21.0825795156114 -11.92245190129 13.908586701273
1989 9 -21.6780264189636 -3.427684729064 -2.08587848932702
1989 10 -93.5578837994632 10.263070077864 -13.854437028797
1989 11 -45.746870176642 10.712643678161 -0.471575023299007
1989 12 115.439819561205 -35.222410865875 -33.3786078098472
1990 1 -94.3343018287472 38.766749379653 5.90791287565479
1990 2 -27.810650887574 25.370514408627 6.01853052170661
1990 3 8.35113199487395 -11.015563101301 9.651528013583
1990 4 -29.705145894016 -7.06678765880298 14.462099213551
1990 5 -50.3803254084661 17.915803884658 23.133538689712
1990 6 -96.3239709120021 30.1595979892259 29.222006164837
1990 7 -41.947775411857 -12.932577739029 7.82853821563499
1990 8 -14.6483805077328 -10.793419643225 14.876328636757
1990 9 -6.75955526067093 -17.594351395731 17.247454844007
1990 10 4.21681530868469 0.101779755283999 -5.144759609442
1990 11 -64.1485165494769 6.712643678161 11.361758310034
1990 12 -93.3770760713553 20.261460101867 -10.1528013582343
1991 1 -8.68227653392582 -20.588089330025 6.5530741659774
1991 2 5.71992110453649 -0.87948559137299 4.05424480742091
1991 3 -65.1003844510893 39.145727221279 10.457979626486
1991 4 -48.5410598395421 20.266545674531 32.462099213551
1991 5 -32.4214619504042 2.59322323949704 28.294829012293
1991 6 124.998332110214 -2.34040201077406 20.55533949817
1991 7 -46.3708020471441 -20.997093868062 5.89305434466699
1991 8 -84.1114677560549 16.142064227743 20.68278024966
1991 9 -7.39288658342865 -23.427684729064 3.74745484400698
1991 10 -34.4358818945363 -0.704671857619985 13.887498455074
1991 11 -53.678614302864 -27.287356321839 -23.971575023299
1991 12 114.27106827968 -11.835314091681 37.1052631578945
1992 1 294.26593744659 -40.749379652605 24.1337193272677
1992 2 17.9487179487179 -4.91889445836801 16.8374960389476
1992 3 -56.1725758222982 -2.46717600452698 23.522495755518
1992 4 77.0964280239155 -26.233454325469 -1.47123411978203
1992 5 -23.1094586758536 -36.761615470181 -2.834203245772
1992 6 -98.9859230102075 18.326264655892 17.05533949817
1992 7 -99.7235608352945 16.744841615809 22.344667247893
1992 8 -46.9506857309601 -3.69664544967698 7.13439315288603
1992 9 -28.6446709692984 13.572315270936 19.747454844007
1992 10 -30.591393194216 6.39210233592902 7.91975651959
1992 11 26.5906362545019 -24.954022988506 -5.13824168996599
1992 12 -37.27701455813 -0.383701188455028 20.8149405772496
1993 1 -65.6725346094685 -2.03970223325001 19.1337193272677
1993 2 39.6449704142012 4.47765726577 14.7685305217066
1993 3 -16.8090559589919 -4.40265987549498 -3.09040747028801
1993 4 26.4142265828607 6.433212341197 3.62876588021798
1993 5 21.1890711873656 -12.568067083084 -4.12452582641702
1993 6 163.660017346054 -28.007068677441 7.38867283150398
1993 7 -99.5853412529418 4.00290613193796 12.344667247893
1993 8 -89.1012547417566 18.851741647097 18.424715733531
1993 9 91.1956893258544 -3.59435139573101 14.914121510673
1993 10 -53.2427049961036 -3.44660734149098 0.177821035718999
1993 11 -16.5580517921454 -15.954022988506 -15.1382416899657
1993 12 -62.2103752306746 8.48726655347999 15.3310696095077
1994 1 157.622628610494 8.76674937965298 -12.6404742211194
1994 2 -31.3609467455621 -9.98662844851602 4.5899590931352
1994 3 17.2789406236651 -1.82201471420498 2.716044142615
1994 4 -48.9294291992437 -3.40012099213599 1.46209921355098
1994 5 -13.5313981648873 -1.43903482501898 9.585151592938
1994 6 -48.5355927680299 10.659597989226 12.722006164837
1994 7 -15.2713960177817 21.260970648067 8.31240918337699
1994 8 -45.900204260286 0.174322292258964 6.65052218514401
1994 9 -80.1556185535919 10.905648604269 -5.75254515599301
1994 10 -77.764308598147 8.48887652947699 5.177821035719
1994 11 -71.76299091065 35.712643678161 40.361758310034
1994 12 27.3938896862825 19.455008488964 39.8471986417655
1995 1 -40.6768073833533 32.476426799008 12.3595257788806
1995 2 -58.974358974359 19.299085837199 24.2328162359926
1995 3 -0.576676633917157 -15.854272778721 1.74830220713099
1995 4 -83.4943022126833 29.099879007864 4.46209921355099
1995 5 -52.7748405362077 17.754513562077 -13.963235503836
1995 6 -9.24010941356993 5.49293132255897 3.72200616483699
1995 7 -59.9163211177108 19.809357744841 10.731764022086
1995 8 304.435366209512 -5.14825835290303 4.87632863675703
1995 9 -83.1815348734342 13.905648604269 6.91412151067301
1995 10 -60.412156896701 11.71468298109 -3.693146706217
1995 11 -3.54999142514143 11.379310344827 -1.97157502329899
1995 12 -6.49989747795784 5.422750424448 -1.9269949066214
1996 1 -58.0071782601265 45.863523573201 -16.6727322856355
1996 2 -100 33.701795196804 -3.67974534036239
1996 3 -81.7385732592909 -1.82201471420498 -30.8323429541592
1996 4 -91.6500587664163 21.599879007864 -11.204567453116
1996 5 -73.7933622130505 43.3996748524 17.810958044551
1996 6 -80.4790179464941 31.8262646558919 10.722006164837
1996 7 -93.7801187941275 34.002906131938 22.344667247893
1996 8 83.3090166326232 8.23883842129099 17.779554443208
1996 9 -49.4038643263565 21.238981937603 22.58078817734
1996 10 8.06130400900507 12.198553948832 0.984272648622024
1996 11 -65.7348653747213 18.712643678161 16.195091643368
1996 12 -93.3770760713553 23.648556876061 8.5568760611206
1997 1 -56.3407964450521 -27.362282878412 -7.64047422111941
1997 2 4.93096646942801 -10.700914162801 2.44710195027801
1997 3 593.528406663819 -4.40265987549498 3.522495755518
1997 4 118.263580152282 -53.233454325469 -31.704567453116
1997 5 66.9509158508714 -7.56806708308396 -18.963235503836
1997 6 -95.3098939222096 17.6595979892259 -11.94466050183
1997 7 -70.697448541223 23.519035164196 3.31240918337699
1997 8 -92.3840093376131 40.335612614839 2.45697379804703
1997 9 -61.2964191648068 33.738981937603 -1.58587848932701
1997 10 100.329032816694 10.263070077864 -13.047985415894
1997 11 111.93620305265 -5.45402298850597 -15.8049083566323
1997 12 -55.9770350625385 -8.12563667232602 -19.5076400679117
1998 1 -89.3351563835242 53.605459057072 5.4240419079128
1998 2 -40.4339250493097 40.72765726577 -3.44575519257909
1998 3 72.4690303289192 6.24250141482801 -31.6387945670624
1998 4 -100 25.766545674531 5.29543254688399
1998 5 -100 64.206126465303 18.617409657454
1998 6 20.5484021615852 44.3262646558919 16.888672831504
1998 7 -73.4618401882775 37.390002906132 13.634989828538
1998 8 57.0469798657717 15.980773905162 9.392457669015
1998 9 -37.0890886060678 10.905648604269 -3.41921182265999
1998 10 25.1017404104251 4.940489432703 -17.564114448152
1998 11 131.60692848568 8.379310344827 20.361758310034
1998 12 -55.58745130203 24.616298811545 -9.346349745331
1999 1 -100 51.347394540943 -27.8017645437001
1999 2 -100 50.191942980056 8.51853052170661
1999 3 24.9893208030756 13.984436898699 9.651528013583
1999 4 18.4526547089786 43.599879007864 4.79543254688398
1999 5 -37.7426066787189 24.689997433045 2.004506431648
1999 6 27.5201814664087 10.326264655892 -9.111327168496
1999 7 159.852814823116 -3.25515838419101 -4.913397268236
1999 8 -35.1327691858769 18.07754809871 -5.44625200840397
1999 9 -54.0482940265797 16.738981937603 -17.41921182266
1999 10 -55.6325222963027 17.359844271413 -30.789920899765
1999 11 -65.1003258446235 35.712643678161 0.195091643367995
1999 12 83.4939511995077 23.809847198641 5.3310696095077
2000 1 -83.0029054862417 58.605459057072 5.7466225530741
2000 2 -56.6074950690335 51.97765726577 15.6613876645636
2000 3 -78.8979068774028 38.984436898699 26.42572156197
2000 4 -61.9398027492462 23.433212341197 16.295432546884
2000 5 -9.00842514581986 37.754513562077 19.907732238099
2000 6 34.4919607712323 -10.340402010774 5.38867283150399
2000 7 -65.8597631588778 24.9706480674219 2.82853821563499
2000 10 151.346436920945 -22.156284760845 -8.20927573847499
2000 11 -0.694563539701531 0.379310344827033 21.695091643368
2000 12 55.8335042034036 -28.609507640068 -20.6366723259762
2001 1 -35.3443855751154 -3.16873449131503 -7.4791838985388
2001 2 38.4615384615385 24.47765726577 15.8399590931356
2001 3 97.2234087996582 -27.628466327108 -5.99363327674
2001 4 -76.3094690582043 8.933212341197 11.628765880218
2001 5 57.9049698127366 13.883545820142 -6.06000969738499
2001 6 -57.0284875575422 30.67150275113 -15.206565263734
2001 7 -89.4953117411932 37.067422260971 -6.04242952630102
2001 8 20.8053691275167 28.238838421291 -2.60976702508998
2001 9 105.480829161389 2.27231527093601 -3.41921182265999
2001 10 -31.2148237942679 13.327586206897 -10.628630577184
2001 11 193.474532670211 27.045977011494 1.19509164336799
2001 12 -61.0416239491491 19.616298811545 14.8471986417657
2002 1 -83.3361818492565 42.96029776675 6.87565481113859
2002 2 -63.7080867850099 2.33480012291299 -36.6600409068648
2002 3 -93.912857753097 18.177985285795 -24.7033106960947
2002 4 -74.755991619398 37.933212341197 -4.37123411978202
2002 5 -94.4127980352696 47.109352271755 -1.22130001996499
2002 6 74.9282807392088 26.52741408118 -6.17454555930102
2002 7 148.795248234899 0.131938390002944 -26.526300494043
2002 8 -56.1423985993581 21.464644872904 -15.123671363243
2002 9 -54.329774614472 14.572315270936 -23.252545155993
2002 10 93.2634860161052 3.03726362625099 -10.467340254604
2002 11 149.056765563368 -9.45402298850599 4.361758310034
2002 12 -76.6249743694895 -7.96434634974602 -12.4108658743633
2003 1 -3.3498547256879 -22.846153846154 -17.8017645437001
2003 2 -23.0769230769231 -6.23662844851602 -6.66004090686479
2003 3 -51.3028620247757 6.72637238257003 -7.445246179966
2003 4 -47.5701364402882 9.87574107682999 -6.14134906231101
2003 5 35.0240474809837 35.8190296911101 9.90773223809899
2003 10 111.446878517621 20.101779755284 -2.08024348041
2003 11 -68.2730234951123 25.879310344827 12.695091643368
2003 12 -57.145786344064 5.584040747028 -6.4431239388794
2004 1 -61.67321825329 -1.87841191067001 19.9401709401709
2004 2 -72.3865877712032 -22.677515148023 2.00990983205141
2004 3 287.54805638616 -19.725240520656 12.232173174873
2004 4 235.939496141857 -56.400120992136 -29.871234119782
2004 5 -72.7291332673875 8.23838452981903 -27.995493568352
2004 6 -54.1130162118887 11.492931322559 -15.611327168496
2004 7 -58.5341252941835 10.1319383900029 -11.848881139204
2004 8 -36.9711117595565 -12.728903514193 -12.220445556792
2004 9 63.2587409775422 -16.094351395731 0.247454844007002
2004 10 -64.672265997056 34.29532814238 30.177821035719
2004 11 -46.0641399416909 -19.787356321839 0.861758310034002
2004 12 -82.4687307771171 -7.319185059423 -17.2495755517827
2005 1 -43.3430182874722 16.186104218363 14.456299972429
2005 2 207.692307692308 -33.379485591373 17.9828162359926
2005 3 78.5561725758223 3.33927560837601 1.103140916809
2005 4 -96.1163064029843 13.266545674531 -23.037900786449
2005 5 27.7074734795511 -23.858389663729 -23.318074213514
2005 6 -100 25.326264655892 -1.611327168496
2005 7 249.004445440622 -1.31967451322303 -6.20371984888102
2005 8 -36.9711117595565 -0.632129320645021 -6.89786491162998
2005 9 -64.8149265134607 22.072315270936 1.08078817734
2005 10 389.393021040783 -3.44660734149098 3.40362748733202
2005 11 191.888183844967 -15.787356321839 8.361758310034
2005 12 -68.8332991593193 -10.222410865875 13.5568760611206
2006 1 -100 30.057071960298 9.9401709401709
2006 2 -64.4970414201184 -27.665199877087 -2.9100409068648
2006 3 -20.8671507902606 -2.46717600452698 16.909592529712
2006 4 -41.7445960447646 41.599879007864 4.628765880218
2006 5 -34.1508339871065 11.786771626594 -21.543880665126
2006 6 -94.9296150510374 24.492931322559 -31.277993835163
2006 7 43.7483656468304 16.583551293229 -14.913397268236
2006 8 -42.2235191129268 15.013031969678 1.65052218514401
2006 9 61.8513380380806 17.905648604269 -12.252545155993
2006 11 112.570742582748 13.212643678161 9.361758310034
2006 12 194.525322944433 -11.51273344652 16.7826825127335
2008 1 -13.348145616134 -34.781637717121 -1.6727322856355
2008 2 -48.7179487179487 48.701795196804 27.5271512113616
2008 3 -75.6514310123879 32.930673457838 -5.617289190718
2008 4 -53.3956768358117 17.461947973381 -3.72755595886302
2008 5 -46.7885527168537 25.296226576538 0.602949145775007
2008 6 -67.0424978317433 9.49293132255896 -12.611327168496
2008 7 129.444506705518 -13.136878814298 -14.924149956408
2008 8 77.2687481762474 -3.83012709595 -20.195973921641
2008 9 5.55522045961781 -7.35871921182301 -26.746798029557
2008 10 -30.3835829941987 13.405450500556 -14.772123346928
2008 11 -90.4819070485337 2.51149425287302 -1.52329916123
2008 12 -100 24.616298811545 -1.6044142614601
2009 1 -50.0085455477696 42.54094292804 24.0476978218913
2009 2 -68.4418145956608 40.681360969474 35.8796416328176
2009 3 -55.3609568560444 13.597340124505 -4.45062252405201
2009 4 -72.8141448208902 27.599879007864 -4.03790078644901
2009 5 -37.4765494423031 18.722255497561 -10.253558084481
2009 6 -60.70451664554 -2.507068677441 -1.94466050183003
2009 7 -66.8273002353468 11.099680325487 -13.945655332752
2009 8 -34.3449080828713 25.335612614839 -19.31721975034
2009 12 6.35636661882296 -20.544991511036 8.2342954159593
