"anio" "mes" "ppAcc" "mTmax" "mTmin"
1970 1 -100 -2.85752688172 -53.0375268817204
1970 2 -37.2233400402415 -52.440663314177 -14.0237362023354
1970 3 -100 12.411268931292 -36.9547930749265
1970 4 -100 -10.843054705389 -21.883557399473
1970 5 -16.8915583347047 22.088454738718 -18.649195046811
1970 6 66.8717696283534 -37.451745575625 -9.09856891990501
1970 7 22.2266507240601 -29.290869815668 -8.91242451930699
1970 8 30.4787971954557 -29.483870967742 -28.143692396313
1970 9 85.3886230227021 3.25104553492501 -11.020643236074
1970 10 -80.0074971885543 -23.000806451613 -6.13951612903199
1970 11 -70.7067008421823 2.14000000000002 -31.9816666666667
1970 12 -100 -22.341962365591 -18.0378225806452
1971 1 -94.5841392649903 4.852150537635 -11.6181720430107
1971 2 -100 0.487908114395026 -32.9523076309068
1971 3 95.1951951951953 1.37901086677502 -10.7935027523459
1971 4 -100 -6.44305470538903 -36.8502240661397
1971 5 30.9198617739014 9.05619667420201 -12.262098272617
1971 6 120.526704405612 -16.551745575625 -6.731902253239
1971 7 -52.5707453168593 1.418807603687 -13.105972906404
1971 8 -10.5395373251847 -15.903225806451 -13.788853686635
1971 9 152.622645512624 -9.415621131742 -1.78730990274101
1971 10 -76.0089966262651 1.19274193548399 -7.01048387096799
1971 11 -61.918711094837 -6.16 -19.515
1971 12 342.169907881269 -9.27744623655897 -9.1991129032258
1972 1 -92.2630560928433 -47.051075268817 -24.3278494623656
1972 2 -100 -49.226377599891 -52.6308790594782
1972 3 -73.973973973974 -48.717763326773 -42.8902769458943
1972 4 9.00621118012409 -17.009721372056 -35.383557399473
1972 5 78.4103998683559 -20.814771067733 -38.8750014984235
1972 6 0.812207728279599 -34.285078908959 -33.931902253239
1972 7 -5.34077321642088 -30.258611751152 -30.299521293501
1972 8 -68.880056990739 -22.709677419354 -36.046918202765
1972 9 -0.516278082934533 -18.415621131742 -30.520643236074
1972 10 49.9437710858428 -27.452419354838 -26.8169354838709
1972 11 200.256316367631 -30.26 -9.14833333333331
1972 12 -38.5875127942682 -37.01938172043 -40.7152419354839
1973 1 -100 -36.889784946236 -43.3601075268817
1973 2 -11.4688128772636 -32.262091885605 -29.7737362023354
1973 3 -100 -21.943569778386 -41.5999543652491
1973 4 33.2298136645961 -29.676388038723 -45.2168907328063
1973 5 -30.0477209149252 -29.973256341226 -33.131663490008
1973 6 79.2763967511691 -26.951745575625 -30.598568919905
1973 7 13.2589345024578 -27.839256912442 -32.880166454791
1973 8 71.3471560871359 -35.935483870967 -32.175950460829
1973 9 -19.3757514321413 -24.582287798408 -36.187309902741
1973 10 61.189553917281 -31.807258064516 -35.5266129032258
1973 11 -100 -47.593333333333 -42.315
1973 12 -100 -16.696801075269 -48.1345967741935
1974 1 -100 8.91666666666701 -13.6708602150537
1974 2 7.84708249496982 -8.31367918719199 -16.2406674192666
1974 3 329.42942942943 -4.52421493967599 -10.7935027523459
1974 4 109.130434782608 -8.75110068240101 -18.7111436063695
1974 5 -3.73539575448423 3.14518443838502 -18.193132755376
1974 6 -31.6761014029043 -9.411515690568 -14.334201103813
1974 7 -20.7519596120632 -6.522052611367 -10.062962153716
1974 8 -27.4867833976979 3.74193548387101 -7.175950460829
1974 9 -7.02279638841086 -5.582287798408 -9.18730990274099
1974 10 -83.0063726102712 -14.549193548387 -23.4298387096774
1974 11 9.84987184181619 -13.093333333333 -11.315
1974 12 273.933810986012 -13.954865591398 9.8654032258064
1975 1 105.029013539652 -28.180107526881 4.22053763440861
1975 2 -83.9034205231388 -11.547806171319 -6.7380219166211
1975 3 -100 -5.49195687516001 -2.8902769458943
1975 4 -100 9.99027862794399 -2.88355739947301
1975 5 -50.2632878064835 -6.04057751934597 -3.06854988552001
1975 6 37.0415948806301 -8.785078908959 -5.765235586572
1975 7 27.9394180948585 -7.19409562211901 -10.783392261243
1975 8 58.8241910689513 -8.193548387096 -5.079176267281
1975 9 -48.8908272236498 -14.748954465075 -15.520643236074
1975 10 -67.0123703611146 -0.516935483870995 -15.687903225806
1975 11 -100 -4.09333333333297 -18.6483333333333
1975 12 -100 -10.567768817204 -22.8120161290323
1976 1 -88.394584139265 -12.534946236559 -15.2955913978494
1976 2 -67.8068410462777 -9.94066331417699 -27.0951647737639
1976 3 -80.4804804804805 5.47578506032401 -4.3418898491201
1976 4 21.1180124223601 -9.67638803872301 -8.216890732806
1976 5 -34.5400691130493 -7.10509364837797 -17.262098272617
1976 6 -71.3512183115924 10.048254424375 -4.931902253239
1976 7 170.160754616713 -13.323127880184 0.184349674241009
1976 8 -32.0610400809868 -4.64516129032198 -6.530789170506
1976 9 53.7047077960348 -0.415621131741979 -1.353976569407
1976 10 272.610271148319 -17.097580645161 2.860483870968
1976 11 188.538996704504 -40.593333333333 1.18499999999999
1976 12 92.4257932446264 -23.309704301075 19.6073387096774
1977 1 -94.5841392649903 -4.79301075268801 -0.779462365591392
1977 2 -100 -15.476377599891 -1.4523076309068
1977 3 -100 2.12094635064599 -8.69672855879751
1977 4 416.770186335403 -32.009721372056 -21.2168907328063
1977 5 61.4036531183148 -1.29864203547498 -11.778227304875
1977 6 -16.9086881614571 -4.28507890895901 -13.265235586572
1977 7 -11.5185332801913 7.322033410139 -7.55758580962999
1977 8 1.83345206403961 7.129032258065 -4.11143433179699
1977 9 -33.3317617105542 5.41771220159202 -7.68730990274101
1977 10 -69.0116206422591 -1.48467741935402 -3.10725806451599
1977 11 -87.5503478579275 -11.426666666667 -6.64833333333331
1977 12 -44.0464005458888 -5.083897849462 -9.4249193548387
1978 1 -51.257253384913 -5.59946236559099 -9.00526881720429
1978 2 147.887323943662 -22.083520457034 10.4048352262361
1978 3 218.818818818819 -14.524214939676 -16.9225350104104
1978 4 -100 2.49027862794399 -7.21689073280601
1978 5 5.89106467006735 -0.65348074515299 -5.649195046811
1978 6 34.6788087619985 -5.28507890895902 5.034764413428
1978 7 -28.5239803374518 15.386549539171 -1.10597290640399
1978 8 -36.7102845787559 1.967741935484 -1.85336981566801
1978 9 -45.7790141210307 -3.91562113174199 -0.353976569407006
1978 10 261.614394602024 -17.93629032258 0.441129032258001
1978 11 -68.509703405346 -3.75999999999998 2.0183333333333
1978 12 -100 -5.083897849462 9.9299193548387
1979 1 -100 -14.631720430107 -0.650430107526896
1979 2 304.024144869215 -23.512091885605 -3.7023076309068
1979 3 -100 -11.298408488063 -2.72898662331361
1979 4 -95.1552795031056 0.0458341834999842 -8.69837221428801
1979 5 -94.8658877735725 2.89490635162203 -17.262098272617
1979 6 -47.9202559684962 5.71492109104099 -10.265235586572
1979 7 8.07758735219875 13.612355990784 -4.654360003178
1979 8 -0.791121442765534 1.32258064516201 7.824049539171
1979 9 43.5205921874632 -10.582287798408 -15.020643236074
1979 10 -100 16.902419354839 -32.4620967741935
1979 11 -68.509703405346 -7.09333333333298 -14.315
1979 12 433.606277720914 -12.503252688172 9.6073387096774
1980 1 681.431334622824 -10.760752688172 -0.940752688171997
1980 2 44.8692152917505 -20.654949028462 -3.5237362023354
1980 3 -100 -1.62098913322499 0.174239183137992
1980 4 -3.10559006211192 -11.509721372056 -4.55022406614001
1980 5 -67.2700345565246 1.60458377097601 -4.681453111327
1980 6 -61.6047255722373 13.714921091041 -10.598568919905
1980 7 -56.6228244984722 22.160743087558 -5.29952129350098
1980 8 55.599715046305 7.32258064516202 8.469210829494
1980 9 -18.5270751314269 7.08437886825802 0.979356763926003
1980 10 -22.0292390353617 1.74112903225801 0.763709677419016
1980 11 43.5371658733065 -9.426666666667 -10.6483333333333
1980 12 2.35414534288639 -12.180672043011 -2.9733064516129
1981 1 385.880077369439 -31.083333333333 -8.0375268817204
1981 2 238.028169014084 -17.083520457034 2.5476923690932
1981 3 628.728728728729 -21.620989133225 4.36778757023479
1981 4 306.149068322981 -9.509721372056 1.11644260052699
1981 5 44.0760243541219 -0.330900099990998 1.447579146738
1981 6 35.663302978095 -4.618412242292 1.734764413428
1981 7 -27.0625747309685 3.45106566820299 -0.783392261242994
1981 8 -31.7610888230662 3.58064516129101 0.0821140552999999
1981 9 -67.1845163723803 2.41771220159201 -8.353976569407
1981 10 159.652630263651 3.67661290322598 9.79596774193601
1981 11 -100 0.240000000000009 -15.315
1981 12 106.073012623678 -14.245188172043 3.4783064516129
1982 1 -100 6.01344086021502 2.9302150537635
1982 2 133.400402414487 2.20219382868102 -1.7380219166211
1982 3 -34.9349349349349 5.47578506032401 10.8194004734606
1982 4 217.329192546583 11.823611961277 5.94977593386
1982 5 178.846470297844 -8.71799687418498 6.93145011447999
1982 6 -89.1705636229387 30.881587757708 -13.931902253239
1982 7 4.55692839112529 6.99945276497701 -12.235005164468
1982 8 -66.1804956694537 14.387096774194 -9.11143433179699
1982 9 -33.4260590773003 8.25104553492501 -8.52064323607401
1982 10 -16.031488191928 -7.29112903225801 -17.6233870967742
1982 11 50.8604906627609 -16.926666666667 -22.1483333333333
1982 12 409.041282838622 -17.503252688172 -12.9733064516129
1983 1 172.340425531915 -31.728494623656 3.2527956989248
1983 2 -100 -22.619234742748 -28.7023076309068
1983 3 118.618618618619 -17.750021391289 -16.2773737200878
1983 4 -100 -3.17638803872303 -21.5502240661397
1983 5 -12.0783281224289 1.12071280323402 4.83467592093101
1983 6 -62.9830174747723 16.048254424375 -2.765235586572
1983 7 55.0418493423675 -4.12957949308701 1.797252900048
1983 8 22.8300401184808 -9.64516129032198 -3.950144009216
1983 9 35.5996133807964 -9.04205791335098 6.289701591512
1983 10 21.2045482943896 -11.871774193548 -5.849193548387
1983 11 370.889783961919 -14.16 7.41833333333329
1983 12 -53.5994541112248 -11.351639784946 -0.847500000000005
1984 1 143.713733075435 -29.470430107527 9.22053763440861
1984 2 257.344064386318 -31.244234742748 -9.5415933451925
1984 3 -100 -12.717763326773 -11.0193092039588
1984 4 -100 -1.34305470538902 -25.0502240661397
1984 5 79.6939279249628 -24.363158164508 -19.842743433907
1984 6 -51.3659857248339 -9.83269795657801 -5.87237844371501
1984 7 52.3847482396705 -21.548934331797 -0.622101938661999
1984 8 -29.061527501781 -15.387096774193 -4.756595622119
1984 9 -61.0551875338881 -24.748954465075 -5.02064323607399
1984 10 -75.2592777708359 -2.12983870967701 -4.23629032258098
1984 11 -100 -15.76 -18.1483333333333
1984 12 159.297168201979 -17.341962365591 2.3492741935484
1985 1 -86.073500967118 -21.567204301075 0.833440860215102
1985 2 -100 -12.440663314177 3.7976923690932
1985 3 -100 -17.524214939676 -1.309631784604
1985 4 54.2236024844719 -25.343054705389 -18.0502240661397
1985 5 10.3834128681914 -10.105093648378 -18.391130530682
1985 6 96.5050455328575 -9.28507890895901 11.734764413428
1985 7 -32.1110668260927 1.83816244239701 2.764994835532
1985 8 -49.3832252259008 12.41935483871 0.565985023041993
1985 9 -44.2702562530941 20.584378868258 9.97935676392601
1985 10 -9.53392477820817 -1.96854838709601 11.570161290323
1985 11 209.044306114976 3.24000000000002 23.351666666667
1985 12 25.554418287274 -3.79357526881698 12.510564516129
1986 1 -100 -0.276881720429998 -9.4891397849462
1986 2 -17.9074446680081 11.309336685823 -1.5594504880496
1986 3 -100 -11.137118165483 -15.9547930749265
1986 4 155.962732919254 13.490278627944 21.116442600527
1986 5 -10.1530360375186 7.73361602904099 16.770159791899
1986 6 87.8414964312085 -11.951745575625 11.734764413428
1986 7 -31.1810814401488 1.83816244239701 3.087575480693
1986 8 -49.5332008548611 12.935483870968 0.565985023041993
1986 9 -44.1759588863481 21.417712201592 9.479356763926
1986 10 -9.53392477820817 -1.96854838709601 11.408870967742
1986 11 206.84730867814 3.24000000000002 25.351666666667
1986 12 -100 -0.406478494622995 4.76862903225809
1987 1 -95.357833655706 5.25000000000002 2.4624731182796
1987 2 -88.7323943661972 7.083146209633 -2.4523076309068
1987 6 -23.5047994093035 13.548254424375 2.234764413428
1987 7 -41.0123555201275 19.418807603687 17.28112386779
1987 8 -19.9880019496832 21.322580645162 9.759533410139
1987 9 -30.9743275419034 30.417712201592 9.479356763926
1987 10 -100 10.128225806452 -12.139516129032
1987 11 -34.8224093738557 4.90666666666701 -7.64833333333331
1987 12 -100 17.335456989248 10.0912096774194
1988 1 -36.5570599613153 -1.72849462365598 -13.9084946236559
1988 2 -100 20.059336685823 3.4405495119504
1988 3 352.852852852853 -16.097073671601 0.168677447876586
1988 4 -62.8571428571429 5.64412478178998 12.847211831296
1988 5 -99.0373539575449 23.217486996783 13.060482372544
1988 6 -0.36918533103618 24.524444900565 12.163335841999
1988 7 32.0579248040388 7.6446140553 16.914049340537
1988 8 10.6820141726969 6.16129032258101 8.47497119815699
1988 9 -69.6362479077772 6.25104553492502 -5.35397656940701
1988 10 -93.5024365862801 -0.516935483870995 2.37661290322601
1988 11 -80.9593555474185 35.073333333333 3.18499999999998
1988 12 -100 11.206424731183 17.8331451612903
1989 1 -100 21.174731182796 15.6721505376344
1989 2 -88.7323943661972 -0.654949028461971 15.2262637976646
1989 3 -100 -1.94356977838599 -14.5031801717007
1989 4 177.763975155279 -13.343054705389 -7.71689073280601
1989 5 -29.7268389007735 8.21748699678299 -1.77822730487501
1989 6 -48.1171548117155 25.714921091041 3.901431080095
1989 7 -18.6262787299057 16.354291474655 1.797252900048
1989 8 21.4802594578381 8.58064516129101 9.43695276497699
1989 9 -10.6060963247601 -3.91562113174199 -1.85397656940701
1989 10 -86.2551543171311 26.418548387097 -5.849193548387
1989 11 18.6378615891615 29.406666666667 25.851666666667
1989 12 172.94438758103 -2.664543010752 -7.4571774193548
1990 1 -29.5938104448743 25.916666666667 14.6291397849463
1990 2 233.199195171026 15.530765257252 10.6334066548075
1990 3 56.1561561561562 16.799478052537 15.5135050340833
1990 4 -96.7701863354037 20.601389739055 23.153479637564
1990 5 139.698864571334 20.455529265971 20.668936210142
1990 6 -15.4319468373123 28.863069239189 16.660690339354
1990 7 13.6574996678624 11.037471198157 6.53227594152201
1990 8 -22.0126729406471 16.967741935484 10.565985023042
1990 9 -48.9851245903958 25.251045534925 8.812690097259
1990 10 53.4424590778458 35.128225806452 9.79596774193601
1990 11 -100 27.406666666667 0.0183333333332847
1990 12 -24.9402934152166 15.077392473119 -13.7797580645161
1991 1 -100 21.013440860215 -4.4568817204301
1991 2 -62.9778672032193 28.987908114395 10.4048352262361
1991 3 -100 47.895139899033 7.9161746670089
1991 4 -100 46.823611961277 15.616442600527
1991 5 -58.6062201744282 39.669099900009 20.641127533835
1991 6 68.8407580605464 23.048254424375 15.401431080095
1991 7 94.1012355520128 -9.12957949308701 18.894027093596
1991 8 -54.6323722395111 23.096774193549 11.049855990784
1991 9 50.0271104929395 -6.915621131742 12.146023430593
1991 10 -71.2607772085468 -0.839516129031992 7.05403225806501
1991 11 -56.0600512632735 13.74 -0.981666666666712
1991 12 -8.56363016035482 10.56126344086 15.2525
1992 1 466.344294003869 -21.083333333333 18.0915053763441
1992 2 382.897384305835 -5.833520457034 -13.7023076309068
1992 3 -46.6466466466466 11.282236673227 3.07746498958959
1992 4 -84.6583850931677 -7.009721372056 -16.383557399473
1992 5 114.990949481652 -13.234125906443 -1.294356337133
1992 6 -56.5838050701452 4.548254424375 -20.598568919905
1992 7 -27.7932775342102 17.322033410139 0.345639996822005
1992 8 34.0032244760227 -0.290322580645004 -5.72433755760301
1992 9 1.27537188524011 5.75104553492501 -15.020643236074
1992 10 20.7047357241035 -9.54919354838701 -5.849193548387
1992 11 198.79165140974 -5.42666666666697 -3.81500000000001
1992 12 -100 9.69029569892502 -4.9087903225806
1993 1 -76.78916827853 10.529569892473 -9.4891397849462
1993 2 -98.3903420523139 12.380765257252 -24.2380219166211
1993 3 -100 1.282236673227 -33.8580188813782
1993 4 -66.8944099378882 -0.343054705389001 -32.1502240661397
1993 5 -71.441500740497 -12.750254938701 -42.5846789177783
1993 6 -22.0280580851587 -0.951745575625011 -29.931902253239
1993 7 -19.8884017536867 -11.226353686635 -27.396295487049
1993 8 -39.3348580855611 -3.193548387096 -43.0469182027645
1993 9 28.1501214078597 -2.41562113174201 -37.020643236074
1993 10 -16.2813944770711 6.57983870967801 -8.429838709677
1993 11 34.7491761259612 19.073333333333 14.685
1993 12 -100 17.658037634409 -5.23137096774191
1994 1 -93.036750483559 12.465053763441 7.1237634408602
1994 2 -100 21.487908114395 21.1191209405218
1994 3 -92.1921921921922 15.314494737743 19.0452069250733
1994 4 9.81366459627316 -6.50972137205603 17.116442600527
1994 5 -15.9289122922496 4.79813215807301 13.705643662867
1994 6 122.791041102634 -12.618412242292 14.734764413428
1994 7 -63.0662946725123 5.70913018433199 5.02305935166101
1994 8 36.8527614262682 -0.935483870966998 19.114372119816
1994 9 -49.456611424126 -4.24895446507499 10.146023430593
1994 10 -60.7647132325378 18.192741935484 26.086290322581
1994 11 -100 23.24 26.518333333333
1994 12 -100 22.819327956989 29.6073387096774
1995 1 -100 -11.212365591398 -17.8439784946236
1995 2 -100 -23.190663314177 -14.7023076309068
1995 3 -100 -10.137118165483 -17.6322124297653
1995 4 -100 -16.609721372056 -15.3502240661397
1995 5 -100 -1.10509364837899 -12.842743433907
1995 6 -95.1759783411272 -12.051745575625 -8.93190225323901
1995 7 -90.6337186129932 -8.290869815668 -4.880166454791
1995 8 -97.2254508642346 -7.64516129032199 -11.369498847926
1995 9 -99.905702633254 -4.78228779840798 -9.820643236074
1995 10 -100 -19.807258064516 -13.65564516129
1995 11 -100 -4.29333333333297 -14.7483333333333
1995 12 -100 -24.535510752688 -8.0700806451613
1996 1 -100 17.465053763441 -4.1665591397849
1996 2 -100 18.889385946907 12.3506480341178
1996 3 -46.6466466466466 -14.362924617096 5.3355295057186
1996 4 -100 -12.509721372056 11.616442600527
1996 5 -67.5909165706763 0.798132158073024 32.576611404802
1996 6 -41.7179424070884 -5.03220534574002 13.665798896187
1996 7 -28.7896904477215 6.128485023042 18.571446448435
1996 8 39.2523714896329 -6.58064516128999 19.436952764977
1996 9 68.7922864754002 -4.24895446507499 24.146023430593
1996 10 -23.5286767462202 -10.35564516129 13.183064516129
1996 11 -1.86744782131087 -17.76 7.0183333333333
1996 12 13.2719208461276 8.78706989247302 18.9621774193548
1997 1 -100 -1.88978494623598 2.9302150537635
1997 2 -79.0744466800805 5.416479542966 22.5476923690932
1997 3 346.346346346347 -14.524214939676 25.4968198282993
1997 4 394.161490683229 -36.509721372056 12.283109267194
1997 5 -17.2124403488564 -23.879287196766 5.80241785641499
1997 6 -33.5466404134876 3.714921091041 22.234764413428
1997 7 -3.87936760993756 8.77364631336501 20.829510964564
1997 8 -33.4108207416295 8.09677419354902 12.824049539171
1997 9 -54.9258586953959 12.917712201592 19.646023430593
1997 10 -3.03636136448833 6.87016129032301 4.95725806451601
1997 11 -25.302087147565 16.906666666667 25.018333333333
1997 12 -100 21.281693548387 5.2525
1998 1 -96.1315280464217 19.72311827957 7.76892473118281
1998 2 -100 16.309336685823 -13.8808790594782
1998 3 -86.986986986987 15.798365705485 14.0452069250733
1998 4 -100 20.823611961277 21.116442600527
1998 5 -100 25.798132158073 27.254030759641
1998 6 -13.9552055131676 22.814921091041 35.401431080095
1998 7 -25.9333067623223 7.160743087558 26.635962577467
1998 8 116.189869146264 -2.870967741935 23.630501152074
1998 9 91.7065465946864 -4.08228779840801 39.312690097259
1998 10 151.655629139073 -13.258870967742 32.537903225806
1998 11 1.79421457341634 13.74 33.685
1998 12 -100 13.141908602151 9.9299193548387
1999 1 -100 19.400537634409 -2.3923655913978
1999 2 -100 18.273622400109 20.2262637976646
1999 3 -100 3.37901086677501 25.8194004734603
1999 4 -100 3.99027862794398 28.283109267194
1999 5 -82.0306072075037 1.60458377097601 21.286288824157
1999 6 -46.1481663795225 3.54825442437498 24.901431080095
1999 7 -3.61365749966786 -9.61345046082901 15.184349674241
1999 8 -45.1839076150126 -5.612903225806 18.953081797235
1999 9 -75.1997925457932 -5.91562113174199 9.312690097259
1999 10 -92.5028114457079 -11.645967741935 -0.365322580644989
1999 11 -100 -12.926666666667 -2.315
1999 12 2.35414534288639 -10.729059139785 -1.0378225806452
2000 1 -100 11.658602150538 4.22053763440861
2000 2 -100 10.441110084838 23.3851307927385
2000 3 -86.986986986987 7.08868828612999 25.9806907960413
2000 4 -100 8.15694529461098 28.94977593386
2000 5 142.907684712851 -2.40079257310999 28.571235060716
2000 6 25.1292148658627 -26.985078908959 15.401431080095
2000 7 -65.3248306098047 7.322033410139 11.313381932306
2000 8 -39.4098459000412 -6.90322580645098 11.856307603687
2000 9 -33.0488696103161 12.417712201592 12.312690097259
2000 10 -94.7519680119955 17.547580645162 18.828225806452
2000 11 -59.7217136580007 14.573333333333 32.685
2000 12 -52.2347321733197 14.432231182796 15.2525
2001 1 -34.2359767891683 26.013440860215 38.7366666666667
2001 2 -82.2937625754527 16.130765257252 27.7262637976646
2001 3 -19.3193193193193 0.782236673226997 12.7548843444283
2001 4 -46.7080745341616 17.990278627944 18.116442600527
2001 5 -37.7488892545665 8.05619667420199 -8.713711175843
2001 6 80.0639921240463 25.381587757708 -9.265235586572
2001 7 88.3884681812143 31.838162442397 -10.944682583823
2001 8 219.973004386787 38.580645161291 -2.82111175115199
2001 9 -85.0067186873807 8.13566091954002 6.59474137931101
2001 10 76.4338373110084 15.450806451613 1.731451612903
2001 11 -39.9487367264738 23.073333333333 2.85166666666669
2001 12 -59.0583418628454 31.851586021506 14.4460483870968
2002 1 211.025145067698 32.948924731183 5.67215053763441
2002 2 202.61569416499 13.273622400109 26.1191209405218
2002 3 -100 20.314494737743 20.4968198282993
2002 4 -76.583850931677 26.156945294611 25.983109267194
2002 5 -64.7029784433109 9.34651925484697 18.866933985448
2002 6 14.2997784888014 0.881587757708004 5.568097746761
2002 7 39.0328151986183 -4.29086981566801 8.087575480693
2002 8 -32.136027895467 6.645161290323 10.243404377881
2002 9 25.8869846059549 0.584378868258 12.646023430593
2002 10 23.2037985755342 23.192741935484 23.666935483871
2002 11 360.637129256683 -14.926666666667 8.5183333333333
2002 12 -94.5411122483794 10.883844086022 5.8976612903226
2003 1 57.8336557059961 14.077956989248 21.801182795699
2003 2 -100 39.523622400109 26.6548352262361
2003 3 -100 23.701591511937 10.0129488605573
2003 4 -100 27.323611961277 25.44977593386
2003 5 7.81635675497767 20.475551512912 24.189514630609
2003 6 -10.3125769136106 3.04825442437497 13.401431080095
2003 7 25.6808821575661 -0.742482718893989 4.70047870649902
2003 8 74.6466199242623 -3.67741935483799 4.59824308755801
2003 9 223.722860039133 -0.582287798407997 14.146023430593
2003 10 42.6964888166937 11.418548387097 11.408870967742
2003 11 -96.3383376052728 16.073333333333 20.185
2003 12 -100 6.20642473118302 -15.5539516129032
2004 1 222.630560928433 -8.34139784946199 16.9624731182796
2004 2 -100 11.475592843459 -2.8217657589856
2004 3 17.1171171171172 11.443526995808 30.1742391831383
2004 4 34.8447204968942 -4.34305470538902 10.94977593386
2004 5 171.145301958203 -10.976061390314 10.157256566093
2004 6 27.0982032980556 -28.951745575625 5.068097746761
2004 7 -54.0321509233426 -9.61345046082901 1.15209160972501
2004 8 -22.5375876420082 0.193548387097024 11.856307603687
2004 9 142.910016737783 0.584378868258 12.812690097259
2004 10 39.94751968012 14.160483870968 23.021774193548
2004 11 -97.0706700842182 19.24 12.8516666666667
2004 12 -50.8700102354145 1.52900537634402 9.2847580645161
2005 1 -71.3733075435203 10.529569892473 20.8334408602151
2005 2 86.7203219315895 12.202193828681 29.8691209405218
2005 3 289.089089089089 -5.653247197741 14.6903682153963
2005 4 -100 17.323611961277 23.94977593386
2005 5 -100 -2.750254938701 8.060482372544
2005 6 -100 21.048254424375 18.734764413428
2005 7 10.7346884548957 6.31128072196699 12.270371179618
2005 8 0.783622661317548 -4.64516129032198 12.66275921659
2005 9 -92.2676159268252 4.58437886825802 4.312690097259
2005 10 -9.28401849306511 8.99919354838698 14.150806451613
2005 11 -98.5353350421091 9.90666666666701 6.685
2005 12 -100 15.883844086022 8.9621774193548
2006 1 102.707930367505 15.206989247312 11.9624731182796
2006 2 -100 27.023622400109 17.1905495119504
2006 3 4.10410410410416 22.572559253872 15.1742391831383
2006 4 87.3291925465836 17.156945294611 16.44977593386
2006 5 191.039986835609 -10.814771067733 -3.229840208101
2006 6 -37.0908195914349 4.548254424375 -5.265235586572
2006 7 -16.3013152650458 -2.839256912442 -0.783392261242994
2006 8 -1.39102395860672 -3.99999999999999 3.791791474655
2006 9 97.1757938659563 2.817712201592 3.27935676392601
2006 10 189.64138448082 1.41854838709698 11.086290322581
2006 11 41.3401684364702 -7.25999999999999 -1.4816666666667
2006 12 -14.0225179119754 11.690295698925 -7.9733064516129
2007 1 -11.0251450676983 12.14247311828 23.2527956989248
2007 2 357.142857142857 10.059336685823 16.8334066548075
2007 3 -93.4934934934935 12.733849576453 23.7226262799123
2007 4 -83.0434782608696 0.490278627944001 16.783109267194
2007 5 -39.0324173111733 -4.52444848708797 16.124998501577
2007 6 41.2749200098449 -5.95174557562501 2.06809774676101
2007 7 77.693636242859 -7.03280529953901 6.63596257746701
2007 8 19.5305762813543 -12.387096774193 1.85630760368699
2007 9 -51.9083429595229 -4.91562113174201 0.146023430593001
2007 10 -63.5136823691116 7.225 -3.268548387097
2007 11 9.84987184181619 9.07333333333302 6.0183333333333
2007 12 -86.3527806209485 27.496747311828 18.8008870967742
2008 1 -99.2263056092843 13.594086021506 14.7044086021506
2008 2 -77.4647887323944 30.096282498631 16.660992861704
2008 3 -100 4.50804312483999 12.9161746670093
2008 4 71.1801242236023 9.656945294611 21.44977593386
2008 5 2.36136251439843 -11.298642035475 12.254030759641
2008 6 39.9950775289195 -15.285078908959 3.901431080095
2008 7 31.7922146937691 -14.452160138248 -2.235005164468
2008 8 29.6539312361741 -4.48387096774198 6.211146313365
2008 9 -31.2572196421415 -10.748954465075 1.146023430593
2008 10 -23.5286767462202 3.83790322580701 -11.816935483871
2008 11 -100 6.406666666667 -7.14833333333331
2008 12 -100 10.238682795699 -8.1345967741935
2009 1 -98.4526112185687 12.787634408602 -4.8117204301075
2009 2 -100 9.88076525725202 -15.6665933451925
2009 3 -94.7947947947948 9.83062377000099 -8.5354382362169
2009 4 -82.2360248447205 2.49027862794399 -11.216890732806
2009 5 -56.6809280895179 -6.94380332579801 -13.713711175843
2009 6 -1.74747723357126 4.88158775770799 -19.598568919905
2009 7 -42.2080510163412 -1.71022465437701 -15.460811616081
2009 8 -34.3106745153912 10.677419354839 -8.14369239631301
2009 9 56.2507366981777 -3.91562113174199 -7.52064323607399
2009 10 21.7043608646758 -5.033064516129 2.53790322580601
2009 11 -97.8030025631637 -7.76 -26.815
2009 12 93.7905151825316 -7.180672043011 -14.4249193548387
