"anio" "mes" "ppAcc" "mTmax" "mTmin"
1970 1 0 23.5 5.5
1970 2 7.7 25.3928571428571 6
1970 3 0 29.3709677419355 9.04838709677419
1970 4 0 32.9166666666667 13.4
1970 5 7.5 32.4677419354839 13.7903225806452
1970 6 166.3 29.8333333333333 14.7833333333333
1970 7 51 27.6451612903226 14.741935483871
1970 8 75.5 28.3387096774194 14.3870967741935
1970 9 140.7 26.8333333333333 13.7833333333333
1970 10 11.5 29.1774193548387 11.3387096774194
1970 11 3.9 25.8166666666667 5.93333333333333
1970 12 0 26.5483870967742 6.51612903225806
1971 1 0 26.6290322580645 5.14516129032258
1971 2 0 27.1428571428571 5.30357142857143
1971 3 16.7 29.4838709677419 8.56451612903226
1971 4 0 30.15 10.1666666666667
1971 5 62.7 31.86 12.4
1971 6 308.5 27.1666666666667 12.3666666666667
1971 8 151.9 26.2903225806452 11.8064516129032
1971 9 247 26.95 12.6833333333333
1971 10 27.1 26.6451612903226 10.4838709677419
1971 11 0 25.7166666666667 6.2
1971 12 0 24.7903225806452 5.46774193548387
1972 1 0 23.8548387096774 4.80645161290323
1972 2 0 25.875 3.42857142857143
1972 3 0 27.8548387096774 6.64516129032258
1972 4 19 33.1833333333333 9.9
1972 5 75.7 32.9516129032258 11.1774193548387
1972 6 88 29.6833333333333 11.7333333333333
1972 7 142.4 27.4032258064516 11.9032258064516
1972 8 102.9 27.7903225806452 11.6129032258065
1972 9 86 28.4 11.7166666666667
1972 10 8.6 27.758064516129 10.4677419354839
1972 11 16.5 27.3666666666667 9.68333333333333
1972 12 6 24.6774193548387 5.67741935483871
1973 1 0 24.9354838709677 3.43548387096774
1973 2 5.2 26.375 5.28571428571429
1973 3 0 29.9516129032258 6.83870967741935
1973 4 12.2 30.4 9.36666666666667
1973 5 29.1 31.6612903225806 12.8225806451613
1973 6 133.4 29 12.5166666666667
1973 7 106.9 26.8870967741935 12.5322580645161
1973 8 195.8 26.0967741935484 12.1129032258065
1973 9 152.2 27.45 11.7833333333333
1973 10 19.9 25.6451612903226 9.82258064516129
1973 11 0 25.55 6.38333333333333
1973 12 0 22.6451612903226 3.11290322580645
1974 1 0 25.0161290322581 3.95161290322581
1974 2 2.3 25.2142857142857 3.91071428571429
1974 3 2.3 28.8709677419355 6.53225806451613
1974 4 24.9 29.6666666666667 9.45
1974 5 17.2 30.7741935483871 12.258064516129
1974 6 59.2 28.0166666666667 12.3666666666667
1974 7 164.1 26.4677419354839 11.3064516129032
1974 8 90.9 28.2096774193548 11.8387096774194
1974 9 140.4 26.1166666666667 10.9833333333333
1974 10 4 25.0483870967742 7.59677419354839
1974 11 2.2 25.8333333333333 6.16666666666667
1974 12 13 23.9677419354839 5.7741935483871
1975 1 28.6 22.9516129032258 4.32258064516129
1975 2 0 25.7678571428571 5.125
1975 3 0 28.5806451612903 7.64516129032258
1975 4 0 32.1833333333333 11.2666666666667
1975 5 33.5 30.9193548387097 12.8709677419355
1975 6 129.2 28.8333333333333 12.95
1975 7 166 27.0806451612903 11.9838709677419
1975 8 230.6 26.9032258064516 12
1975 9 78.4 25.4166666666667 10.2
1975 10 17.5 26.1612903225806 8.83870967741935
1975 11 0 25.6333333333333 6.03333333333333
1975 12 0 23.3064516129032 3.03225806451613
1976 1 0 22.9838709677419 2.83870967741935
1976 2 0 24.8571428571429 3.26785714285714
1976 3 8 29.5161290322581 7.70967741935484
1976 4 12.3 30.15 10.1666666666667
1976 6 22 29.2333333333333 12.9
1976 7 395.3 25.4677419354839 12.2903225806452
1976 8 72.1 26.4516129032258 11.6451612903226
1976 9 264.1 26.8333333333333 11.9
1976 10 95.9 25.5483870967742 10.241935483871
1976 11 30.4 21.4366666666667 6.8
1976 12 9.8 23.1290322580645 6.67741935483871
1977 1 0 24.4838709677419 4.25806451612903
1977 2 0 25.2857142857143 4.53571428571429
1977 3 0 29.8709677419355 7.64516129032258
1977 4 24.9 26.7666666666667 8.3
1977 5 30.7 31.5161290322581 12.0645161290323
1977 6 110.5 28.4333333333333 12.3333333333333
1977 7 133.2 28.0967741935484 11.6774193548387
1977 8 86.4 28.5483870967742 12.1612903225806
1977 9 71.4 27.8333333333333 11.9
1977 10 22.9 26.7096774193548 9.38709677419355
1977 11 5 24.6 6.56666666666667
1977 12 77 24 4.25806451612903
1978 1 9.4 23.6645161290323 4
1978 2 13.7 21.6392857142857 4.39285714285714
1978 3 0 27.3827586206897 6.58620689655172
1978 4 0 30.4 10.7666666666667
1978 5 19.8 30.9032258064516 12.7741935483871
1978 6 75.3 28.1333333333333 13.5333333333333
1978 7 151.6 28.258064516129 12.9354838709677
1978 8 88 27 12.5161290322581
1978 9 104.9 25.7666666666667 12.4666666666667
1978 10 166.4 23.7741935483871 9.16129032258065
1978 11 0 24.8666666666667 7.83333333333333
1978 12 0 24 5.83870967741935
1979 1 0 23.1290322580645 4.19354838709677
1979 2 40.8 23.8214285714286 6.25
1979 3 0 28.0645161290323 7.32258064516129
1979 4 0 30.4666666666667 10.8666666666667
1979 5 0 31.6129032258065 12.0967741935484
1979 6 51.5 28.8 12.9666666666667
1979 7 96 28.2903225806452 13.258064516129
1979 8 60.6 26.7096774193548 12.4838709677419
1979 9 99.5 26.2333333333333 10.9333333333333
1979 10 0 28.4193548387097 7.64516129032258
1979 11 0 24.6 5.73333333333333
1979 12 39.1 22.2096774193548 5.90322580645161
1980 1 88.4 22.6129032258065 4.09677419354839
1980 2 7.6 24.1428571428571 5.10714285714286
1981 4 48.4 29.2333333333333 10.9666666666667
1981 5 15.5 30.3870967741935 12.6451612903226
1981 6 89.2 28.8 14.6333333333333
1981 7 120.5 27.5483870967742 13.2258064516129
1981 8 125.9 27.7096774193548 13
1981 9 17.8 27.2666666666667 12.1333333333333
1981 10 109.5 26.3548387096774 11.2258064516129
1981 11 0 25.7 5.73333333333333
1981 12 7.2 22.2903225806452 5.80645161290323
1982 1 0 24.741935483871 4.80645161290323
1982 2 5.9 26.0357142857143 6.07142857142857
1982 3 8.5 28.9354838709677 9.03225806451613
1982 4 23.8 31.6 12.1666666666667
1982 5 124.1 30.2258064516129 13.7096774193548
1982 6 24.3 31.9 13.7333333333333
1982 7 119 28.1612903225806 12.9354838709677
1982 8 52.6 28.4516129032258 12.0645161290323
1982 9 38 27.9333333333333 12
1982 10 61.2 25.6129032258065 9.32258064516129
1982 11 7.5 24.4333333333333 5.66666666666667
1982 12 34.1 21.5483870967742 4.83870967741935
1983 1 34.5 20.0967741935484 4.45161290322581
1983 2 0 23.0357142857143 2.39285714285714
1983 3 20 26.5161290322581 5.35483870967742
1983 4 0 30.2666666666667 8.66666666666667
1983 5 22.8 32.2258064516129 13.5483870967742
1983 6 75.6 31.95 14.3166666666667
1983 7 331 26.9354838709677 13.5161290322581
1983 8 124.9 27.7903225806452 12.9838709677419
1983 9 62.7 26.4 12.9166666666667
1983 10 20.2 25.9354838709677 9.61290322580645
1983 11 57.9 24.7333333333333 7.93333333333333
1983 12 0 23.9677419354839 5.87096774193548
1984 1 20.8 22.2258064516129 5
1984 2 24.8 24 5.78571428571429
1984 3 2 27.3548387096774 8.48387096774194
1984 4 0 30.1 10.5
1984 5 26.7 28.9677419354839 11.9354838709677
1984 6 71.6 28.7666666666667 13.2333333333333
1984 7 156.8 25.7096774193548 12.6290322580645
1984 8 90.1 26.4838709677419 12.1612903225806
1984 9 97.3 24.6 12.0666666666667
1984 10 28.9 26.7096774193548 10.2258064516129
1984 11 0 24.7666666666667 6.25
1984 12 8.3 23.5967741935484 5.74193548387097
1985 1 0 22.0161290322581 4.54838709677419
1985 2 0 22.1964285714286 7.48214285714286
1985 3 0 26.9032258064516 8.74193548387097
1985 4 5.5 28.55 11.6666666666667
1985 5 36.1 30.7258064516129 13.8548387096774
1985 6 113.3 28.1333333333333 14.6333333333333
1985 7 65 25.5967741935484 13.6129032258065
1985 8 112.8 27.1451612903226 13.3870967741935
1985 9 34.3 27.95 11.15
1985 10 13.8 27.3548387096774 10.9193548387097
1985 11 8.7 25.95 7.65
1985 12 11 23.3709677419355 6.45161290322581
1986 1 0 22.7903225806452 3.79032258064516
1986 2 1.5 25.7857142857143 5.83928571428571
1986 3 0 26.5322580645161 6.14516129032258
1986 4 24.7 30.5833333333333 12.55
1986 5 26.1 31.3387096774194 14.241935483871
1986 6 223.6 27.7333333333333 15.0166666666667
1986 7 72.5 27.0967741935484 13.5161290322581
1986 8 47.4 28.3387096774194 12.6774193548387
1986 9 65.3 28.4333333333333 13.6166666666667
1986 10 125.8 26.0322580645161 11.5645161290323
1986 11 62.8 26.0666666666667 9.16666666666667
1986 12 0 24.6129032258065 6.24193548387097
1987 1 0 24.3064516129032 4.32258064516129
1987 2 0 24.1785714285714 5.79285714285714
1987 3 0 25.8225806451613 8
1987 4 14.1 28.4833333333333 10.7
1987 5 18.5 30.5 13.0161290322581
1987 6 134.5 29.4333333333333 14.3833333333333
1987 7 155.7 27.5806451612903 15.1774193548387
1987 8 102.9 28.3709677419355 13.5967741935484
1987 9 71.9 29.7333333333333 13.6166666666667
1987 10 0 26.0806451612903 8.43548387096774
1987 11 11.5 25.6166666666667 6.4
1987 12 0 25.8225806451613 6.64516129032258
1988 1 3 22.8870967741935 3.82258064516129
1988 2 0 26.3571428571429 6.58928571428571
1988 3 25 25.9838709677419 8.43548387096774
1988 4 3 29.9166666666667 11.3833333333333
1988 5 8.5 32.5483870967742 12.8387096774194
1988 6 105.4 30.1166666666667 14.7166666666667
1988 7 292.5 28.3064516129032 14.4677419354839
1988 8 217.2 27.6451612903226 13.3548387096774
1988 9 40.7 26.9 11.35
1988 10 3.5 27.2258064516129 9.67741935483871
1988 11 0 27.5166666666667 6.45
1988 12 0 24.9032258064516 5.04838709677419
1989 1 0 25.6935483870968 6.66129032258065
1989 2 2 25.9642857142857 5.75
1989 3 0 27.0806451612903 6.48387096774194
1989 4 0 30.05 10.0666666666667
1989 5 16.4 33.1129032258064 13.2258064516129
1989 6 126.1 31.1666666666667 13.2
1989 7 83.8 29.1774193548387 13.6290322580645
1989 8 136.8 27.4516129032258 13.0645161290323
1989 9 72 26.4333333333333 12
1989 10 10 26.5 7.82258064516129
1989 11 7.9 26.8833333333333 7.96666666666667
1989 12 16.5 22.8225806451613 5.29032258064516
1990 1 0 25.3548387096774 6.7258064516129
1990 2 14 24.6481481481481 6.53703703703704
1990 3 5.5 27.9516129032258 8.32258064516129
1990 4 2 30.45 11.2333333333333
1990 5 59.6 31.641935483871 13
1990 6 110.8 29.9333333333333 14.1
1990 7 230.1 26.8387096774194 13.4032258064516
1990 8 130.8 27.741935483871 13.0483870967742
1990 9 53.2 26.6166666666667 12.6833333333333
1990 10 16.3 26.1774193548387 12.0483870967742
1990 11 0 26.0866666666667 7.86666666666667
1990 12 0 23.2903225806452 4.51612903225806
1991 1 0 21.1451612903226 7.51612903225806
1991 2 1.7 24.3214285714286 8.96428571428571
1991 3 0 30.0645161290323 10.9032258064516
1991 4 0 34.1166666666667 12.3166666666667
1991 5 8.1 32.4193548387097 15.7741935483871
1991 6 182.1 25.5862068965517 14.3448275862069
1991 7 411.4 26.8548387096774 14.758064516129
1991 8 50.8 26.8387096774194 12.8225806451613
1991 9 134.5 28.2666666666667 12.45
1991 10 14.9 26.241935483871 10.9677419354839
1991 11 4.5 23.3166666666667 9.43333333333333
1991 12 9.1 22.8709677419355 7.59677419354839
1992 1 80.7 20.8225806451613 6.19354838709677
1992 2 19.3 19.6607142857143 7.44642857142857
1992 3 11.3 27.6129032258065 10.8709677419355
1992 4 9.3 28.85 13.0833333333333
1992 5 75.3 28.5967741935484 13.4032258064516
1992 6 95.8 29.3833333333333 14.3666666666667
1992 7 114.1 27.8225806451613 14.5967741935484
1992 8 144.7 26.4354838709677 14.3225806451613
1992 9 105 26.1166666666667 14.2
1992 10 41.9 24.5806451612903 11.2903225806452
1992 11 76.4 23.5166666666667 9.61666666666667
1992 12 0 24.3709677419355 7.58064516129032
1993 1 6.3 23.2741935483871 7.01612903225806
1993 2 0 25.0357142857143 6.94642857142857
1993 3 1.4 26.258064516129 8.30645161290323
1993 4 8.8 28.75 10.5333333333333
1993 5 5.3 29.5 12.4838709677419
1993 6 137.3 29.3 14.8833333333333
1993 7 185.7 26.7741935483871 14.4032258064516
1993 8 86.4 27.5967741935484 14.4032258064516
1993 9 139.3 25.7833333333333 13.8
1993 10 37.2 26.2258064516129 11.5806451612903
1993 11 33 25.15 9.4
1993 12 0 24.7096774193548 6.58064516129032
1994 1 1.4 23.6290322580645 5.95161290322581
1994 2 0 24.1964285714286 7.89285714285714
1994 3 0 28.4838709677419 9.59677419354839
1994 4 16.8 28.4833333333333 10.0333333333333
1994 5 20 32.2741935483871 12.7258064516129
1994 6 233.7 28 14.1166666666667
1994 7 40.3 27.7258064516129 13.0645161290323
1994 8 140.5 30.4516129032258 10.9032258064516
1994 9 105.9 26.8333333333333 11.05
1994 10 67.5 26.6935483870968 12.4677419354839
1994 11 0 26.25 9.83333333333333
1994 12 0 25.1451612903226 8.7741935483871
1995 1 2 23.3709677419355 6.96774193548387
1995 2 0.4 25.8214285714286 8.94642857142857
1995 3 0 27.9193548387097 9.96774193548387
1995 4 18.7 30.15 12.4166666666667
1995 5 65.1 31.8709677419355 15.1129032258065
1995 6 121.6 29.7333333333333 14.5833333333333
1995 7 74.6 28.0967741935484 14.4032258064516
1995 8 159 27.7741935483871 14.3709677419355
1995 9 119.5 27.4333333333333 12.9166666666667
1995 10 9 27.0645161290323 8.66129032258065
1995 11 9.5 26.7833333333333 7.7
1995 12 39.5 23.758064516129 6.79032258064516
1996 1 0 23.4354838709677 3.98387096774194
1996 2 0 26.6724137931034 6.10344827586207
1996 3 3 27.0645161290323 8.5
1996 4 4 28.6166666666667 10.2333333333333
1996 5 8 31.1935483870968 13.0322580645161
1996 6 69.9 29.9 14.4
1996 7 128.2 27.5967741935484 13.8064516129032
1996 8 175.5 26.4354838709677 13.1290322580645
1996 9 188 25.7833333333333 14.2
1996 10 50.4 24.7258064516129 11
1996 11 0 22.95 8.08333333333333
1996 12 1.1 23.1935483870968 7.41935483870968
1997 1 0.5 22.3064516129032 4.66129032258065
1997 2 2.2 24.7678571428571 7.98214285714286
1997 3 45.8 26.4032258064516 10.258064516129
1997 4 52.4 26.45 10.95
1997 5 57.4 29.0967741935484 12.9677419354839
1997 6 53.9 30.1833333333333 15.3166666666667
1997 7 139 29 14.6774193548387
1997 8 101.6 29.2741935483871 13.7741935483871
1997 9 24.3 28.1333333333333 13.6166666666667
1997 10 44.9 25.4838709677419 10.5967741935484
1997 11 11.8 25.0833333333333 9.7
1997 12 0 23.2096774193548 5.40322580645161
1998 1 1 22.9677419354839 4.03225806451613
1998 2 5.2 24.2321428571429 4.19642857142857
1998 3 1.4 28.0161290322581 8.70967741935484
1998 4 0 31.4333333333333 11.5833333333333
1998 5 0.5 33.758064516129 14.8064516129032
1998 6 94.4 31.6666666666667 16.6
1998 7 199.9 28.0806451612903 14.8225806451613
1998 8 244.2 27.1451612903226 13.8387096774194
1998 9 352.8 26.25 14.5333333333333
1998 10 123.2 23.7741935483871 12.9677419354839
1998 11 10.6 25.4666666666667 10.4666666666667
1998 12 0 23.7096774193548 6.61290322580645
1999 1 0 23.2096774193548 4.2258064516129
1999 2 0 25.1964285714286 7.25
1999 3 0.2 27.8225806451613 9.54838709677419
1999 4 1.8 30.5833333333333 12.3166666666667
1999 5 3.8 31.5806451612903 14.2258064516129
1999 6 61.5 29.5666666666667 15.65
1999 7 99.9 26.8225806451613 14.0645161290323
1999 8 89.7 27.2903225806452 14.0645161290323
1999 9 24.4 26.3666666666667 12.6833333333333
1999 10 9.5 24.8064516129032 9.53225806451613
1999 11 0 23.2666666666667 6.9
1999 12 3.3 21.9677419354839 5.29032258064516
2000 1 0 23.5645161290323 5
2000 2 0 25.3965517241379 6.86206896551724
2000 3 0.4 28.258064516129 9.69354838709677
2000 4 0 30.5666666666667 12.4333333333333
2000 5 89.8 30.6935483870968 14.8064516129032
2000 6 123.2 27.5333333333333 14.8833333333333
2000 7 47 28.6129032258065 13.5806451612903
2000 8 125.1 27.1290322580645 13.2741935483871
2000 9 58.9 27.8666666666667 12.85
2000 10 4 27.0161290322581 11
2000 11 6 25.5666666666667 9.88333333333333
2000 12 4 22.4838709677419 6.03225806451613
2001 1 4.5 23.4354838709677 6.56451612903226
2001 2 0.5 25.5 7.25
2001 3 6.5 26.8548387096774 8.7741935483871
2001 4 3.4 30.7333333333333 12.8166666666667
2001 5 21.8 29.6935483870968 14.1290322580645
2001 6 128.1 28.1333333333333 14.75
2001 7 155.8 27.8064516129032 14.0161290322581
2001 8 166.6 27.6451612903226 14.1935483870968
2001 9 66.5 26.4 13.2833333333333
2001 10 57.4 24.9516129032258 9.85483870967742
2001 11 4.5 23.9 6.98333333333333
2001 12 2.2 23.1129032258065 6.98387096774194
2002 1 38.2 22.5967741935484 5.17741935483871
2002 2 29.6 23.8928571428571 7.30357142857143
2002 3 5.5 28.1935483870968 9.35483870967742
2002 4 5.9 31.2333333333333 13.0166666666667
2002 5 19.7 31.8064516129032 15.1612903225806
2002 6 130.6 29.2 14.65
2002 7 209.2 26.9193548387097 14.0322580645161
2002 8 53.7 27.4032258064516 13.6451612903226
2002 9 157.9 25.5 13.7333333333333
2002 10 79.9 26.3709677419355 12.5645161290323
2002 11 59.3 22.4814814814815 7.98148148148148
2002 12 0.5 22.4107142857143 6.5
2003 1 15.4 22.758064516129 6.16129032258065
2003 2 0 26.0357142857143 7.69642857142857
2003 3 0 27.3 8.95
2003 4 0 30.7037037037037 13.4814814814815
2003 5 34.7 32.2677419354839 15.8709677419355
2003 6 182.3 28.1 15.4166666666667
2003 7 215.4 26.8064516129032 13.8064516129032
2003 8 215.2 26.3870967741935 13.5967741935484
2003 9 390.3 25.2666666666667 14.5
2003 10 54 25.1774193548387 11.741935483871
2003 11 1.1 25 9.7
2003 12 0 23.3064516129032 3.80645161290323
2004 1 46.5 22.0322580645161 4.97741935483871
2004 2 0 25.8965517241379 5.36206896551724
2004 3 11.1 28.3548387096774 10.1129032258065
2004 4 13.1 29.05 10.3166666666667
2004 5 58.5 29.9193548387097 13.2741935483871
2004 6 194 26.7833333333333 14.0833333333333
2004 7 130.2 27.6612903225806 13.0645161290323
2004 8 144.3 29.0806451612903 14.4516129032258
2004 9 168 29.4166666666667 15.1166666666667
2004 10 88.8 30.5161290322581 13.9032258064516
2004 11 0 30.6 9.38333333333333
2004 12 2.1 27.4677419354839 7.48387096774194
2005 1 5.3 27.8709677419355 7.82258064516129
2005 2 14.6 28.3392857142857 9.89285714285714
2005 3 19 29.6612903225806 9.74193548387097
2005 4 5.9 33.5 13.65
2005 5 4.4 33.5806451612903 14.4193548387097
2005 6 3.6 34.1 16.8
2005 7 162.6 30.9838709677419 15.741935483871
2005 8 83.8 29.6774193548387 15.5967741935484
2005 9 10.2 30.4333333333333 14.3333333333333
2005 10 24.8 30.3387096774194 12.8548387096774
2005 11 0.1 30.0333333333333 9.28333333333333
2005 12 0 29.4032258064516 7.75806451612903
2006 1 20.6 28.1774193548387 7.30645161290323
2006 2 0 30.3392857142857 8.875
2006 3 6.2 31.9677419354839 10.8064516129032
2006 4 14.6 34 13.5666666666667
2006 5 132.8 32.4032258064516 14.2258064516129
2006 6 58.1 31.0166666666667 14.6
2006 7 108 29.8387096774194 15
2006 8 127.8 29.1451612903226 15.0806451612903
2006 9 98.2 30.3 15.3166666666667
2006 10 81.3 29.7903225806452 13.1935483870968
2006 11 25 28.5166666666667 9.35
2006 12 7 27.6612903225806 6.64516129032258
2007 1 15.9 27.1290322580645 8.30645161290323
2007 2 37.5 28.5535714285714 8.78571428571429
2007 3 0.5 29.3709677419355 10.7258064516129
2007 4 7.4 30.95 12.9833333333333
2007 5 12 32.2903225806452 15.1290322580645
2007 6 128.5 29.8 14.95
2007 7 218.2 28.1290322580645 14.8387096774194
2007 8 141.1 27.7903225806452 13.7903225806452
2007 9 100 28.0333333333333 13.3
2007 10 2.1 28.3548387096774 10.4838709677419
2007 11 7.5 28.5333333333333 8.06666666666667
2007 12 0.2 29.3870967741935 7.70967741935484
2008 1 0 27.2096774193548 6.19354838709677
2008 2 4.2 29.5172413793103 7.63793103448276
2008 3 0.2 29.1774193548387 8.75806451612903
2008 4 0.2 31.7666666666667 12.4
2008 5 25.3 31.5806451612903 14.1290322580645
2008 6 88.5 29.2 14.45
2008 7 115.1 27.5322580645161 13.8548387096774
2008 8 115.1 27.8870967741935 14.3225806451613
2008 9 94.7 26.8166666666667 13.5
2008 10 16.6 27.6774193548387 10.4032258064516
2008 11 0 27.4833333333333 7.08333333333333
2008 12 0 28.0354838709677 5.46774193548387
2009 1 0 27.8064516129032 6.48387096774194
2009 2 0 29.3035714285714 7.71428571428571
2009 3 8.2 29.5322580645161 10.2096774193548
2009 4 3.8 31.0666666666667 11.9166666666667
2009 5 19.1 31.7903225806452 14.8064516129032
2009 6 146.1 30.7166666666667 14.65
2009 7 107.4 29.8225806451613 13.8387096774194
2009 8 45.3 29.5161290322581 14.2903225806452
2009 9 190.4 28.2333333333333 14.8666666666667
2009 10 68.6 28.9354838709677 12.7258064516129
2009 11 0 27.1666666666667 7.88333333333333
2009 12 12.7 26.1290322580645 6.79032258064516
