"anio" "mes" "ppAcc" "mTmax" "mTmin"
1970 1 -83.4231247409863 14.357345198369 -13.5863097886541
1970 2 -12.8540305010893 3.08848995831699 0.799867374005299
1970 3 -100 18.338280782066 0.0636487122443974
1970 4 -100 32.250833333333 15.4125
1970 5 -65.3468523390875 11.561532258064 -1.57115591397801
1970 6 14.3164501993605 7.07323902151497 8.01464780430301
1970 7 23.9541949053518 -0.905707196029013 7.04466501240701
1970 8 -26.0720510217762 2.05873772791001 5.64355539971999
1970 9 58.776019436601 -6.45730211817199 7.642886340712
1970 10 -88.4825799021019 19.389400465538 -1.6668257940921
1970 11 -2.16807023830848 8.183451708916 -22.9839857754977
1970 12 -100 28.385268817205 -14.3333953680728
1971 1 -91.7115623704932 25.163796811272 -3.2314710789767
1971 2 -100 19.338489958317 -12.7715611974233
1971 3 145.728234336859 17.370538846582 -16.8718351587233
1971 4 -82.9584185412406 4.584166666667 -39.5875
1971 5 136.154784059552 5.755080645161 -0.603413978495002
1971 6 95.5311673443608 -21.760094311819 1.51464780430301
1971 7 -25.2021500350549 -9.615384615384 1.238213399503
1971 8 33.6831823492234 -22.618681626929 -0.646767180925014
1971 9 149.090550922582 -9.957302118172 4.809553007379
1971 10 -47.0198675496689 -1.094470502204 8.49446452848809
1971 11 -100 3.516785042249 -4.317319108831
1971 12 0.308641975308635 11.611075268818 5.82789495450791
1972 1 -79.2789059262329 4.35734519836899 7.57498053392649
1972 2 -100 7.90991852974599 -13.6644183402804
1972 3 -67.453213995118 3.983442072388 12.6442938735347
1972 4 112.678936605317 16.250833333333 26.4125
1972 5 81.9931977154592 16.884112903226 23.912715053764
1972 6 -43.3421499348624 24.073239021515 23.014647804303
1972 7 -25.2629118953026 -3.00248138957802 19.625310173697
1972 8 -42.772872656235 -22.296100981767 15.159684431978
1972 9 10.0334887385907 8.20936454849502 17.309553007379
1972 10 22.0846530377195 11.324884336505 24.4622064639721
1972 11 46.7478946425373 13.850118375582 41.0160142245023
1972 12 -84.5679012345679 -7.58247311827898 10.0214433416046
1973 1 -100 9.35734519836899 7.0265934371523
1973 2 -70.9513435003631 3.44563281546002 11.514153088291
1973 3 -67.453213995118 21.241506588517 28.2894551638572
1973 4 84.0490797546012 3.91750000000002 18.745833333333
1973 5 577.404864275172 2.36798387096698 21.977231182796
1973 6 -0.309896964194003 -1.92676097848501 22.18131447097
1973 7 57.3732180415986 -18.163771712158 23.980148883374
1973 8 97.2688793978511 -15.844488078542 21.288716690043
1973 9 51.946943331801 -4.123968784839 21.309553007379
1973 10 101.554851713216 -14.158986631237 17.3654322704241
1973 11 -100 2.85011837558201 8.0160142245023
1973 12 -100 -12.74376344086 -11.2688792390405
1974 1 -87.5673435557397 1.29282906933597 10.6394966629588
1974 2 -100 4.15991852974599 5.0855816597196
1974 3 46.4605370219691 -1.66171921793399 -3.32344806194911
1974 4 65.6441717791411 -14.0825 8.745833333333
1974 5 -64.0634024257203 -10.212661290323 7.13852150537599
1974 6 -20.3248983459002 -2.593427645152 -2.15201886236299
1974 7 16.9665809768638 -12.679900744417 10.4317617866
1974 8 -23.8503820887518 -0.360617110799986 15.804845722301
1974 9 21.8990084706808 -9.79063545150499 10.976219674045
1974 10 -79.2686438237835 -19.642857598979 -0.0539225682856959
1974 11 -58.0720301021322 6.516785042249 3.3493475578356
1974 12 54.320987654321 11.449784946237 19.6988626964433
1975 1 219.104848736013 -11.287816091954 6.445948275862
1975 2 -36.0929557007988 1.65991852974599 9.3712959454339
1975 3 -100 11.88666787884 14.7410680670831
1975 4 -100 18.9175 24.4125
1975 5 9.60662260155297 0.432500000000005 23.590134408602
1975 6 73.0527811772138 -12.260094311819 20.514647804303
1975 7 -25.7490067772844 -12.841191066997 8.17369727047101
1975 8 34.8323214525118 -7.77997194950899 15.804845722301
1975 9 -25.3923435550595 -16.457302118172 -0.357113659287993
1975 10 -100 -3.191244695753 -1.0216645037695
1975 11 -86.0240100340441 8.85011837558203 -2.317319108831
1975 12 -53.7037037037037 -5.00182795698898 -8.6882340777502
1976 1 -100 -8.70717093066403 -12.9088904338154
1976 2 -100 -11.911510041683 -14.2001326259947
1976 3 -18.633034987795 -54.887525669547 -49.7750609651749
1976 4 -25.0170415814588 -73.5825 -57.5875
1976 5 -48.6620034653148 -76.664274193549 -58.0227688172042
1976 6 -79.2151908728435 -62.260094311819 -57.81868552903
1976 7 99.3596634727741 -79.131513647642 -49.2456575682386
1976 8 2.42659873977744 -61.005778401122 -57.098380084151
1976 9 10.7163963490707 -64.457302118172 -54.6904469926213
1976 10 113.302620213072 -77.610599534462 -51.6668257940921
1976 11 130.603834438273 -102.816548291084 -49.9839857754977
1976 12 23.4567901234568 -65.969569892473 -38.0430727874276
1977 1 -90.0538748445918 -52.255558027438 -40.3282452725251
1977 2 -100 -62.982938613111 -52.9501326259947
1977 3 -26.7697314890155 -49.726235346967 -50.7428029006588
1977 4 82.0040899795501 -95.115833333333 -73.9208333333333
1977 5 35.7890008342424 -72.470725806452 -57.0550268817203
1977 6 59.1962417591095 -73.926760978485 -55.4853521956967
1977 7 -1.74807197943441 -60.744416873449 -54.4069478908193
1977 8 -2.93605040890199 -101.245610098177 -52.6664025245437
1977 9 -14.2950948847594 -120.022519509476 -57.2701571375489
1977 10 -25.5974661675785 -122.181686750711 -59.7492630700778
1977 11 -96.506002508511 -141.752445726982 -48.9070626985746
1977 12 131.481481481481 -127.776021505376 -39.3954301075269
1978 1 -75.1346871114795 -127.198828327771 -51.7242408231369
1978 2 -100 -128.697224327397 -51.985846911709
1978 3 165.256305939788 -92.119535595106 -59.396649054505
1978 4 -100 -60.0825 -48.2541666666667
1978 5 -45.3250336905602 -64.40620967742 -50.2808333333332
1978 6 -56.1979392838814 -73.260094311819 -44.1520188623633
1978 7 -4.42159383033414 -2.19602977667499 3.33498759305201
1978 8 -10.5203684906058 -8.42513323983198 9.19194249649399
1978 9 -41.5260358526496 -12.457302118172 8.80955300737901
1978 10 134.033976389289 -23.513825340914 3.1718838833272
1978 11 -16.1440602042644 -1.483214957751 10.0160142245023
1978 12 -100 4.35301075268903 17.118217535153
1979 1 -100 2.26057100481999 5.3169160177975
1979 2 8.93246187363835 -8.34008147025401 -0.628704054566098
1979 3 -100 -3.274622443741 10.2249390348251
1979 4 -18.200408997955 1.584166666667 10.745833333333
1979 5 -59.9563627029455 8.497016129032 2.622392473118
1979 6 -85.0657297382653 7.406572354848 6.51464780430301
1979 7 -42.7015657863987 23.771712158809 15.593052109181
1979 8 -46.6799456074158 8.026479663394 10.966136044881
1979 9 7.13113139405069 -4.123968784839 -6.35711365928801
1979 10 -100 43.260368207473 -20.0539225682857
1979 11 -72.0480200680881 7.18345170891602 -8.9839857754977
1979 12 395.37037037037 -8.87279569892399 3.8924110835401
1980 1 654.247824285122 -13.545880608083 -2.9088904338154
1980 2 13.2897603485839 -12.625795755968 -8.485846911709
1980 3 -100 8.660861427227 1.1926809703089
1980 4 98.3640081799591 -7.0825 2.079166666667
1980 5 -58.416222806905 12.045403225806 12.94497311828
1980 6 -48.499861829379 16.406572354848 10.847981137637
1980 7 -70.1659266183688 34.094292803971 13.01240694789
1980 8 44.0254342788195 11.252286115007 15.804845722301
1980 9 -19.3315385120495 10.542697881828 14.642886340712
1980 10 -30.6651310106536 5.51843272360202 7.04285162526309
1980 11 327.665292958252 -3.81654829108399 -2.9839857754977
1980 12 -49.0740740740741 2.094946236559 -8.20436311000829
1981 1 449.523414836303 -22.578138672599 -13.554051724138
1981 2 361.873638344227 -7.62579575596799 4.7284388025767
1981 3 -41.4157851912124 -6.177848250192 6.03139064772829
1981 4 240.831629175187 -10.0825 0.0791666666667012
1981 5 -15.2923057177694 -1.825564516129 -17.0550268817203
1981 6 2.53839169397187 -1.92676097848501 1.847981137637
1981 7 -21.677962140687 -3.64764267990001 3.980148883374
1981 8 -1.32725566429815 12.542608695652 6.77258765778399
1981 9 -47.0746601877997 12.542697881828 -1.690446992621
1981 10 105.931471350417 8.74423917521501 17.6880129155851
1981 11 -97.2048020068088 10.183451708916 0.3493475578356
1981 12 15.7407407407407 9.191720430108 20.6666046319272
1982 1 -100 24.518635520949 11.929819243604
1982 2 101.888162672476 12.017061386889 10.0855816597196
1982 3 -91.8633034987795 14.144732394969 11.1926809703089
1982 4 -31.1520109066121 19.584166666667 21.745833333333
1982 5 52.2171597253417 8.81959677419299 21.654650537635
1982 6 -71.132209545616 46.073239021515 31.514647804303
1982 7 -42.8838513671418 22.481389578164 21.722084367245
1982 8 -58.6309922816157 26.090995792426 27.417748948107
1982 9 -44.8552104537397 30.209364548495 15.309553007379
1982 10 94.8747480564353 1.970045626828 -2.634567729576
1982 11 -71.3492205697903 8.85011837558203 9.0160142245023
1982 12 224.074074074074 -5.969569892473 14.2149917287014
1983 1 78.201409034397 -17.73942899518 6.2846579532814
1983 2 -91.2854030501089 -22.232938613111 5.0855816597196
1983 3 62.7339300244101 -9.08107405664399 20.8701003251472
1983 4 -100 10.9175 -0.254166666666702
1983 5 -3.74125649746519 21.722822580645 13.590134408602
1983 6 -85.3736528364454 41.739905688181 13.847981137637
1983 7 42.8511334423931 3.449131513648 16.076923076923
1983 8 -16.1128454599429 9.96196353436201 12.256458625526
1983 9 62.275920940311 -1.79063545150498 5.976219674045
1983 10 62.8563201842787 6.16359401392501 3.8170451736498
1983 11 275.255330585917 4.016785042249 32.6826808911693
1983 12 -61.4197530864198 6.93365591397903 32.9246691480562
1984 1 24.3265644426026 -1.28781609195403 28.3814321468298
1984 2 100.435729847495 -10.840081470254 17.2284388025767
1984 3 -100 1.24150658851701 26.0313906477282
1984 4 -100 15.9175 45.4125
1984 5 -56.3627029455176 -12.470725806452 16.170779569893
1984 6 -25.2516679167818 3.40657235484798 12.18131447097
1984 7 -5.51530731479314 -8.80893300248101 8.17369727047101
1984 8 17.4420163560799 0.123253856942007 10.64355539972
1984 9 -15.4901832030995 -16.123968784839 0.642886340712003
1984 10 -53.9303196084077 12.45391659457 10.7525290446171
1984 11 -100 6.016785042249 -1.9839857754977
1984 12 -38.2716049382716 8.869139784947 3.24724979321751
1985 1 -100 2.74444197256198 3.38143214682979
1985 2 -70.9513435003631 5.94563281546002 7.0498673740053
1985 3 -100 10.596345298195 12.2894551638573
1985 4 168.575323790048 -13.415833333333 -0.920833333333295
1985 5 -48.1486234999679 -2.95459677419402 6.00948924731199
1985 6 119.549169002408 -4.92676097848502 10.514647804303
1985 7 0.0747838279972299 -9.45409429280399 3.17369727047101
1985 8 8.55534062398253 1.89744740532902 5.48226507713899
1985 9 -70.9764265545998 19.376031215161 -6.02378032595499
1985 10 27.3826662827527 19.389400465538 14.4622064639721
1985 11 -30.1200501702203 14.183451708916 49.1826808911693
1985 12 8.02469135802468 -5.485698924731 19.6988626964433
1986 1 -100 -0.48136447905101 0.962077308120097
1986 2 -100 7.19563281546002 1.8712959454339
1986 3 -100 -11.661719217934 -17.033125481304
1986 4 109.270620313565 10.750833333333 11.079166666667
1986 5 14.7404222550215 12.367983870967 8.42884408602199
1986 6 39.7970865737635 -10.260094311819 4.01464780430301
1986 7 -41.1825192802056 7.15880893300302 5.59305210918101
1986 8 -24.003600635857 17.703899018233 0.48226507713899
1986 9 -14.9780024952395 17.542697881828 9.30955300737899
1986 10 152.00115174201 -2.22350276026898 7.5267225930051
1986 11 32.7719046765814 7.01678504224901 14.8493475578356
1986 12 85.1851851851852 5.64333333333401 -8.20436311000829
1987 1 -100 4.84121616611098 -4.0379226918799
1987 2 -24.4734931009441 -4.947224327397 -4.9144183402804
1987 3 -67.453213995118 -8.75849341148299 0.224939034825091
1987 4 43.8309475119291 -2.5825 -0.920833333333295
1987 5 -88.4489507796958 7.85185483870901 -0.442123655914006
1987 6 0.767833879436337 10.073239021515 1.51464780430301
1987 7 34.3444730077121 10.223325062035 18.01240694789
1987 8 -45.6840250512324 14.800673211781 11.288716690043
1987 9 -43.3186683301596 33.876031215161 9.976219674045
1987 10 -100 13.905529497796 -24.0861806328018
1987 11 19.4947142089232 24.850118375582 8.0160142245023
1987 12 -100 23.223978494624 6.79563688999171
1988 1 -33.6924989639453 7.42186132740098 -14.8443743047831
1988 2 -100 16.838489958317 1.514153088291
1988 3 622.538649308381 -9.08107405664399 8.6120358090186
1988 4 44.5126107702795 -8.415833333333 1.245833333333
1988 5 -69.1972020791889 13.174435483871 2.94497311828
1988 6 -35.4901109312699 12.239905688181 -18.9853521956967
1988 7 76.6347277401263 2.15880893300302 -30.3746898263032
1988 8 -75.4850324631797 6.73615708274902 -32.2596704067317
1988 9 -79.5981351369099 9.04269788182802 -16.5237803259547
1988 10 -100 15.841013368763 -10.5377935360276
1988 11 -79.0360150510661 2.01678504224901 7.5160142245023
1988 12 -100 15.965913978495 0.827894954507906
1989 1 -100 26.131538746756 7.0911095661846
1989 2 20.5519244734931 7.90991852974599 -4.735846911709
1989 3 -100 -0.0488159921279774 -20.7428029006588
1989 4 -51.6019086571234 5.750833333333 -8.25416666666671
1989 5 -74.3310017326574 14.787338709677 -8.345349462365
1989 6 -38.3383995894358 27.739905688181 -4.152018862363
1989 7 -61.7807899041832 12.803970223325 -14.8908188585612
1989 8 28.7035795683067 2.865189340813 -20.1628962131833
1989 9 -39.3919495698996 5.542697881828 -29.6904469926213
1989 10 -76.9651598042039 9.389400465538 -5.0539225682857
1989 11 -100 30.683451708916 -3.1506524421644
1989 12 276.543209876543 -11.292150537634 -8.20436311000829
1990 1 -100 2.74444197256198 1.1233676307007
1990 2 74.2919389978213 -1.73293861311098 -3.6644183402804
1990 3 -51.179820992677 -5.69397728245001 -13.6460287071104
1990 4 -93.1833674164963 -15.249166666667 -25.4208333333333
1990 5 1.1358531733299 2.36798387096698 6.332069892473
1990 6 -59.8160356874975 10.073239021515 -23.1520188623633
1990 7 -14.9941575134377 -0.421836228286985 16.883374689826
1990 8 56.6659644149924 4.80067321178101 15.966136044881
1990 9 -28.6361547048395 7.04269788182803 10.809553007379
1990 10 43.046357615894 9.71198111069899 -4.7313419231244
1990 11 -100 8.516785042249 -18.1506524421644
1990 12 -69.1358024691358 11.933655913979 -11.1075889164599
1991 1 -41.9809365934521 16.615409714498 -9.84437430478311
1991 2 35.0762527233116 2.90991852974599 -3.485846911709
1991 3 -100 29.30602271755 0.870100325147689
1991 4 -100 26.4175 3.745833333333
1991 5 -15.2923057177694 18.980887096774 -15.9259946236558
1991 6 57.0407800718488 13.239905688181 -22.6520188623633
1991 7 126.641738724001 -16.550868486352 -35.0521091811419
1991 8 -65.5258269013464 20.768415147265 -22.7435413744736
1991 9 35.7278875829009 -2.790635451505 -15.1904469926213
1991 10 -58.5372876475669 -23.191244695753 35.5912387220371
1991 11 -72.0480200680881 -11.316548291084 6.8493475578356
1991 12 239.506172839506 -7.58247311827898 23.2472497932175
1992 1 795.151263986739 -28.545880608083 33.8653031145717
1992 2 248.583877995643 -34.473086396363 9.1865668813945
1992 3 -23.5150528885273 -12.306880508257 15.0636487122444
1992 4 43.1492842535787 -31.749166666667 -1.92083333333331
1992 5 111.769235705577 -43.438467741936 -21.5711559139784
1992 6 -50.7323042911847 0.406572354847974 -22.81868552903
1992 7 -24.0476746903482 -6.38957816377101 -20.3746898263032
1992 8 -36.4143029513723 -23.586423562413 -20.4854768583446
1992 9 -2.68566550659937 10.876031215161 17.309553007379
1992 10 80.8234955369997 -0.0488642730610067 36.0361775429491
1992 11 263.375739114854 -63.483214957751 -1.4839857754977
1992 12 -100 -61.453440860215 5.1827336641853
1993 1 -100 19.357345198369 25.8007869855394
1993 2 161.437908496732 2.01706138688902 50.621295945434
1993 3 -100 25.435054975614 28.7733261315992
1993 4 -72.733469665985 11.750833333333 16.579166666667
1993 5 -100 -4.083629032258 -21.5711559139784
1993 6 -5.31364730962056 -55.926760978485 -25.81868552903
1993 7 20.4300070109839 -33.325062034739 -30.0521091811419
1993 8 -53.2683431329362 -15.199326788219 -34.5177349228607
1993 9 -14.2097314334494 -16.457302118172 -34.357113659288
1993 10 -6.70889720702563 -10.933180179624 -12.3119870844147
1993 11 -9.15606522128645 1.516785042249 7.682680891169
1993 12 -100 -38.227634408602 -0.301137303556693
1994 1 -29.5482801491919 -11.126525769373 12.2523998887653
1994 2 -100 -3.518652898826 10.7998673740053
1994 3 -51.179820992677 -38.11333212116 7.966874518696
1994 4 182.890252215406 -46.249166666667 -10.0875
1994 5 -12.2120259256882 -5.05137096774199 -2.216317204301
1994 6 103.229244798863 2.07323902151497 -14.152018862363
1994 7 -64.1505024538443 25.707196029777 -16.9875930521096
1994 8 37.1305996590887 14.090995792426 -14.679025245441
1994 9 -7.80747258519941 13.542697881828 -16.6904469926213
1994 10 -35.5024474517708 27.776497239731 1.3976903349401
1994 11 -100 38.050118375582 16.3493475578356
1994 12 116.049382716049 44.67559139785 25.1827336641853
1995 1 16.0381268130957 15.163796811272 13.2201418242491
1995 2 59.7676107480029 15.94563281546 -2.9501326259947
1995 3 -100 18.660861427227 5.3862293574057
1995 4 29.5160190865712 10.584166666667 -1.2541666666667
1995 5 76.6027080793172 16.884112903226 -10.280833333333
1995 6 -13.7815325095732 20.906572354848 -12.485352195697
1995 7 -75.6952559009114 12.481389578164 -19.4069478908193
1995 8 12.6156321222684 10.123253856942 -20.1628962131833
1995 9 30.6060805043008 17.542697881828 -17.1904469926213
1995 10 -86.1790958825223 16.002303691344 -8.7313419231244
1995 11 165.543809353163 22.350118375582 -4.4839857754977
1995 12 347.530864197531 47.25623655914 21.1504755996691
1996 1 -100 41.196054875788 5.80078698553939
1996 2 -100 54.492430845017 3.6348427434634
1996 3 -83.726606997559 9.78989368529099 -19.291189997433
1996 4 -52.2835719154738 39.9175 -30.7541666666667
1996 5 -97.4331001732657 13.658306451613 0.203037634409
1996 6 -13.011724764123 17.906572354848 4.51464780430301
1996 7 -23.440056087871 31.674937965261 3.33498759305201
1996 8 64.0204546760385 19.155511921458 5.15968443197799
1996 9 -16.3438177161995 14.542697881828 12.642886340712
1996 10 -15.0014396775122 10.937787562312 -3.47327740699541
1996 11 -100 12.983451708916 -3.917319108831
1996 12 -25.9259259259259 23.67559139785 3.2795078577337
1997 1 -80.1077496891836 9.74444197256197 -5.5217936596218
1997 2 -100 14.588489958317 10.764153088291
1997 3 892.676973148902 -12.726235346967 -4.0976416103362
1997 4 162.440354464894 -30.9825 -18.8208333333333
1997 5 -16.5757556311365 -18.212661290323 -18.4421236559139
1997 6 21.0137775847776 7.43990568818099 -18.91868552903
1997 7 -15.8448235569058 13.158808933003 -13.406947890819
1997 8 23.7239767873901 26.026479663394 -12.324186535764
1997 9 -65.9399829273098 21.109364548495 -0.757113659288002
1997 10 -29.2830405989058 -0.481567276397996 -10.8281161166728
1997 11 -18.9392581974556 16.750118375582 13.382680891169
1997 12 -100 3.09494623655901 -9.881782464847
1998 1 -100 10.776700037078 -5.7798581757509
1998 2 -100 12.088489958317 -9.2715611974233
1998 3 -100 22.88666787884 -6.00086741678781
1998 4 -100 35.184166666667 5.14583333333301
1998 5 -100 46.755080645161 12.880456989247
1998 6 6.92629584303825 47.539905688181 24.047981137637
1998 7 -38.265949988315 31.642679900745 13.980148883374
1998 8 -26.455097389539 16.220028050491 10.579039270688
1998 9 65.0075513822311 11.709364548495 24.576219674045
1998 10 154.995680967463 -0.997696308655982 14.6880129155851
1998 11 19.4947142089232 14.516785042249 9.8493475578356
1998 12 -100 14.707849462366 -8.397911497105
1999 1 -100 11.615409714498 -14.4250194660735
1999 2 -100 11.231347101174 1.9784388025767
1999 3 -100 16.951184007872 1.25719709934119
1999 4 -82.9584185412406 28.5175 8.845833333333
1999 5 -87.1655008663287 33.561532258064 6.10626344086
1999 7 0.257069408740401 13.900744416874 3.17369727047101
1999 8 18.7443740064735 15.445834502104 -0.485476858345013
1999 9 -62.5254448749098 12.276031215161 -4.223780325955
1999 10 -55.0820616181975 7.099077884892 -19.892632245705
1999 11 -100 20.216785042249 -14.8506524421644
1999 12 -69.1358024691358 12.482043010753 -14.6559760132341
2000 1 -100 19.357345198369 -6.4250194660735
2000 2 -100 19.940706707086 -2.7789503599849
2000 3 -73.9625711960944 30.951184007872 3.35397129288959
2000 4 -86.3667348329925 31.184166666667 -3.3208333333333
2000 5 104.581916190721 13.497016129032 5.10626344085999
2000 6 -4.92874343689544 1.17323902151497 7.614647804303
2000 7 -34.3771909324608 31.578163771713 -4.79404466501299
2000 8 -52.5022503974106 20.155511921458 -1.904831697054
2000 9 -68.8423402718498 36.876031215161 -7.457113659288
2000 10 139.56233803628 25.357142401021 -7.6023096650599
2000 11 34.1695036731769 18.816785042249 17.6493475578356
2000 12 -84.5679012345679 1.86913978494701 -6.75275020678249
2001 1 -66.8462494819726 20.034764553207 4.8653031145717
2001 2 103.340595497458 17.802775672603 8.5855816597196
2001 3 62.7339300244101 1.88666787883999 5.54751967998639
2001 4 43.1492842535787 7.4175 20.579166666667
2001 5 -2.45780658409806 -0.535241935484017 5.203037634409
2001 6 85.5236666535077 6.139905688181 1.88131447097
2001 7 19.7008646880113 13.93300248139 -7.79404466501299
2001 8 43.2593415432938 10.792071061243 -6.740315568022
2001 9 -28.2947008995995 13.042697881828 -8.749970802145
2001 10 -28.591995393032 0.744239175215 -25.963822457051
2001 11 -58.0720301021322 5.24092297328302 -15.7426064651529
2001 12 -7.40740740740741 10.157311827957 -7.6108147229115
2002 1 123.787815996685 2.55519466073398 -14.2863097886541
2002 2 335.729847494553 -6.38953201970498 -4.1012315270936
2002 3 -100 8.78099490887301 7.4296108924446
2002 4 15.8827539195637 7.51750000000001 -2.45416666666671
2002 5 -94.8662003465315 11.197016129032 1.75895161290299
2002 6 -12.2419170186727 11.716917182434 -7.95661656351299
2002 7 39.1446599672821 2.44913151364798 -2.66501240694799
2002 8 -41.7769521000517 18.925404394577 -3.340315568022
2002 9 41.7033291746009 9.976031215161 1.30955300737901
2002 10 -83.8756118629427 20.177572508548 6.9729591521441
2002 11 215.158573732306 -17.126072100608 -21.6268429183548
2002 12 -53.7037037037037 0.557311827957001 -6.07748138957819
2003 1 89.8052217157066 -15.255558027438 7.0265934371523
2003 2 -100 20.659918529746 3.2998673740053
2003 3 -100 12.531829169162 -0.742802900658805
2003 4 -100 19.250833333333 16.579166666667
2003 5 -52.5123532054162 34.626048387096 19.719166666667
2003 6 20.3209506138724 3.40657235484798 24.514647804303
2003 7 24.561813507829 8.61042183622899 11.076923076923
2003 8 54.5209047555206 4.47809256662001 5.15968443197799
2003 9 164.029154901832 -0.457302118171974 19.642886340712
2003 10 178.030521163259 -3.191244695753 15.4299483994561
2003 11 279.448127575704 -14.183214957751 -16.017319108831
2003 12 -100 -3.388924731182 -23.0430727874276
2004 1 29.2996270203067 -18.062009640341 1.6072385984427
2004 2 -100 1.56139636225799 -9.6065365668814
2004 3 5.77705451586657 0.27376465303302 12.8055841961154
2004 4 -61.1451942740286 -6.749166666667 6.41249999999999
2004 5 57.8643393441571 -2.47072580645199 5.52561827957
2004 6 28.634874264735 -30.926760978485 15.514647804303
2004 7 9.79668146763266 -8.16377171215802 6.238213399503
2004 8 9.62787045371842 -2.94126227208999 13.22420056101
2004 9 34.7888896184909 1.54269788182802 13.309553007379
2004 10 -89.8646703138497 9.71198111069899 17.3654322704241
2004 11 -100 18.516785042249 -0.650652442164397
2004 12 -100 -0.808279569892001 -8.0430727874276
2005 1 -83.4231247409863 7.74444197256198 2.57498053392649
2005 2 35.0762527233116 3.44563281546002 -0.271561197423296
2005 3 194.548413344182 7.69311949174302 1.5152616154702
2005 4 26.7893660531697 21.584166666667 13.079166666667
2005 5 -67.1436822178015 7.85185483870901 4.55787634408599
2005 6 -94.3034226836682 29.073239021515 26.18131447097
2005 7 -26.5389109605048 8.287841191067 21.076923076923
2005 8 -10.5969777641583 -1.650939691445 20.320974754559
2005 10 -45.8681255398791 7.13133594940899 1.8815613026821
2005 11 -100 13.183451708916 -5.317319108831
2005 12 -100 20.804623655914 -1.9140405293631
2006 1 -100 17.09928068224 -5.1669549499444
2006 2 -100 18.44563281546 7.5855816597196
2006 3 184.784377542718 15.757635620775 6.99913258321219
2006 4 -76.1417859577369 17.250833333333 16.745833333333
2006 5 129.480844510043 -13.115887096774 6.815940860215
2006 6 -34.1814377640045 -11.926760978485 5.51464780430301
2006 7 -26.7819584014956 -1.38957816377101 14.625310173697
2006 8 8.17229425621971 -11.005778401122 11.611297335204
2006 9 27.7037231597608 1.87603121516101 15.976219674045
2006 10 47.8836740570112 -1.25576082478499 13.1718838833271
2006 11 13.9043182225408 -2.81654829108398 2.0493475578356
2006 12 -25.9259259259259 4.030430107527 -8.26887923904049
2007 1 -19.6021549937837 -3.545880608083 11.6072385984427
2007 2 502.759622367466 0.588489958316991 10.4427245168624
2007 3 -100 4.144732394969 9.90235838966379
2007 4 56.7825494205862 -0.749166666666987 6.079166666667
2007 5 -31.4637746261952 -1.502983870968 16.170779569893
2007 6 109.46468753701 -1.26009431181902 16.514647804303
2007 7 59.6214068707643 -5.58312655086802 17.205955334987
2007 8 50.3840039836822 -11.328359046284 9.998394109397
2007 9 -24.0265283340995 -6.79063545150498 2.97621967404501
2007 10 -84.5666570688166 0.357142401021022 -7.15069676183409
2007 11 43.2538971510483 8.183451708916 -7.6506524421644
2007 12 -100 22.094946236559 10.0214433416046
2008 1 -58.5578118524658 7.74444197256198 -0.392761401557298
2008 2 -56.4270152505447 21.216568776051 6.25553239863581
2008 3 -100 -1.66171921793399 2.1604229057928
2008 4 19.972733469666 9.9175 15.4125
2008 5 -22.2229352499519 -2.79330645161298 11.977231182796
2008 6 35.8710670719673 -11.260094311819 15.514647804303
2008 7 60.7151203552232 -16.550868486352 12.689826302729
2008 8 41.65054679869 -6.48964936886397 16.288716690043
2008 9 -44.2576662945696 -20.457302118172 6.97621967404499
2008 10 -81.5721278433631 -8.029954373172 -5.5377935360276
2008 12 -100 14.67559139785 -10.3011373035567
2009 1 -58.5578118524658 7.42186132740098 4.187883759733
2009 2 -100 9.87420424403201 2.9784388025767
2009 3 -18.633034987795 4.46731304012999 0.224939034825091
2009 4 -96.5916837082481 9.25083333333301 8.4125
2009 5 7.29641275749212 -3.43846774193601 20.041747311828
2009 6 4.07800718487235 9.073239021515 20.847981137637
2009 8 -26.8381437573018 16.736157082749 7.90161991584899
2009 9 48.361678376781 -6.12396878483899 24.976219674045
2009 10 44.1980996256838 9.389400465538 25.4299483994561
2009 11 -100 1.18345170891601 -2.317319108831
2009 12 105.246913580247 2.41752688172102 9.69886269644331
