"anio" "mes" "ppAcc" "mTmax" "mTmin"
1970 1 -100 4.545328142381 -7.2649082313682
1970 2 -26.1108337493759 -20.321263227513 4.1874064951651
1970 3 -100 5.40759176863201 8.95875973303669
1970 4 -100 26.240009578544 19.082327586207
1970 5 -43.0779611114519 10.61137922942 -6.01358880531601
1970 6 59.0708964992027 0.64579070354899 -0.350212359479993
1970 7 -34.8320663184699 6.421698373311 3.12048524951701
1970 8 -55.255563240871 9.73751920122901 4.38341973886299
1970 9 144.54515722095 6.35493637109999 9.62688218390801
1970 10 -9.62912343915021 22.740694789082 7.19451337193298
1970 11 -41.4818310523832 -1.42960591132997 -29.0567405582922
1970 12 -100 12.42056451613 -9.4319623655914
1971 1 -96.1074347995329 18.255005561736 13.2189627363737
1971 2 -100 9.50016534391601 -9.02687921912061
1971 3 132.635983263598 1.052753058954 10.2490823136818
1971 4 -96.2997224791859 -4.42665708812299 -2.251005747127
1971 5 107.81451266638 3.51460503587202 10.115443452749
1971 6 180.825340917204 -18.520875963118 6.81645430718699
1971 7 -49.9823423356443 -5.02991452991502 5.701130410808
1971 8 20.8767619910797 -21.552803379416 6.318903609831
1971 9 137.630238751577 7.02160303776701 15.460215517242
1971 10 21.8674287134248 2.25682382134 21.871932726771
1971 11 27.4185936762624 -4.49627257799698 9.9432594417078
1971 12 96.5973534971645 1.45282258064601 23.6325537634408
1972 1 -78.9801479174776 -2.06757508342598 23.3802530589544
1972 2 -100 -7.28554894179901 -4.7411649334063
1972 3 125.941422594142 -10.398859844271 6.21682424916569
1972 4 -56.3367252543941 15.073342911877 19.082327586207
1972 5 214.297981966509 9.32105664877501 14.147701517265
1972 6 -24.2247554677646 -5.35420929645102 6.316454307187
1972 7 0.397762123380649 -7.28797904604402 3.76564653984
1972 8 -55.3509671572018 -9.778609831029 0.351161674346994
1972 9 39.4197075176377 7.18826970443299 7.293548850575
1972 10 -72.3799465738958 3.54714640198498 19.936448855804
1972 11 269.042000943841 2.73706075533703 44.6099261083741
1972 12 -83.6168872085696 -3.86975806451598 2.18094086021501
1973 1 -93.7718956792526 0.513070077865017 -8.0713598442714
1973 2 119.670494258612 -1.57126322751299 10.794549352308
1973 3 -100 7.98823692992201 24.1200500556172
1973 4 82.0536540240518 -13.426657088123 7.748994252873
1973 5 -38.4162424093725 -15.356362706064 11.244475710813
1973 6 70.4943001975297 -15.520875963118 2.64978764052
1973 7 55.4171855541719 -24.707333884754 8.443065894679
1973 8 209.204092828011 -35.585061443932 7.447935867896
1973 9 -30.1967013970004 -4.811730295567 0.960215517241991
1973 10 -17.3821208920917 -15.807692307693 11.388061759029
1973 11 -100 -9.59627257799699 4.60992610837439
1973 12 -100 -25.643951612903 -11.6900268817204
1974 1 -100 4.061457174639 10.799607897664
1974 2 -64.053919121318 -17.821263227513 -0.991164933406301
1974 3 164.435146443515 -15.721440489433 5.2490823136818
1974 4 33.950046253469 -29.759990421456 3.41566091953998
1974 5 -72.7657486352205 -18.582169157677 4.470282162426
1974 6 10.711820842952 -31.687542629784 -3.516879026147
1974 7 1.34012378952069 -25.352495175076 -6.87951475048299
1974 8 6.6615784577957 -11.391513056835 3.899548771121
1974 9 37.2704761014811 -28.311730295567 -2.706451149425
1974 10 -94.9120954215071 -24.678660049628 -15.0635511441964
1974 11 -33.9310995752714 -21.562939244663 -2.5567405582922
1974 12 46.1877756773787 -12.41814516129 17.5035215053763
1975 1 233.203581159984 -23.357897664071 3.7028337041157
1975 2 -100 -13.178406084656 8.47312078087939
1975 3 -100 -7.17305339265899 12.0232758620689
1975 4 -100 -4.42665708812299 16.582327586207
1975 5 30.5281236582224 -23.098298189935 12.373507968878
1975 6 28.5132916061782 -26.187542629784 4.14978764052
1975 7 24.7541867251539 -25.513785497657 -5.58919216983799
1975 8 75.5432060486083 -23.810867895545 -0.939160906298007
1975 9 -61.1269448208195 -36.978396962233 -15.873117816092
1975 10 -100 -27.58188585608 -12.3216156603255
1975 11 -100 -12.596272577997 -18.8900738916256
1975 12 -100 -18.385887096774 -14.5932526881721
1976 1 -100 -22.551446051168 -13.3939404894327
1976 2 -100 -22.285548941799 -29.3840220762635
1976 3 -41.4225941422594 -6.044021134594 4.12005005561729
1976 4 170.860314523589 -26.093323754789 -1.58433908046002
1976 5 -1.36784640863644 -27.130556254451 -6.01358880531601
1976 6 -96.6681739213213 -18.854209296451 -1.35021235947999
1976 7 171.40015984833 -35.836366142818 -1.07306313758
1976 8 -26.4435805089799 -33.004416282642 -6.261741551459
1976 9 56.0528897818063 -12.978396962233 2.12688218390801
1976 10 96.4900291979871 -27.259305210918 9.1299972429
1976 11 256.772062293535 -48.762939244663 9.1099261083744
1976 12 91.5563957151859 -26.611693548387 19.1164247311828
1977 1 -92.2148695990658 -6.58370411568399 8.3802530589544
1977 2 -38.0928607089366 -19.428406084656 1.3302636380222
1977 3 -44.7698744769875 -14.431117908788 4.6039210233592
1977 4 159.759481961147 -56.259990421456 -17.7510057471267
1977 5 -21.7321965282463 -26.001523996386 -0.852298482735012
1977 6 19.0889835550584 -25.020875963118 -3.01687902614699
1977 7 -35.267002472073 -9.22346291701203 -5.105321202096
1977 8 2.65461397190355 -2.03667434715801 2.12535522273399
1977 9 -2.35013783114517 -5.6450636289 2.12688218390801
1977 10 -54.9357023047773 -13.549627791563 3.00096498483599
1977 11 -100 -19.096272577997 1.9432594417078
1977 12 -96.2192816635161 -7.57943548386997 -4.9158333333334
1978 1 -100 -5.77725250278 2.8963820912124
1978 2 129.655516724913 -31.928406084656 -5.9911649334063
1978 3 64.0167364016737 -19.803754171302 -8.68862625139051
1978 4 -100 -7.59332375478898 2.58232758620698
1978 5 -31.300987548304 -14.872491738322 4.14770151726499
1978 6 -10.5166710297722 -24.020875963118 2.316454307187
1978 7 18.0126763443059 -2.93314033636701 0.539840088227006
1978 8 -20.6239416128032 -20.585061443932 1.48019393241199
1978 9 -3.751810493856 -22.6450636289 7.46021551724199
1978 10 161.663664036777 -35.646401985112 0.90419079128699
1978 11 -100 -12.262939244663 13.7765927750411
1978 12 -13.0434782608696 -8.063306451612 25.7293279569892
1979 1 -100 -10.454671857619 9.6705756395995
1979 2 99.700449326011 -15.499834656084 10.2588350665937
1979 3 3.76569037656905 -11.366601779755 5.2490823136818
1979 4 -68.9176688251619 -10.093323754789 15.882327586207
1979 5 -90.4312089799423 -8.74345948025699 3.018669259201
1979 6 -47.1667578952379 -13.687542629784 -5.35021235947999
1979 7 -21.7114923514432 2.38944030879498 7.95919492693701
1979 8 -13.7548596369881 -15.262480798771 0.835032642088986
1979 9 -57.3891510535906 -20.6450636289 -10.706451149425
1979 10 -100 12.740694789082 -24.7409704990351
1979 11 -100 -3.42960591133 -13.0567405582922
1979 12 788.468809073724 -25.385887096774 10.5680376344086
1980 1 634.91630984819 -14.648220244716 1.4447691879866
1980 2 9.83524712930604 -21.035548941799 6.3302636380222
1980 3 -100 -2.17305339265899 8.63617908787539
1980 4 -60.0370027752081 -21.926657088123 -5.08433908046001
1980 5 -51.1746304361161 -0.356362706063997 17.373507968878
1980 6 -35.1721840119946 -2.02087596311802 -1.183545692813
1980 7 -65.4225757885541 5.77653708298797 4.24951750758201
1980 8 22.9756481503566 -6.55280337941601 8.738258448541
1980 9 -52.6234640003738 -6.14506362890001 7.62688218390799
1980 10 11.691619556439 -5.323821339951 7.839674662255
1980 11 -82.0670127418594 -17.096272577997 -4.2234072249589
1980 12 -71.0144927536232 -21.289112903225 -7.17389784946239
1981 1 292.370572207084 -34.164349276974 -4.3616824249166
1981 2 23.8142785821268 -13.535548941799 11.8659779237365
1981 3 99.163179916318 -19.753698553949 9.44263070077859
1981 4 354.394079555967 -22.926657088123 1.91566091954
1981 5 -62.9516039992639 -12.775717544773 0.599314420491002
1981 6 20.9928841714462 -12.520875963118 11.816454307187
1981 7 -12.9402799204475 -7.28797904604402 1.991452991453
1981 8 30.2263457914947 2.31816436251901 -0.777870583717011
1981 9 -78.2273513058917 -2.81173029556701 -3.539784482758
1981 10 51.18345033236 4.514888337469 13.646126275158
1981 11 -100 -0.59627257799697 -20.5567405582922
1981 12 202.457466918715 -4.83750000000001 13.7938440860215
1982 1 -89.1008174386921 10.190489432703 5.1544466073415
1982 2 251.472790813779 7.71445105820099 3.11597792373649
1982 3 -100 12.052753058954 13.4748887652952
1982 4 -92.5994449583719 14.240009578544 15.91566091954
1982 5 13.1080169293995 -7.29184657703101 9.954153130168
1982 6 -95.7162236131274 23.979124036882 -0.683545692813006
1982 7 -19.899258378097 4.16363385718199 0.701130410808002
1982 8 -67.7534762802013 5.70526113671299 -5.45528993855601
1982 9 -93.4588609073494 4.3549363711 -6.37311781609201
1982 10 7.33055848915941 -5.96898263027299 -7.16032533774481
1982 11 25.5309108069844 -5.26293924466298 -11.7234072249589
1982 12 421.739130434783 -17.57943548387 1.37448924731181
1983 1 33.1257298559751 -28.035317018909 1.283478865406
1983 2 -56.0659011482776 -20.499834656084 -31.1697363619778
1983 3 37.2384937238494 -11.689182424917 -20.2347886540601
1983 4 -100 4.57334291187699 -10.917672413793
1983 5 -23.9403790713366 11.740411487485 10.921895065652
1983 6 -62.1123777338823 27.645790703549 5.816454307187
1983 8 6.94779020678799 -0.262480798770994 3.41567780337899
1983 9 -4.68625893566323 -7.47839696223298 11.126882183908
1983 10 -43.306206125365 1.12779156327498 1.71064240419099
1983 11 407.786691835772 -0.762939244662988 19.6099261083744
1983 12 141.965973534972 2.90443548387103 9.922876344086
1984 1 102.41339042429 -7.22886540600598 4.0254143492769
1984 2 329.355966050924 -19.071263227513 4.0088350665937
1984 3 -100 2.18178531701902 5.41037263626249
1984 4 -100 7.573342911877 14.748994252873
1984 5 -17.8065386738637 -22.130556254451 -6.658750095638
1984 6 -12.2301815845213 -4.85420929645102 -4.016879026147
1984 7 5.61699596661776 -21.642817755721 -1.556934105321
1984 8 35.4735611896868 -8.00441628264199 -4.64883832565301
1984 9 -51.2217913376629 -27.811730295567 0.126882183907995
1984 10 43.6727340498229 15.160049627791 16.226771436449
1984 11 -74.5162812647475 -1.762939244663 -5.8900738916256
1984 12 -11.7832388153749 -2.57943548386997 2.9873924731183
1985 1 -100 -9.32563959955498 4.0254143492769
1985 2 -64.053919121318 -5.142691798941 7.9374064951651
1985 3 -100 0.40759176863201 11.055533926585
1985 4 259.666975023127 -21.259990421456 -4.41767241379301
1985 5 118.855425381832 -7.29184657703101 -2.14262106338001
1985 6 42.8877412599062 -16.187542629784 -5.85021235948
1985 7 -21.8564710693109 -17.126688723463 -3.65370829887
1985 8 -42.3760345362177 0.866551459293987 -0.939160906298007
1985 9 -70.2845395505303 10.021603037767 -9.03978448275801
1985 10 -76.0141641299621 14.83746898263 8.16225530741599
1985 11 -9.39122227465787 3.57039408867003 1.7765927750411
1985 12 -87.3976055450536 -9.03104838709599 4.1164247311828
1986 1 -100 -8.19660734149 -21.9423275862069
1986 2 5.84123814278581 5.03587962963 -8.4911649334063
1986 3 -100 -21.011763070078 -30.3960789766408
1986 4 212.303422756707 3.57334291187701 4.08232758620699
1986 5 57.7623750230019 -2.13055625445101 4.308991839846
1986 6 77.4435374473453 -19.854209296451 3.816454307187
1986 7 -67.0173416850988 -4.38475323959203 -3.49241797628901
1986 8 -37.1288191380256 8.44719662058399 -3.681096390169
1986 9 -28.4212493575667 11.688269704433 8.960215517242
1986 11 263.378952336008 4.23706075533701 18.1099261083744
1986 12 -39.5085066162571 0.323790322581026 4.922876344086
1987 1 -100 0.513070077865017 -5.4907146829811
1987 2 -100 -2.82126322751299 -3.13402207626351
1987 3 -100 -22.334343715239 3.31359844271409
1987 4 162.719703977798 -12.759990421456 -19.58433908046
1987 5 -76.6914064896031 -5.84023367380599 -9.56197590209001
1987 6 -14.9908374782836 4.81245737021599 -1.35021235947999
1987 7 17.0703146781659 3.84105321202 10.701130410808
1987 8 -31.3091802418489 19.576228878648 2.93180683563699
1987 9 30.916226697192 28.188269704433 -5.70645114942501
1987 10 -97.3349071255513 -3.87220843672502 -31.3538737248416
1987 11 -51.864086833412 1.40372742200302 -10.0567405582922
1987 12 -100 14.839919354839 3.95513440860211
1988 1 -10.4710003892565 -3.84176863181299 -5.0068437152392
1988 2 -100 17.178736772487 6.5088350665937
1988 3 371.966527196653 -15.398859844271 -5.55736929922141
1988 4 -78.5383903792785 0.406676245210988 6.74899425287299
1988 5 -100 16.095250197162 -0.368427514993002
1988 6 -61.541207548966 7.47912403688197 1.483120973853
1988 7 0.542740841248338 0.292666115245979 9.24951750758201
1988 8 101.588475206907 5.06009984639 5.18987135176699
1988 9 -57.6694855861328 -0.31173029556701 -11.539784482758
1988 10 -50.3323600670933 6.77295285359801 -6.6764543700029
1988 11 -100 23.57039408867 -5.8900738916256
1988 12 -100 4.517338709678 -2.0126075268817
1989 1 -100 19.706618464962 6.6060595105673
1989 2 -78.0329505741388 6.64302248677298 -3.13402207626351
1989 3 -100 -8.785956618465 -22.9767241379311
1989 4 -77.7983348751156 -12.926657088123 -11.58433908046
1989 5 -37.1894743298779 5.45008890684002 -7.62649203112201
1989 6 -100 -10.187542629784 0.649787640520003
1989 7 -28.0905559376219 14.970085470085 -7.20209539564401
1989 8 18.9686836644644 6.35042242703499 3.899548771121
1989 9 -30.3835910853619 11.188269704433 -5.206451149425
1989 10 -94.4275330806983 11.127791563275 -23.6119382409706
1989 11 -100 23.07039408867 -0.723407224958903
1989 12 115.500945179584 -1.61169354838698 10.4067473118279
1990 1 -100 3.73887652947801 16.9286401557286
1990 2 99.700449326011 -7.99983465608399 15.4374064951651
1990 3 28.8702928870293 -4.91498887652998 5.5716629588431
1990 4 -81.4986123959297 -3.92665708812299 4.08232758620699
1990 5 30.7734772741213 7.86944374554899 10.115443452749
1990 6 -63.254718103715 1.31245737021597 5.816454307187
1990 7 -3.95159941265028 -11.965398400883 8.76564653984
1990 8 74.7799747179622 -7.5205453149 3.09309715821799
1990 9 -28.1409148250245 0.854936371100017 8.893548850575
1990 10 202.36690066472 -3.87220843672502 18.162255307416
1990 11 -100 4.57039408867001 2.10992610837439
1990 12 -100 5.96895161290401 -11.3674462365592
1991 1 -82.8727131179447 4.545328142381 21.9286401557286
1991 2 -74.0389415876186 -1.21412037037 11.6874064951651
1991 3 -100 22.826946607341 11.539404894327
1991 4 -100 15.406676245211 14.91566091954
1991 5 -19.769367601055 13.03073406813 8.018669259201
1991 6 21.659249387182 6.64579070354897 6.64978764052
1991 7 117.685544878348 -20.352495175076 9.572098152743
1991 8 -43.3300736995254 12.640745007681 -4.64883832565301
1991 9 42.2230528430594 -4.811730295567 4.29354885057499
1991 10 -69.7148536994471 -18.710918114144 3.807416597739
1991 11 61.3968853232657 -13.096272577997 1.6099261083744
1991 12 4.59987397605547 -6.93427419354798 14.1164247311828
1992 1 761.035422343324 -40.6159621802 28.2189627363737
1992 2 127.658512231653 -25.856977513227 -1.88402207626351
1992 3 -26.3598326359833 -4.26982758620699 6.21682424916569
1992 4 1.38760407030527 -24.593323754789 -13.9176724137933
1992 5 90.6397595534564 -26.162814318967 -10.529717837574
1992 6 -26.7950212998881 -0.354209296451025 -9.85021235948
1992 7 -4.31404620731953 5.61524676040797 2.314033636614
1992 8 -12.6100126410189 -3.97215821812601 -0.132709293394999
1992 9 -6.46171097509696 -1.47839696223301 4.126882183908
1992 10 0.546685717835568 -12.58188585608 2.839674662255
1992 11 131.24115148655 -5.76293924466299 16.6099261083744
1992 12 -82.356647763075 5.48508064516202 7.664811827957
1993 1 -48.6181393538342 6.80339265851 15.4770272525028
1993 2 -46.080878681977 10.214451058201 -0.455450647692004
1993 3 -100 -6.366601779755 -22.8799499443827
1993 4 11.7483811285846 32.906676245211 -12.58433908046
1993 5 -60.2527142243759 -4.872491738322 -23.432943644025
1993 6 8.99831028820296 2.64579070354898 5.64978764052
1993 7 37.0048883849743 1.09911772814897 5.21725944306599
1993 8 -58.9763159777709 0.705261136712991 0.512451996927989
1993 9 -29.4491426435546 -1.97839696223301 3.960215517242
1993 10 -91.5201590358452 8.54714640198498 1.226771436449
1993 11 51.0146295422369 7.90372742200301 9.20992610837439
1993 12 -100 15.323790322581 -7.81905913978499
1994 1 -76.6446087971974 0.190489432703025 3.9286401557286
1994 2 -100 4.14302248677298 -0.276879219120607
1994 3 -100 13.633398220245 11.1523081201334
1994 4 7.30804810360778 -8.593323754789 3.91566091953999
1994 5 50.8924737778323 5.61137922941999 5.27673377532999
1994 6 136.845236678645 -3.68754262978403 -2.516879026147
1994 7 -75.1361498856898 21.421698373311 -12.040805073063
1994 8 -25.584945262003 7.4794546851 -2.390773809524
1994 9 -65.4254076531327 -3.81173029556699 -5.873117816092
1994 10 50.2143256507423 14.998759305211 14.936448855804
1994 11 -100 19.811773399015 11.6903858784894
1994 12 -62.1928166351607 19.356048387097 14.6002956989247
1995 1 -32.2693655118723 10.674360400445 12.9286401557286
1995 2 -98.0029955067399 17.000165343916 15.2588350665937
1995 3 -100 8.31081757508301 2.3458565072302
1995 4 -100 11.406676245211 -4.08433908046002
1995 5 84.0152119241857 10.772669552001 17.696088614039
1995 6 4.23855874723339 15.812457370216 6.81645430718699
1995 7 -43.2408319547964 -5.67507582023801 2.47532395919499
1995 8 13.1490447682877 -7.84312596006099 5.99632296467
1995 9 -16.8340886791571 3.35493637110002 1.626882183908
1995 10 -76.9832888115798 -0.96898263027299 -17.3216156603255
1995 11 208.636149126947 -3.59627257799698 13.2765927750411
1995 12 110.459987397606 -7.41814516129001 9.76158602150541
1996 1 -100 11.158231368187 -16.9100695216908
1996 2 -100 15.214451058201 -0.276879219120607
1996 3 -100 -6.527892102336 -8.5896273637375
1996 4 -74.0980573543016 -2.09332375478901 -11.58433908046
1996 5 -99.7546463841011 18.675895358452 10.43802409791
1996 6 -59.5421119017587 19.645790703549 4.31645430718699
1996 7 -26.0608538874742 25.937827405569 4.894678797904
1996 8 -7.07658549383451 8.28590629800299 6.15761328725
1996 9 92.0291547913844 19.521603037767 7.62688218390799
1996 10 29.6204261663663 -9.67866004962801 -0.870002757099613
1996 11 -95.2807928268051 5.07039408867001 -4.72340722495891
1996 12 -100 16.130241935484 2.50352150537631
1997 1 -84.4297391981316 10.077586206897 -4.3283490915833
1997 2 -100 17.767361111111 7.10407316183179
1997 3 112.55230125523 4.76243047830899 3.4748887652947
1997 4 179.740980573543 -21.648879310345 -0.251005747127007
1997 5 69.7847022020487 -21.571800494082 -10.840777745408
1997 6 -74.9637068945001 18.002933560692 -2.88592664519399
1997 7 -8.66340774335046 20.615246760408 4.08822718500099
1997 8 -31.1183724091874 24.576228878648 -2.390773809524
1997 9 -80.8438069429519 17.688269704433 -4.539784482758
1997 10 65.9626017270298 6.77295285359801 -4.09580920871251
1997 11 -71.6847569608306 12.737060755337 17.6099261083744
1997 12 -94.9590422180214 10.124865591398 -0.502930107526893
1998 1 -100 12.125973303671 -3.0068437152392
1998 2 -100 4.98958333333398 -15.1551860974275
1998 3 -100 10.246301446051 -13.2993047830924
1998 4 -100 23.573342911877 -2.91767241379301
1998 5 -92.6393915230326 39.804927616517 2.37350796887799
1998 6 37.0808443799234 39.645790703549 12.316454307187
1998 7 -32.5848961915206 16.905569341053 8.443065894679
1998 8 42.6288549144942 14.737519201229 5.028581029186
1998 9 150.619072092697 2.688269704433 19.960215517242
1998 10 263.421755606635 -12.098014888338 20.742900468707
1998 11 3.82255781028787 9.903727422003 19.4432594417078
1998 12 -92.4385633270321 12.259274193549 -3.1416397849463
1999 1 -100 11.642102335929 -13.0068437152392
1999 2 -100 18.250165343916 0.473120780879395
1999 3 -100 10.246301446051 -4.91220800889881
1999 4 -29.6947271045328 15.906676245211 -2.58433908046001
1999 5 -71.7843341716248 18.998476003614 -4.56197590209001
1999 6 22.8015897570147 10.812457370216 1.483120973853
1999 7 -24.9010241445326 21.26040805073 -11.07306313758
1999 8 -37.0334152216948 6.67300307219701 -10.939160906298
1999 9 -76.6387889548194 -5.978396962233 -18.373117816092
1999 10 -87.1590979685656 -15.001240694789 -27.1603253377448
1999 11 -100 -15.596272577997 -32.2234072249589
1999 12 -87.3976055450536 -13.385887096774 -27.819059139785
2000 1 -100 12.448553948832 -21.5874888765295
2000 2 -100 16.80312100894 -11.5970762634556
2000 3 -83.2635983263598 13.633398220245 -9.5896273637375
2000 4 -100 14.573342911877 -5.41767241379301
2000 5 86.4687480831749 4.15976632619401 -6.658750095638
2000 6 15.6619624455603 -17.687542629784 -4.68354569281299
2000 7 -43.8207468262671 18.905569341053 -16.395643782741
2000 8 -36.556395640041 -1.71409370199701 -14.810128648233
2000 9 -40.6625239452413 10.521603037767 -10.373117816092
2000 10 -45.4867366590048 7.25682382134 -8.28935759580931
2000 11 -0.896649362907038 14.57039408867 9.7765927750411
2000 12 -24.3856332703214 4.03346774193601 -25.4642204301075
2001 1 -92.2148695990658 17.91091954023 -0.495015758249897
2001 2 -100 21.107308201059 -4.9197363619778
2001 3 134.309623430962 5.19624582869799 -1.964488320356
2001 4 48.0111008325625 -8.10481800766301 -7.377442528736
2001 5 25.1303441084463 -15.49375816604 -27.256121660752
2001 6 33.7490183012447 1.87655993431797 -15.311750821018
2001 7 5.47201724875007 2.56148331954698 -12.352633030053
2001 8 6.3753667088034 8.312788018433 -9.27249423963101
2001 9 -7.95682848198851 -0.834718801313983 -10.327140804597
2001 10 -35.7954898428279 -3.17866004962802 -23.8753791011857
2001 11 -38.6503067484663 -3.98133004926098 -10.8958210180624
2001 12 -100 5.80766129032302 -4.27067204301079
2002 1 250.33086804204 3.73887652947801 -17.5874888765295
2002 2 489.116325511732 -14.08449074074 -10.1181490603905
2002 3 -100 12.26521134594 -11.6196607341491
2002 4 -59.2969472710453 14.073342911877 -10.717672413793
2002 5 -74.237870330614 13.321056648775 -7.959825364455
2002 6 -21.4640995740022 6.47912403688199 -12.35021235948
2002 7 20.4773145480568 -10.997656465399 -6.395643782741
2002 8 -47.0508264364252 13.285906298003 -11.42303187404
2002 9 18.2077278886137 -3.53792077175701 -12.956451149425
2002 10 1.75809156985768 11.772952853598 6.388061759029
2002 11 263.378952336008 -20.286748768473 -1.43769293924461
2002 12 -100 -3.041801075268 -2.46959677419359
2003 1 47.9174776177501 -14.525862068965 -10.5685789766407
2003 2 -70.0449326010984 15.03587962963 2.7588350665937
2003 3 -100 2.98823692992201 -6.8476918798666
2003 4 -100 14.706676245211 2.58232758620698
2003 5 87.6955161626694 26.734849752223 -2.454078238019
2003 6 60.8796020847712 -2.44041619300301 -1.67779856637699
2003 7 54.0398877344288 -3.93851668045301 -10.685966363386
2003 8 69.2465475707778 -1.80625960061398 -11.474875192012
2003 9 59.6037938606737 -1.64506362889998 0.293548850574989
2003 10 39.0693918121388 2.25682382134 -3.7732285635513
2003 11 -100 14.122118226601 -7.4475451559934
2003 12 -100 4.03346774193601 -49.4319623655914
2004 1 110.977033865317 -7.25574712643599 -8.3616824249166
2004 2 -100 -2.16239623243901 -21.6315590220763
2004 3 586.192468619247 0.0238320355949995 -6.27483314794221
2004 4 -18.5938945420907 -5.42665708812301 -17.58433908046
2004 5 -9.21916211740171 2.86944374554899 -18.755524289187
2004 6 157.97853352055 -18.354209296451 -11.516879026147
2004 7 -40.558725674244 6.90556934105299 -17.524676040805
2004 8 -41.7082071219023 9.9794546851 -11.439160906298
2004 9 148.563285520721 6.406660509031 -5.84438218390801
2004 10 85.3450953593836 12.579404466501 5.74290046870699
2004 11 -81.1231713072204 13.903727422003 -16.3900738916256
2004 12 -49.5904221802142 -2.41814516129001 -18.9480913978495
2005 1 -57.1817827948618 5.67436040044502 -10.6520050055618
2005 2 79.7304043934099 5.39302248677298 0.437406495165096
2005 3 259.832635983264 -0.0762791991099832 -7.33156284760851
2005 4 -92.5994449583719 22.073342911877 -11.417672413793
2005 5 -31.300987548304 12.546863100388 -23.110362998864
2005 6 -99.1432447226255 32.645790703549 1.483120973853
2005 7 -22.3638965818479 13.67976288944 -5.91177281499901
2005 8 -38.0828583013333 -2.84312596006099 3.738258448541
2005 9 -22.9080035509041 10.8549363711 -11.373117816092
2005 10 -18.3512455737094 15.482630272953 -7.48290598290611
2005 11 -100 13.403727422003 -23.8567405582922
2005 12 -100 14.678629032259 -15.3997043010753
2006 1 102.41339042429 10.835650723026 -23.716521134594
2006 2 -100 21.28587962963 -10.0983077905492
2006 3 -66.5271966527197 20.568882091212 -11.202530589544
2006 4 145.698427382054 25.240009578544 -4.41767241379301
2006 5 80.334907685702 -20.195072383483 -11.658750095638
2006 6 -68.1096646755039 4.479124036882 -18.35021235948
2006 7 16.7078678834966 2.06685966363299 -5.75048249241799
2006 8 10.191523362034 -1.87538402457701 -1.42303187404
2006 9 62.0333598093725 0.688269704433004 0.626882183908002
2006 10 234.590296328508 4.03101736972701 4.77515853322299
2006 11 154.837187352525 -6.59627257799698 -10.5567405582922
2006 12 -5.4820415879017 -9.03104838709599 -14.2706720430108
2007 1 -37.7189567925263 0.996941045607009 -7.1036179087876
2007 2 459.161258112831 2.71445105820099 24.1874064951651
2007 3 -7.94979079497907 17.181785317019 14.7652113459402
2007 4 104.995374653099 10.573342911877 3.08232758620699
2007 5 -1.85855364043428 13.03073406813 5.11544345274899
2007 6 -8.61277041338442 18.312457370216 8.316454307187
2007 7 40.7018456906006 15.131375792666 12.959194926937
2007 8 0.651131728957478 10.221390168971 8.41567780337899
2007 9 -33.7476054758679 14.021603037767 1.79354885057499
2007 10 -37.00689569485 16.934243176178 -10.0635511441964
2007 11 -71.6847569608306 23.57039408867 1.9432594417078
2007 12 66.351606805293 37.097983870968 16.2131989247312
2008 1 -100 21.964682981091 1.9286401557286
2008 2 -10.1347978032951 34.216914112389 15.9546478744754
2008 3 -100 13.149527252503 2.99101779755279
2008 4 -82.9787234042553 24.073342911877 17.082327586207
2008 5 -41.6058394160584 18.675895358452 10.599314420491
2008 6 1.19231776101287 14.979124036882 3.64978764052001
2008 7 91.5168863032286 0.937827405569003 11.023711055969
2008 8 17.4422210031722 10.543970814132 15.835032642089
2008 9 -33.7476054758679 14.188269704433 1.460215517242
2008 10 -76.9832888115798 9.03101736972701 -1.9990350151642
2008 11 -71.6847569608306 23.403727422003 1.9432594417078
2008 12 -100 23.388306451613 -9.9158333333334
2009 1 -96.1074347995329 36.319521690768 6.9286401557286
2009 2 -100 32.53587962963 4.36597792373649
2009 3 149.372384937239 24.117269187987 2.18456618464959
2009 4 34.6901017576318 22.073342911877 4.58232758620699
2009 5 23.167515181255 17.062992132646 14.147701517265
2009 6 -28.8893119779147 29.145790703549 3.483120973853
2009 7 4.45716622367618 28.357182244279 6.50758202371099
2009 8 -36.4609917237103 29.89880952381 3.25438748079899
2009 9 45.4936223893847 13.8549363711 22.793548850575
2009 10 -17.1398397216873 31.289081885856 26.226771436449
2009 11 -100 6.07039408867003 1.4432594417078
2009 12 115.500945179584 16.968951612904 25.5680376344086
