"anio" "mes" "ppAcc" "mTmax" "mTmin"
1970 1 -85.1790860436394 1.699193548388 -4.3322580645161
1970 2 -11.1855886049435 -10.706974092319 14.0996339627805
1970 3 -100 4.13830645161298 -1.3728494623656
1970 4 -100 17.039166666667 3.0099999999997
1970 5 -89.012029932746 -7.44637096774198 -2.73602150537601
1970 6 63.2807154149265 -15.030775862069 5.657614942529
1970 7 -40.433094188113 -7.96270161290298 6.20245295698899
1970 8 -2.92305487892249 -2.688220046083 6.81350806451599
1970 9 117.992605778447 -6.874166666666 11.155357142857
1970 10 -54.3632439099599 4.53629032258 5.31048387096801
1970 11 -70.5882352941176 -12.760683760684 -17.4871794871795
1970 12 -100 7.28239247311798 4.8514784946236
1971 1 -68.7114038699053 6.21532258064597 9.8612903225807
1971 2 -100 0.364454479109995 -14.1146517515052
1971 3 506.060606060606 -5.377822580645 9.9174731182796
1971 4 -100 -15.794166666667 -16.6566666666666
1971 5 108.392535758265 -3.41411290322601 2.26397849462399
1971 6 92.6334914230433 -23.864109195403 4.657614942529
1971 7 -9.49779503718818 -12.317540322581 9.266969086021
1971 8 30.6777475282992 -18.333381336405 7.458669354838
1971 9 144.009311241955 -15.2075 19.48869047619
1971 10 -43.0157261794635 -1.10887096774199 28.53629032258
1971 11 16.6666666666667 1.239316239316 9.5128205128205
1971 12 32.3407775020678 3.250134408602 24.8514784946236
1972 1 -68.7114038699053 5.08629032258099 22.6032258064516
1972 2 -100 4.29302590768099 0.706776819923398
1972 3 2.27272727272727 -1.34556451612902 7.3368279569893
1972 4 -11.0413396127682 12.039166666667 12.6766666666667
1972 5 17.4576110637492 4.00524193548399 4.844623655914
1972 6 -14.3012198862698 -9.53077586206902 4.657614942529
1972 7 36.773514118344 -3.60786290322601 1.04116263440799
1972 8 -56.4407508239003 -0.75273617511499 0.200604838708998
1972 9 -3.41868638459081 4.12583333333398 6.822023809524
1972 10 8.54147394387912 5.50403225806399 14.020161290322
1972 11 114.705882352941 3.739316239316 36.5128205128205
1972 12 -65.2605459057072 -1.26599462365601 7.0772849462365
1973 1 -100 6.86048387096797 -0.1387096774193
1973 2 79.3045664013406 6.435883050539 15.3496339627805
1973 3 -100 7.364112903226 3.1432795698925
1973 4 262.114076399791 -6.12749999999998 4.5099999999997
1973 5 108.392535758265 -5.67217741935501 8.393010752688
1973 6 70.3593591467875 -9.03077586206901 0.490948275862007
1973 7 86.9940103995261 -10.059475806452 9.105678763441
1973 8 160.782347041123 -18.655961981567 10.36189516129
1973 9 -21.1283034369437 3.79249999999999 9.48869047619
1973 10 33.4566759173605 -3.04435483871 16.923387096774
1973 11 -96.078431372549 2.23931623931602 10.6794871794872
1973 12 -100 -12.878897849462 -15.1485215053764
1974 1 -75.2984767393989 9.11854838709697 11.3129032258065
1974 2 -74.8638458315878 -1.95697409231901 4.278205391352
1974 3 -26.1363636363636 6.71895161290401 5.4013440860215
1974 4 80.0104657247514 -3.794166666667 7.6766666666667
1974 5 -92.4220896087904 1.102016129032 -3.54247311827901
1974 6 -30.9124371770369 -10.030775862069 -5.175718390805
1974 7 36.9709734746265 -16.511088709677 -5.08786962365601
1974 8 16.2057601375555 -1.23660714285698 0.0393145161289965
1974 9 -3.96640649961203 5.12583333333399 -2.51130952380999
1974 10 -91.8593894542091 -6.43145161290299 -9.68951612903249
1974 11 -13.7254901960784 -1.59401709401699 4.01282051282051
1974 12 321.836228287841 -5.62083333333302 15.6579301075269
1975 1 148.662000823384 -10.23629032258 10.5064516129032
1975 2 -100 -2.84983123517602 -1.2575088943623
1975 3 -100 5.75120967741999 6.0465053763441
1975 4 -100 12.305833333333 14.7766666666667
1975 5 -1.86606043383537 -12.285080645162 1.812365591398
1975 6 80.4582242042425 -13.530775862069 -3.67571839080499
1975 7 5.83821496741921 -14.414314516129 -2.023353494624
1975 8 55.7529732053303 -11.559187788018 2.297379032258
1975 9 -57.642977771692 -10.540833333333 -13.177976190476
1975 10 -85.1988899167438 1.633064516129 -6.14112903225799
1975 11 -100 5.23931623931603 -11.1538461538462
1975 12 -100 -7.23373655914003 -3.6969086021506
1976 1 -100 -3.300806451612 1.7967741935484
1976 2 -100 -7.67125980660399 -11.6146517515052
1976 3 -18.5606060606061 5.106048387097 7.0465053763441
1976 4 8.84353741496599 -15.960833333333 -0.990000000000002
1976 5 -22.3264184901013 -15.994758064516 -9.67150537634401
1976 6 -36.7641159953753 -2.03077586206902 -3.84238505747101
1976 7 198.690186269993 -23.930443548387 5.87987231182799
1976 8 -46.8405215646941 -8.65596198156698 -3.509072580646
1976 9 66.5069149664521 -1.540833333333 2.822023809524
1976 10 39.377119950663 -15.141129032258 15.149193548387
1976 11 202.941176470588 -36.427350427351 13.5128205128205
1976 12 156.410256410256 -6.588575268817 28.8837365591398
1977 1 -83.532317826266 2.82822580645199 5.02258064516131
1977 2 -93.2970255550901 -3.20697409231901 8.7424911056377
1977 3 -100 2.84798387096799 8.30456989247311
1977 4 476.661433804291 -35.794166666667 -5.48999999999999
1977 5 -82.1919105806574 -8.897983870968 -1.606989247312
1977 6 17.8830136145914 -8.69744252873602 -6.509051724138
1977 7 -16.9354307904956 -0.0594758064519851 -2.18464381720501
1977 8 18.2834216936524 1.34403801843302 -0.60584677419401
1977 9 -29.0702451047515 9.45916666666701 0.488690476190001
1977 10 -1.81930311440026 8.08467741935498 4.826612903226
1977 11 -72.5490196078431 -7.26068376068397 0.679487179487204
1977 12 -9.01571546732837 0.185618279569972 -2.4065860215054
1978 1 -34.1292713050638 2.66693548387099 2.1193548387097
1978 2 -26.2672811059908 -25.876286261631 -1.0987787356322
1978 3 121.590909090909 -15.910080645161 -2.2975806451613
1978 4 -100 -10.1275 2.1766666666667
1978 5 -86.7386568153832 -12.285080645162 -4.99408602150501
1978 6 -22.3236827823789 -6.864109195403 -0.175718390804995
1978 7 -21.2795366287106 10.26310483871 3.299227150537
1978 8 13.5549505659837 -3.49467165898599 -0.60584677419401
1978 9 65.6853347939203 -0.207499999999996 1.822023809524
1978 10 327.012025901943 -9.33467741935502 5.47177419354801
1978 11 -70.5882352941176 0.739316239315997 4.01282051282051
1978 12 24.0694789081886 8.08884408602097 12.432123655914
1979 1 -100 -0.0750000000000028 6.15161290322581
1979 2 241.851696690406 -5.70697409231901 14.6353482484948
1979 3 -100 -2.958467741935 4.7561827956989
1979 4 -74.8822605965463 -7.960833333333 -0.156666666666592
1979 5 -93.9376716870323 -4.05927419354899 -12.252150537634
1979 6 -79.80226988509 5.233591954023 -1.64698275862101
1979 7 -35.167511353913 15.585685483871 5.23471102150499
1979 8 -21.6936523857286 -4.78499423963097 0.200604838708998
1979 9 -22.4063170386599 -6.37416666666599 -15.844642857143
1979 10 -100 23.245967741935 -39.3669354838712
1979 11 -100 5.739316239316 -14.1538461538462
1979 12 222.58064516129 -7.61545698924703 8.3084677419355
1980 1 587.525730753396 -1.36532258064502 -7.7193548387097
1980 2 -66.4851277754504 -1.59983123517602 0.885348248494795
1980 3 -94.3181818181818 21.396370967742 4.7561827956989
1980 4 -82.2082679225536 7.20583333333302 6.67666666666671
1980 5 -78.0240598654921 4.81169354838702 14.683333333334
1980 6 -53.0921875368679 10.635890804597 0.324281609194994
1980 7 -4.16639241756073 15.101814516129 0.557291666666
1980 8 57.5440607536896 8.44081221198202 3.910282258064
1980 9 -20.215436578575 6.29249999999999 3.655357142857
1980 10 33.4566759173605 2.76209677419299 2.407258064516
1980 11 -14.7058823529412 -3.09401709401698 -4.15384615384619
1980 12 -56.989247311828 -3.20147849462401 2.9159946236559
1981 1 401.440922190202 -24.268548387096 -7.8806451612903
1981 2 374.235441977377 -5.34983123517602 11.9567768199234
1981 3 17.4242424242424 0.912499999999987 8.6271505376344
1981 4 544.688644688645 -3.46083333333301 10.5099999999997
1981 5 -26.1153736857062 -5.34959677419401 -8.219892473118
1981 6 -44.7865788914844 -3.69744252873602 13.824281609195
1981 7 -34.114394787073 0.101814516129011 2.17019489247299
1981 8 -29.7893681043129 3.44081221198202 2.458669354838
1981 9 -33.7258660824319 0.792499999999983 -7.844642857143
1981 10 118.069688559975 0.504032258063987 15.95564516129
1981 11 -100 2.07264957264901 -12.8205128205128
1981 12 267.245657568238 -7.072446236559 6.948252688172
1982 1 -91.766158913133 20.892741935484 -0.461290322580599
1982 2 104.440720569753 13.935883050539 3.028205391352
1982 3 -39.3939393939394 19.944758064516 16.6916666666667
1982 4 -58.1371009942439 18.039166666667 22.1766666666667
1982 5 140.977550440466 -14.704435483871 21.29623655914
1982 6 -84.5213657063307 13.802557471264 1.657614942529
1982 7 -11.5382083854407 -8.44657258064498 0.879872311827992
1982 8 -53.7899412523284 -3.49467165898599 -9.799395161291
1982 9 -57.8255511433657 -0.374166666666014 -10.51130952381
1982 10 42.0906567992599 -10.46370967742 -7.27016129032299
1982 12 318.52770885029 -23.685349462366 -8.6969086021506
1983 1 44.0922190201729 -29.978225806451 -1.75161290322579
1983 2 -83.2425638877252 -14.278402663747 -37.6860803229337
1983 3 98.8636363636364 -5.86169354838702 -20.8889784946236
1983 4 -100 10.205833333333 -22.3233333333333
1983 5 92.8578194562849 2.71491935483802 5.651075268817
1983 6 -11.7529081427998 9.63589080459698 2.99094827586201
1983 7 13.9340485750016 -15.704637096774 7.17019489247299
1983 8 8.61154893251181 -8.81725230414698 0.361895161289993
1983 9 -27.2445113880141 -7.37416666666601 5.98869047619001
1983 10 -2.31267345050879 -10.786290322581 -0.0120967741939992
1983 11 450.980392156863 -12.427350427351 3.34615384615381
1983 12 20.7609594706369 -3.84663978494601 -2.4065860215054
1984 1 23.5076163030054 -15.881451612903 4.37741935483871
1984 2 308.881441139506 -23.38554552089 4.0996339627805
1984 3 -100 -15.055241935484 6.20779569892481
1984 4 -100 -8.794166666667 -4.99000000000001
1984 5 -74.9928957090082 -27.607661290323 -7.25215053763401
1984 6 -9.11021448290508 -18.697442528736 -4.175718390805
1984 7 -18.3176462844731 -28.123991935484 -0.894321236559001
1984 8 -15.3173807135693 -18.978542626728 -7.380040322581
1984 9 -52.3483499931535 -22.3075 -3.01130952381
1984 10 -58.8035769349368 0.665322580644983 1.43951612903201
1984 11 -95.0980392156863 -5.42735042735099 -6.4871794871795
1984 12 72.0430107526882 -6.427284946237 4.8514784946236
1985 1 -87.6492383696995 -13.139516129032 0.183870967742008
1985 2 -100 -11.778402663747 -1.971794608648
1985 3 -100 -15.861693548387 12.4981182795699
1985 4 66.4050235478807 -33.460833333333 0.176666666666705
1985 5 9.87970067253955 -16.9625 -1.445698924731
1985 6 116.606498194946 -31.030775862069 -1.842385057471
1985 7 18.8047126966366 -24.73689516129 -4.281418010753
1985 8 12.480298036968 -16.075316820276 -3.670362903226
1985 9 1.32822127892647 -8.70750000000001 -13.177976190476
1985 10 -63.4905951279679 -2.883064516129 3.697580645161
1985 11 -50.9803921568627 -2.92735042735099 -10.3205128205128
1985 12 -100 -11.104704301075 3.3998655913978
1986 1 -100 -11.526612903225 -15.4612903225806
1986 2 25.6807708420612 -4.45697409231901 -6.61465175150521
1986 3 -100 -29.732661290322 -20.8889784946236
1986 4 67.4515960230246 -16.6275 10.5099999999997
1986 5 -39.376716870323 -17.285080645162 3.231720430108
1986 6 68.094193152592 -30.030775862069 6.32428160919501
1986 7 -23.1883104061081 -16.994959677419 -3.313676075269
1986 8 -47.2703825763003 -7.688220046083 -8.02520161290401
1986 9 -30.8959788214889 -3.2075 1.65535714285701
1986 10 78.8467468393463 -16.915322580645 7.407258064516
1986 11 122.549019607843 -7.76068376068398 13.0128205128205
1986 12 -100 -7.71760752688202 -4.6646505376344
1987 1 -95.8830794565665 -3.13951612903203 -6.9129032258064
1987 2 20.6535400083787 -21.956974092319 -2.3289374657909
1987 3 -100 -31.506854838709 -5.8889784946236
1987 4 318.628990057562 -32.460833333333 -5.82333333333329
1987 5 75.4286255565028 -28.575403225807 -14.510215053763
1987 6 -27.5146881857436 -11.864109195403 -3.342385057471
1987 7 -42.2760481800829 1.71471774193503 -0.410450268817009
1987 8 -31.7237426565411 3.27952188940102 -3.02520161290401
1987 9 -30.9872655073258 10.625833333334 0.155357142857007
1987 10 -100 -5.786290322581 -27.5927419354841
1987 11 -56.8627450980392 -3.26068376068399 -12.4871794871795
1987 12 -100 9.37916666666698 2.2708333333333
1988 1 -42.3631123919308 -7.33306451612901 -17.2354838709677
1988 2 -100 13.221597336253 8.7424911056377
1988 3 468.181818181818 -15.539112903226 8.1432795698925
1988 4 -31.9727891156463 -3.29416666666699 0.676666666666694
1988 5 -100 5.779435483871 0.00591397849499131
1988 6 34.2110851560841 0.102557471264006 0.990948275861996
1988 7 15.1846244981241 -3.930443548387 -2.18464381720501
1988 8 2.95171227969621 -3.49467165898599 -6.251008064517
1988 9 -77.1783285407823 -3.87416666666599 -25.01130952381
1988 10 -96.0530373111317 -2.56048387096801 -14.6895161290325
1988 11 -90.1960784313725 11.572649572649 -10.6538461538462
1988 12 15.7981803143093 2.927553763441 -6.6001344086022
1989 1 -100 8.47338709677498 2.60322580645161
1989 2 -100 -4.814116949461 -1.61465175150521
1989 3 -100 -12.152016129032 -21.0502688172043
1989 4 -97.9068550497122 -17.794166666667 3.17666666666669
1989 5 -65.1416122004357 -0.349596774194012 -12.897311827957
1989 6 -48.5618555484769 16.135890804597 2.65761494252899
1989 7 8.27354702823668 15.26310483871 -7.34593413978502
1989 8 26.6657114199742 -0.914026497695986 5.200604838709
1989 9 -10.5390478798667 -7.54083333333302 -5.84464285714299
1989 10 -67.9309281529448 8.72983870967698 -25.0120967741937
1989 11 -95.0980392156863 12.072649572649 8.67948717948721
1989 12 325.144747725393 -18.685349462366 -4.5033602150538
1990 1 -19.3083573487032 5.73145161290398 11.6354838709678
1990 2 312.232928361961 -7.67125980660399 9.8139196770663
1990 3 -14.7727272727273 0.912499999999987 3.3045698924731
1990 4 -84.3014128728415 5.20583333333299 8.8433333333337
1990 5 73.9130434782609 5.45685483870901 14.844623655914
1990 6 -4.86302824378849 1.30255747126398 3.82428160919501
1990 7 42.4340156651089 -9.73689516128999 3.94438844085998
1990 8 40.9227683049147 -4.13983294930897 4.39415322580599
1990 9 11.552330092656 1.459166666667 1.155357142857
1990 10 85.2605612087573 -6.91532258064502 15.95564516129
1990 11 -100 2.905982905983 -2.82051282051279
1990 12 -90.0744416873449 10.024327956989 -12.7291666666667
1991 1 -100 5.40887096774199 6.76451612903231
1991 2 -17.8885630498534 1.79302590768099 4.0996339627805
1991 3 -100 9.46088709677397 -2.8244623655914
1991 4 -100 3.205833333333 2.34333333333369
1991 5 -65.8994032395567 9.97298387096702 5.32849462365599
1991 6 28.8313159198698 8.46922413793099 1.490948275862
1991 7 59.6787994471138 -21.672379032258 8.94438844085998
1991 8 -28.643072073363 7.311779953917 -0.283266129033013
1991 9 57.1043863252545 -14.540833333333 1.322023809524
1991 10 -54.8566142460685 -16.108870967742 -3.721774193549
1991 11 -90.1960784313725 -9.09401709401699 -1.15384615384619
1991 12 -33.8296112489661 -5.13696236559102 17.1095430107527
1992 1 625.401399752985 -27.494354838709 19.2161290322581
1992 2 323.963133640553 -29.099831235176 -6.7932231800766
1992 3 -62.1212121212121 -13.281048387096 8.7884408602151
1992 4 -94.7671376242805 -24.460833333333 0.343333333333398
1992 5 212.209908117837 -25.994758064516 -5.96182795698901
1992 6 -38.1798447417475 -0.530775862069 -12.342385057471
1992 7 -31.4157835845455 7.84375000000001 2.81535618279499
1992 8 -31.5088121507379 -8.33338133640499 -0.121975806451999
1992 9 -28.5225249897303 -3.87416666666599 1.822023809524
1992 10 152.605612087573 -20.141129032258 -1.625
1992 11 432.352941176471 -15.927350427351 5.84615384615381
1992 12 -10.6699751861042 3.08884408602097 7.9159946236559
1993 1 -30.0123507616303 -2.65564516129 12.1193548387097
1993 2 -100 -1.95697409231901 -2.3289374657909
1993 3 -90.530303030303 -15.377822580645 -6.3728494623656
1993 4 -47.6713762428048 -16.960833333333 -9.32333333333331
1993 5 -88.6331344131856 -14.865725806452 -14.348924731183
1993 6 -63.9461079257214 -1.364109195403 6.657614942529
1993 7 -22.5959323372606 -7.47883064516099 6.04116263440799
1993 8 -63.6767445192721 -0.591445852533994 5.039314516129
1993 9 -1.5929526678534 -7.87416666666601 6.322023809524
1993 10 -59.2969472710453 -1.27016129032302 1.278225806451
1993 11 -53.921568627451 6.90598290598302 3.5128205128205
1993 12 -100 8.08884408602097 -7.0840053763441
1994 1 -51.4203375874846 2.66693548387099 -3.3645161290322
1994 2 -100 2.685883050539 2.4924911056377
1994 3 -100 -1.18427419354802 6.20779569892481
1994 4 -24.6467817896389 -12.294166666667 -8.1566666666666
1994 5 -46.1968362224117 9.32782258064499 1.134946236559
1994 6 17.3167221160426 -10.864109195403 -2.34238505747101
1994 7 -68.1432238530902 7.35987903225801 -9.92657930107601
1994 8 -12.2367101303912 -3.17209101382499 0.845766129031986
1994 9 -26.6967912729928 -8.540833333333 -4.34464285714299
1994 10 -57.3234659266112 5.34274193548399 3.697580645161
1994 11 -100 12.905982905983 6.51282051282051
1994 12 -100 14.056586021505 19.2063172043011
1995 1 -100 2.34435483871 1.3129032258065
1995 2 -100 -1.064116949461 12.6710625342091
1995 3 -100 -5.216532258064 -0.566397849462295
1995 4 -73.8356881214024 1.70583333333301 -7.8233333333333
1995 5 129.231789334091 9.97298387096702 10.489784946237
1995 6 -52.4315141218942 9.13589080459701 -0.342385057470995
1995 7 -60.1132100309353 0.908266129032 -2.18464381720501
1995 8 36.2659406791804 -1.23660714285698 10.200604838709
1995 9 -4.87927335798074 4.12583333333398 1.155357142857
1995 10 -70.3977798334875 6.31048387096698 -26.1411290322583
1995 11 -26.4705882352941 7.23931623931602 10.8461538461538
1995 12 263.937138130687 0.884543010752985 4.1418010752688
1996 1 -100 3.31209677419398 -22.0741935483871
1996 2 -100 2.34721309979999 -7.4397749042145
1996 3 -24.2424242424242 -18.603629032258 -15.5663978494623
1996 4 -68.6028257456829 -16.794166666667 -22.1566666666666
1996 5 -85.2230747371412 12.392338709677 6.45752688172099
1996 6 -65.2674547556688 4.30255747126399 -9.175718390805
1996 7 -64.6547752254328 19.295362903226 -4.281418010753
1996 8 45.7945264364522 1.18274769585302 -2.541330645162
1996 9 70.0670957140901 -2.54083333333302 5.98869047619001
1996 10 30.0030835646007 -9.33467741935502 -1.14112903225799
1996 11 -90.1960784313725 -8.09401709401698 -6.4871794871795
1996 12 -93.3829611248966 1.47594086021499 5.1740591397849
1997 1 -100 -4.42983870967701 -14.6870967741935
1997 2 -89.9455383326351 2.15016876482398 5.7067768199234
1997 3 619.69696969697 -8.60362903225802 6.20779569892481
1997 4 411.773940345369 -33.294166666667 -10.3233333333333
1997 5 -37.8611347920811 -13.414112903226 -14.671505376344
1997 6 -13.168636889172 8.96922413793099 -2.509051724138
1997 7 -27.137497531758 12.198588709677 2.65406586021498
1997 8 -43.9747814873191 18.279521889401 -6.73487903225901
1997 9 -83.750969921037 21.625833333334 -7.67797619047599
1997 10 33.2099907493062 4.53629032258 -11.1411290322583
1997 11 154.901960784314 6.73931623931601 8.8461538461538
1997 12 -100 1.31465053763399 -13.8581989247312
1998 1 -100 -2.49435483870901 -15.3
1998 2 -100 -0.528402663747016 -44.8289374657909
1998 3 -100 14.783467741936 -16.5341397849462
1998 4 -100 27.3725 -12.99
1998 5 -100 33.843951612903 -7.09086021505401
1998 6 -22.8899742809278 26.802557471264 10.324281609195
1998 7 6.2989534654117 10.908266129032 2.17019489247299
1998 8 18.3550651955867 -0.268865207372997 2.297379032258
1998 9 61.3948605595874 0.859166666666979 19.655357142857
1998 10 64.7856922602528 -13.205645161291 21.762096774193
1998 11 27.4509803921569 2.405982905983 18.5128205128205
1998 12 -100 10.508198924731 -2.567876344086
1999 1 -100 4.925 -17.0741935483871
1999 2 -100 12.507311621967 0.528205391352001
1999 3 -100 3.97701612903298 -1.3728494623656
1999 4 -73.8356881214024 9.539166666667 0.00999999999999446
1999 5 -71.5828360329639 14.650403225806 -4.67150537634401
1999 6 -35.3483872490031 12.969224137931 6.657614942529
1999 7 -5.87770683867571 -2.64012096774199 -2.50722446236601
1999 8 -5.07235993695373 4.40855414746601 -3.99294354838801
1999 9 -19.2112830343694 -0.540833333332991 -13.01130952381
1999 10 -92.5994449583719 -0.786290322580996 -15.334677419355
1999 11 -100 -6.92735042735098 -17.1538461538462
1999 12 -58.6435070306038 -8.68534946236601 -24.0194892473118
2000 1 -100 11.054032258065 -15.1387096774193
2000 2 -100 17.002385513593 -1.7501197318007
2000 3 -100 23.33185483871 -7.1793010752688
2000 4 -100 19.705833333333 0.176666666666705
2000 5 136.809699725301 11.424596774193 2.102688172043
2000 6 31.6627734126141 -8.69744252873602 -0.00905172413800059
2000 7 -36.1548081353255 20.26310483871 -15.571740591398
2000 8 -66.327554090844 12.150489631337 -10.121975806452
2000 9 -74.4397279656762 22.7925 -16.51130952381
2000 10 -7.73974714770275 20.987903225806 -1.14112903225799
2000 11 2.94117647058824 18.405982905983 4.51282051282051
2000 12 -50.3722084367246 1.79852150537599 -11.4388440860215
2001 1 -38.2461918484973 17.505645161291 -0.622580645161293
2001 2 -100 23.757311621967 11.5996339627805
2001 3 98.8636363636364 17.525403225807 -15.2438172043011
2001 4 -26.7399267399267 30.3725 3.6766666666667
2001 5 68.6085062044141 -1.317338709678 -0.477956989247001
2001 6 87.8200136853779 -1.69744252873599 -3.342385057471
2001 7 -1.33614164417824 11.876008064516 -4.92657930107601
2001 8 89.6403496202894 16.666618663595 0.845766129031986
2001 9 -13.6427951983203 4.62583333333399 -4.677976190476
2001 10 -21.0607462226334 -0.463709677419999 -20.818548387097
2001 11 -100 3.07264957264902 -13.3205128205128
2001 12 -100 7.76626344085997 1.948252688172
2002 1 95.9654178674352 9.76370967742 -9.3322580645161
2002 2 268.663594470046 2.685883050539 9.0996339627805
2002 3 -100 16.880241935484 1.530376344086
2002 4 -79.0685504971219 22.3725 12.3433333333337
2002 5 -81.0552240219759 20.456854838709 14.360752688172
2002 6 -5.52370165876219 17.135890804597 -3.509051724138
2002 7 45.3300862239189 11.069556451613 -0.410450268817009
2002 8 19.2864307207336 19.085973502304 -4.31552419354901
2002 9 -3.41868638459081 8.959166666667 4.322023809524
2002 10 43.3240826395313 20.181451612903 10.149193548387
2002 11 202.941176470588 -6.92735042735098 -0.487179487179494
2002 12 -100 3.89529569892499 -4.8259408602151
2003 1 58.9131329765336 -4.42983870967701 8.5709677419355
2003 2 144.658567239212 21.257311621967 4.4567768199234
2003 3 -100 9.13830645161298 -10.2438172043011
2003 4 -100 20.539166666667 1.67666666666671
2003 5 -64.0049256417543 36.860080645161 10.220967741936
2003 6 25.5279488450013 11.469224137931 9.324281609195
2003 7 51.9120647666689 11.351814516129 -3.83114919354901
2003 8 7.89511391316806 8.22767857142903 -4.59778225806501
2003 9 93.8016340316765 3.459166666667 17.774404761905
2003 10 48.2577860006167 4.53629032258 11.762096774193
2003 11 174.509803921569 8.739316239316 12.5128205128205
2003 12 -100 1.15336021505399 -22.4065860215054
2004 1 189.831206257719 -11.849193548387 9.2161290322581
2004 2 -100 -1.61830414158 -18.6466714559387
2004 3 254.166666666667 10.267338709678 17.9819892473119
2004 4 -100 1.205833333333 -3.8233333333333
2004 5 40.5702377569385 5.45685483870901 3.71559139784999
2004 6 67.9998112361671 -10.530775862069 0.657614942529001
2004 7 -26.2160205357731 12.198588709677 -8.47496639785001
2004 8 19.4297177246024 15.860167050691 2.78124999999999
2004 9 42.3159432196814 11.2925 5.15535714285701
2004 10 -11.4400246685168 15.826612903226 15.633064516129
2004 11 -95.0980392156863 16.739316239316 -3.48717948717949
2004 12 -66.9148056244831 -1.749865591398 -1.7614247311828
2005 1 21.0374639769452 8.31209677419398 5.02258064516131
2005 2 29.0322580645161 3.40016876482398 14.6353482484948
2005 3 208.712121212121 -6.66814516129001 -12.0180107526881
2005 4 -100 21.039166666667 7.8433333333337
2005 5 -100 14.327822580645 -11.929569892473
2005 6 -89.8067530261202 33.635890804597 -1.34238505747101
2005 7 -23.1224906206806 16.714717741935 5.87987231182799
2005 8 -17.753259779338 6.50532834101401 5.200604838709
2005 9 -52.4396366789904 9.2925 -6.51130952380999
2005 10 -29.9414122725871 13.729838709677 3.21370967741901
2005 11 -87.2549019607843 17.572649572649 -4.4871794871795
2005 12 -100 18.411424731183 -6.2775537634409
2006 1 68.793742280774 15.247580645162 -6.9451612903226
2006 2 -100 23.043025907681 3.5639196770663
2006 3 -100 21.557661290323 6.85295698924731
2006 4 78.9638932496076 33.205833333333 9.17666666666671
2006 5 148.176565312115 6.90846774193499 -1.28440860215001
2006 6 -39.9731011538189 12.302557471264 -8.67571839080499
2006 7 -41.6836701112354 6.71471774193503 0.718581989246996
2006 8 32.755409084396 -1.72047811059898 6.168346774193
2006 9 -8.89588753480305 5.959166666667 7.822023809524
2006 10 207.616404563676 2.43951612903199 14.987903225806
2006 11 153.921568627451 -2.26068376068397 1.8461538461538
2006 12 -60.2977667493797 1.95981182795698 -10.7936827956989
2007 1 -13.5446685878962 4.76370967742 17.2806451612903
2007 2 92.7105152911604 3.04302590768099 4.9924911056377
2007 3 -26.1363636363636 7.84798387096799 5.5626344086022
2007 4 -36.1590790162219 10.3725 -1.15666666666661
2007 5 -32.1777019986739 12.714919354838 3.393010752688
2007 6 54.5031971874189 11.302557471264 -2.842385057471
2007 7 23.1488185348516 6.71471774193503 3.299227150537
2007 8 -12.0934231265224 1.98919930875601 -3.18649193548401
2007 9 -35.1864530558218 3.959166666667 -2.51130952380999
2007 10 -46.4693185322233 2.43951612903199 -12.2701612903228
2007 11 12.7450980392157 3.90598290598302 -5.98717948717949
2007 12 78.6600496277916 13.895295698925 5.4966397849462
2008 1 -83.532317826266 6.53790322580697 -4.4935483870968
2008 2 -63.1336405529954 17.174799306696 -8.3018438697318
2008 3 -100 0.106048387096997 -10.0825268817204
2008 4 -100 17.039166666667 -3.8233333333333
2008 5 88.6899687411196 7.55362903225802 0.651075268817003
2008 6 6.55718364361389 1.63589080459701 -4.342385057471
2008 7 58.0333048114263 -5.86592741935497 -2.023353494624
2008 8 -42.9717724602379 1.34403801843302 5.52318548386999
2008 9 -14.2818019991784 -10.040833333333 2.155357142857
2008 10 -91.8593894542091 -4.01209677419402 -9.20564516129049
2008 11 -100 -3.760683760684 -15.3205128205128
2008 12 -100 8.08884408602097 -18.8581989247312
2009 1 -95.8830794565665 12.183064516129 3.24838709677421
2009 2 -100 16.435883050539 -1.7932231800766
2009 3 0.378787878787871 10.267338709678 5.07876344086021
2009 4 -49.7645211930926 15.539166666667 -9.1566666666666
2009 5 173.183669603107 6.74717741935499 4.68333333333399
2009 6 31.0964819140653 12.635890804597 -2.00905172413799
2009 7 -42.9342460343579 20.746975806452 -5.41045026881701
2009 8 -83.8085685628314 19.569844470046 -3.831653225807
2009 9 113.793418229951 3.459166666667 13.98869047619
2009 10 -38.082022818378 4.697580645161 12.729838709677
2009 11 -100 -6.260683760684 -6.4871794871795
2009 12 -23.904052936311 0.992069892472998 1.3030913978494
