"anio" "mes" "ppAcc" "mTmax" "mTmin"
1970 1 -100 8.286290322581 -15.5895161290323
1970 2 -76.1372110365399 -18.569643997445 4.1082569330414
1970 3 -100 18.881478494623 -10.5779569892473
1970 4 -100 34.273850574713 2.10373563218401
1970 5 -71.9871607820251 10.16061827957 -15.499596774194
1970 6 70.614393320628 3.18477011494199 -3.80948275862
1970 7 6.8018283024845 0.0281323048159976 -0.548562412342992
1970 8 -16.9269549016385 13.428494623656 -0.349798387095994
1970 9 -7.1099585865232 9.96781609195398 2.900431034482
1970 10 -40.6748238783834 26.249193548387 -0.419354838709598
1970 11 -88.1340848412934 1.95962643678101 -46.3797988505747
1970 12 -100 15.798387096774 -19.2435483870968
1971 1 -41.6600371254309 17.157258064516 -4.3637096774194
1971 2 -100 6.07321314541199 -12.4988859241015
1971 3 -54.7511312217195 -23.054005376345 6.1962365591398
1971 4 -73.839110529758 11.773850574713 6.77040229885099
1971 5 51.9696527575138 -10.807123655914 -31.3060483870969
1971 6 48.2893184499501 -45.148563218391 -15.142816091954
1971 7 -50.219486808164 -36.746061243572 -12.32275596073
1971 8 20.7737410269056 -48.668279569893 -6.31754032258
1971 9 39.1802453845261 -34.198850574712 5.90043103448201
1971 10 166.073414905451 -35.36370967742 12.1612903225803
1971 11 17.4725600711955 -46.040373563219 12.9535344827586
1971 12 141.179097811523 -35.653225806451 24.3048387096774
1972 1 -96.8178202068417 -36.229838709677 15.6362903225806
1972 2 -100 -31.439102125524 -8.8227775497172
1972 3 6.33484162895928 -35.312069892474 -0.255376344086002
1972 4 -94.2446043165468 -9.39281609195401 -0.562931034483007
1972 5 -5.22322731251823 -37.581317204301 2.72620967741899
1972 6 -41.9185044014883 -29.815229885058 -2.47614942528701
1972 7 -15.463637597864 -19.004125759701 0.741760168303003
1972 8 -65.806345553181 6.17043010752703 -0.672379032257986
1972 9 -82.6605256028177 24.967816091954 -1.76623563218399
1972 10 -92.5843529847979 20.926612903225 16.1935483870973
1972 11 83.9216849599525 17.626293103448 29.9535344827583
1972 12 25.0558284948638 1.92741935483898 11.4016129032258
1973 1 -100 11.673387096774 -2.4927419354839
1973 2 -100 10.001784573983 0.00111407589850288
1973 3 -88.6877828054299 37.752446236559 18.2930107526882
1973 4 -47.678221059516 10.107183908046 8.270402298851
1973 5 1.07966151152611 5.64448924731199 9.82298387096799
1973 6 96.5695616662129 4.51810344827599 5.85718390804599
1973 7 124.464859483188 -5.29444834034599 10.741760168303
1973 8 35.8978574168448 -9.797311827957 9.16633064516201
1973 9 72.3110268219995 10.134482758621 6.900431034482
1973 10 90.7304412309974 -10.36370967742 12.3225806451613
1973 11 -11.0056363097004 3.62629310344801 -0.213132183907998
1973 12 -80.34836980795 -16.137096774193 -9.88870967741931
1974 1 24.1050119331742 20.221774193548 8.3782258064516
1974 2 -73.1543624161074 -3.39107256887399 -6.6417430669586
1974 3 128.506787330317 12.913736559139 -0.255376344086002
1974 4 129.692609548725 -12.892816091954 2.10373563218401
1974 5 -8.25795156113219 14.354166666666 4.82298387096799
1974 6 -84.7536074053907 2.01810344827599 7.023850574713
1974 7 38.4803366972892 -2.068641888733 -8.935659186536
1974 8 -75.8890898131404 21.654301075269 -9.865927419354
1974 9 134.547354569029 1.96781609195401 -1.099568965518
1974 10 -45.1242120875046 -21.492741935484 -7.8387096774193
1974 11 95.7876001186591 -5.70704022988501 -6.713132183908
1974 12 -69.6292987941045 1.60483870967798 4.95
1975 1 119.570405727924 -11.068548387097 0.636290322580599
1975 2 -13.4973900074571 14.64464171684 4.4653997901843
1975 3 -100 25.333091397849 3.4543010752688
1975 4 -92.6749509483323 27.273850574713 2.60373563218399
1975 5 136.941931718704 -1.909274193549 9.16169354838699
1975 6 -5.7990743261639 -7.31522988505802 -0.476149425286998
1975 7 101.294293342988 -2.068641888733 -4.096949509117
1975 8 13.3212778782399 -4.313440860215 -2.607862903225
1975 9 -49.6845609010334 -15.032183908046 -13.432902298851
1975 10 -88.7282165368928 0.926612903224999 4.74193548387131
1975 11 -37.1106496588549 6.12629310344801 -16.1797988505747
1975 12 -100 -4.040322580645 -10.6951612903226
1976 1 -94.6963670114028 -15.100806451613 -12.7508064516129
1976 2 -68.6800894854586 -8.68048143586901 -28.1331223773034
1976 3 24.4343891402715 16.139543010752 8.93817204301079
1976 4 279.332897318509 -6.89281609195401 -2.7295977011493
1976 5 23.2564925590896 -9.67809139785 2.40362903225799
1976 6 21.6081314093838 -4.48189655172399 -6.80948275862001
1976 7 79.2098474906096 -21.584770920991 1.54821178120601
1976 8 42.4735601950792 -9.797311827957 -11.962701612903
1976 9 4.03684638309401 11.967816091954 2.40043103448201
1976 10 61.0678531701891 -11.94435483871 3.29032258064531
1976 11 -28.8045090477603 -30.707040229885 2.9535344827586
1976 12 561.009379187137 -13.072580645161 8.1758064516129
1977 1 -57.5709360912225 11.834677419355 2.24919354838709
1977 2 -85.0857568978374 -4.64107256887399 -13.3917430669586
1977 3 -88.6877828054299 20.816962365591 -4.7715053763441
1977 4 -42.4460431654676 -27.55948275862 -17.896264367816
1977 5 14.3857601400642 3.70900537634402 -4.209274193548
1977 6 -72.7742989381977 2.851436781609 -11.476149425287
1977 7 -65.6061908856406 11.318454885461 -13.451788218794
1977 8 3.01934352567263 17.460752688172 -4.38205645161199
1977 9 -42.5629910593335 14.134482758621 -1.432902298851
1977 10 33.4816462736374 4.31370967741898 -1.54838709677419
1977 11 30.5250667457728 -7.37370689655201 3.286867816092
1977 12 -10.6744082179544 6.76612903225799 2.1112903225807
1978 1 -15.141872182445 -0.262096774193985 -9.4927419354839
1978 2 93.8851603281133 -14.998215426017 -5.8917430669586
1978 3 205.429864253394 -8.95830645161301 -5.36290322580641
1978 4 -61.8051013734467 22.773850574713 -1.896264367816
1978 5 2.71374379924132 6.28965053763402 -1.628629032258
1978 6 -23.7680370269534 -19.481896551724 7.52385057471299
1978 7 30.3344345386252 3.25393875642803 -11.193723702665
1978 8 -11.2280124938353 -9.797311827957 -5.51108870967699
1978 9 17.6607191237373 -1.36551724137899 -1.099568965518
1978 10 112.087504634779 -23.105645161291 7.8064516129033
1978 11 -76.2681696825868 -4.04037356321901 18.4535344827586
1978 12 -73.2023224653863 2.41129032258097 9.7887096774194
1979 1 -100 -2.68145161290299 -3.3959677419355
1979 2 64.0566741237882 -6.06964399744498 2.8582569330414
1979 3 -37.7828054298643 -6.92497311827999 -5.09408602150541
1979 4 56.9653368214519 0.60718390804599 1.77040229885099
1979 5 -84.8263787569303 6.61223118279501 -5.822177419355
1979 6 19.7930846719303 -12.481896551724 -11.142816091954
1979 7 23.0936326198126 5.83458391771902 -0.709852734922993
1979 8 18.3626500082196 -17.184408602151 -1.31754032258
1979 9 -35.1317877462554 -18.032183908046 -17.432902298851
1979 10 -67.3711531331109 -8.26693548387102 -15.5806451612903
1979 11 129.012162563038 -2.37370689655201 2.4535344827586
1979 12 587.807056721751 -20.169354838709 12.2080645161291
1980 1 324.290639087775 1.99596774193502 7.8943548387097
1980 2 -10.5145413870246 -13.163240056559 -2.0986396186827
1980 3 126.244343891403 12.268575268817 6.5188172043011
1980 4 -50.2943100065402 -10.226149425287 -3.22959770114931
1980 5 87.9194630872483 1.12836021505299 9.661693548387
1980 6 2.73164533986751 0.68477011494199 -3.80948275862
1980 7 -10.3950762546952 9.544261337074 -2.48404628330999
1980 8 -7.94016110471807 3.105913978495 3.68245967742
1980 9 -50.1490111081008 -0.198850574711997 3.733764367816
1980 10 -56.3959955506118 10.604032258064 -9.6129032258064
1980 11 -20.4983684366657 -11.207040229885 -15.5464655172414
1980 12 -100 -13.395161290322 -13.4370967741935
1981 1 258.52559002917 -32.197580645161 -1.6217741935484
1981 2 153.542132736764 -20.533929711731 4.6439712187557
1981 3 -54.7511312217195 -12.247553763441 3.1317204301075
1981 4 14.0614780902551 -18.892816091954 -6.39626436781601
1981 5 144.878902830464 -1.77486559139801 -1.30604838709701
1981 6 98.9291224249024 -19.648563218391 5.523850574713
1981 7 130.438521066208 -19.011138382421 -3.767356241235
1981 8 42.9119403802948 -18.614516129032 -6.51915322580599
1981 9 -70.1203700119983 -11.198850574712 -21.5995689655177
1981 10 72.6362625139044 -1.81532258064603 -1.38709677419349
1981 11 -77.4547611984574 -16.207040229885 -33.0464655172414
1981 12 1.83117463153193 -10.33064516129 0.433870967742003
1982 1 -100 17.157258064516 -13.0733870967742
1982 2 1.41685309470544 6.966070288269 -8.2131716383872
1982 3 110.407239819005 -0.150779569892983 -11.3844086021505
1982 4 -23.6102027468934 9.60718390804601 -5.72959770114931
1982 5 61.7741464838051 -10.484543010753 -3.72540322580701
1982 6 -91.8322896814593 15.518103448276 -25.976149425287
1982 7 -39.3582839299452 2.77006778868703 -20.871143057504
1982 8 -96.7121486108828 -6.57150537634397 -24.5433467741931
1982 9 -80.4930913031699 -2.365517241379 -19.099568965518
1982 10 -10.4189840563589 -12.299193548387 -17.8387096774193
1982 11 -88.1340848412934 -11.207040229885 -18.3797988505747
1982 12 96.5163019205002 -24.685483870968 -11.5016129032258
1983 1 137.602757889154 -41.229838709677 -12.5895161290323
1983 2 -55.2572706935123 -24.10535828316 -34.9988859241015
1983 3 -88.6877828054299 -14.666908602151 -35.4166666666666
1983 4 -100 -5.39281609195399 -22.2295977011493
1983 5 -15.9614823460753 7.579973118279 5.30685483871
1983 6 -76.7674017605953 18.851436781609 4.19051724137999
1983 7 -68.8645517491062 -9.487996727443 22.354663394109
1983 8 3.45772371088827 -1.08763440860198 21.585685483871
1983 9 -17.6374966133839 -2.53218390804602 11.067097701149
1983 10 -74.1935483870968 -10.847580645162 5.87096774193531
1983 11 -46.6033817858202 0.959626436780994 16.9535344827586
1983 12 -100 -7.91129032258002 7.53064516129029
1984 1 10.3155661628215 -16.713709677419 -5.4927419354839
1984 2 -29.9030574198359 -22.818412470352 2.72894658821381
1984 3 621.719457013575 0.33309139784901 12.6478494623656
1984 4 -100 17.273850574713 28.770402298851
1984 5 28.8590604026846 -22.420026881721 29.661693548387
1984 6 -6.16208367365459 -3.14856321839102 9.35718390804601
1984 7 -48.2282662804906 -20.939609630668 -0.225981767181
1984 8 36.1170475094526 -12.861827956989 9.48891129032301
1984 9 174.490072376824 -23.365517241379 10.733764367816
1984 10 -88.1349647756767 6.89435483870898 20.8709677419353
1984 11 -64.4022545238801 -10.040373563219 -17.3797988505747
1984 12 -100 -11.137096774193 -16.9854838709677
1985 1 -67.1174754706974 -9.133064516129 -13.3959677419355
1985 2 -100 -3.212501140302 -6.6060287812443
1985 3 -32.1266968325792 -8.53787634408601 -10.9005376344086
1985 4 447.809025506867 -24.05948275862 -14.7295977011493
1985 5 80.2159323023052 -10.807123655914 -23.2415322580646
1985 6 42.6626735638443 -17.481896551724 -13.30948275862
1985 7 37.3942164094674 -10.617028985507 -3.45178821879399
1985 8 -86.6294043509233 5.202688172043 4.972782258065
1985 9 -49.5297441653443 14.967816091954 2.56709770114901
1985 10 -96.7371153133111 17.539516129032 -10.5806451612903
1985 11 -72.7083951349748 6.62629310344801 -14.0464655172414
1985 12 -85.7079053148727 -4.362903225806 -4.0822580645161
1986 1 -96.8178202068417 -14.939516129032 -42.4282258064516
1986 2 -100 7.50178457398299 -28.7488859241015
1986 3 -100 -21.118521505377 -36.3844086021505
1986 4 107.194244604317 -3.392816091954 24.437068965517
1986 5 -66.1511526116137 -7.25873655914 25.790725806452
1986 6 62.809692349578 -13.481896551724 22.523850574713
1986 7 -57.6413087749468 -5.133158017765 5.58046984572201
1986 8 -91.8899665735109 4.55752688172002 7.23084677419401
1986 9 -72.7522545187135 10.634482758621 -11.432902298851
1986 10 -94.0674823878383 0.120161290321974 -6.0645161290322
1986 11 -59.6558884603975 5.79295977011501 1.1202011494253
1986 12 -44.6181330951318 -5.33064516129002 -12.1467741935484
1987 1 -100 1.51209677419402 -25.3314516129032
1987 2 -86.5771812080537 -7.14107256887399 -20.5346002098157
1987 3 -95.4751131221719 -23.699166666667 -13.1586021505376
1987 4 -84.3034663178548 -26.726149425287 -27.896264367816
1987 5 120.834549168369 -11.774865591398 -18.725403225807
1987 6 -6.888102368636 -4.48189655172399 0.857183908045993
1987 7 -16.9117979816265 -9.971867695184 16.548211781206
1987 8 -35.119732588087 5.202688172043 6.26310483871
1987 9 -27.8554011688664 17.634482758621 1.233764367816
1987 10 -98.8134964775677 -10.847580645162 -40.258064516129
1987 11 258.35063779294 -1.37370689655199 -10.713132183908
1987 12 42.9209468512729 12.08870967742 5.2725806451613
1988 1 104.720233359851 -11.713709677419 -15.9766129032258
1988 2 78.9709172259508 2.00917373654502 -4.512432722131
1988 3 174.886877828054 -25.312069892474 -10.255376344086
1988 4 3.59712230215827 -7.72614942528701 0.437068965517007
1988 5 -12.4598774438284 9.838037634408 -6.789919354839
1988 6 -85.6611307741174 2.18477011494201 -2.142816091954
1988 7 -35.0138027786577 4.22168069191201 4.612727910238
1988 8 106.257877143953 -5.44247311827998 1.10181451612901
1988 9 60.854588381004 -6.03218390804599 -19.099568965518
1988 10 -100 -10.525 -19.2903225806451
1988 11 -100 23.626293103448 -29.0464655172414
1988 12 -100 -5.97580645161301 -18.5983870967742
1989 1 29.4086449217714 14.415322580645 0.152419354838695
1989 2 211.707680835198 -6.783929711731 -4.82031449552999
1989 3 -78.5067873303167 -9.82819892473199 -17.6747311827957
1989 4 60.104643557881 -12.392816091954 -18.5629310344827
1989 5 -100 2.74126344086 -13.886693548387
1989 6 52.4639259460931 10.518103448276 -8.80948275862
1989 7 -75.2002534280672 5.67329359513803 24.128856942496
1989 8 65.2693298262919 -5.60376344085999 17.553427419355
1989 9 -27.2361342261098 -16.032183908046 0.233764367816001
1989 10 -97.3303670745273 -9.557258064516 -21.5483870967742
1989 11 -54.9095223969149 4.29295977011499 9.9535344827586
1989 12 230.504689593569 -14.685483870968 -3.7596774193548
1990 1 -57.5709360912225 -1.06854838709701 20.475
1990 2 447.352721849366 -18.391072568874 18.0368283616128
1990 3 -46.8325791855204 -21.441102150538 14.2607526881721
1990 4 -82.7338129496403 -7.05948275861999 16.437068965517
1990 5 -47.7093667931135 4.676747311828 33.855241935484
1990 6 56.8200381159815 -5.815229885058 15.857183908046
1990 7 15.4907906050595 -13.025631136045 15.580469845722
1990 8 65.4885199188997 -12.216666666667 14.005040322581
1990 9 -41.0148237024422 -9.365517241379 8.900431034482
1990 10 -0.0370782350759977 -2.78306451612902 10.3870967741933
1990 11 -100 -10.707040229885 9.9535344827586
1990 12 -100 -6.29838709677401 5.5951612903226
1991 1 -100 -5.58467741935498 27.8943548387097
1991 2 -100 42.14464171684 21.8582569330414
1991 3 -100 11.462123655914 8.7768817204301
1991 4 -97.9071288423806 18.273850574713 2.10373563218401
1991 5 -91.829588561424 15.32190860215 3.210080645161
1991 6 -44.8225791814139 -5.14856321839101 6.85718390804601
1991 7 32.1446350183283 -9.64928705002297 8.16111500701201
1991 8 -82.6839826839827 13.912365591398 -12.123991935483
1991 9 -69.0366528621744 -6.69885057471202 2.23376436781599
1991 10 19.5402298850575 -15.041129032258 -1.22580645161289
1991 11 208.513794126372 -18.373706896552 -0.3797988505747
1991 12 266.234926306387 -25.33064516129 11.0790322580645
1992 1 523.707239459029 -44.29435483871 14.0233870967742
1992 2 392.170022371365 -25.577033160007 -6.2365706531655
1992 3 -43.4389140271493 -9.50561827956999 6.5188172043011
1992 4 20.863309352518 -31.05948275862 -9.56293103448271
1992 5 151.415231981325 -31.129704301076 -5.499596774194
1992 6 -76.7674017605953 2.518103448276 -12.142816091954
1992 7 7.16386839842513 -1.42348059840998 -0.548562412342992
1992 8 -72.6012384240232 -5.11989247311799 -5.994959677419
1992 9 -40.3955567596857 -13.365517241379 0.567097701148995
1992 10 -20.2076381164257 -8.912096774194 0.709677419355312
1992 11 325.986354197567 -19.040373563219 18.9535344827586
1992 12 -100 -9.524193548387 15.2725806451613
1993 1 -29.9920445505171 -3.32661290322601 22.4104838709677
1993 2 11.8568232662192 -2.14107256887399 11.2511140758985
1993 3 -77.3755656108597 -21.441102150538 -1.86827956989251
1993 4 -34.597776324395 -19.05948275862 1.10373563218399
1993 5 -91.829588561424 -15.323252688172 -6.789919354839
1993 6 -66.4216353571104 -10.148563218391 12.523850574713
1993 7 31.7825949223877 -9.971867695184 5.903050490883
1993 8 22.7464518603759 -12.539247311828 6.90826612903301
1993 9 23.8533885513024 -23.698850574712 10.567097701149
1993 10 -81.3125695216908 -4.39596774193603 2.9677419354843
1993 11 -48.9765648175616 -8.37370689655199 9.9535344827586
1993 12 -100 -7.26612903225803 2.0467741935484
1994 1 -76.6640148501724 -3.64919354838701 7.57177419354839
1994 2 -100 -0.712501140301995 16.9653997901843
1994 3 -71.7194570135747 2.42986559139702 13.6155913978495
1994 4 -4.77436232831917 -15.05948275862 7.270402298851
1994 5 -2.42194339072075 -11.129704301076 7.40362903225799
1994 6 101.288683183592 -16.481896551724 -0.80948275862001
1994 7 -85.8804362583156 3.57651940159002 -8.935659186536
1994 8 28.6645843607869 -6.732795698925 8.19858870967801
1994 9 -28.9391183186903 -17.365517241379 -5.766235632184
1994 10 104.078605858361 -1.81532258064603 14.2580645161293
1994 11 -100 -6.040373563219 15.9535344827586
1994 12 -76.7753461366682 -4.68548387096803 21.7241935483871
1995 1 108.963139750729 -9.77822580645199 21.1201612903226
1995 2 -32.8859060402685 -6.06964399744498 20.5368283616128
1995 3 -88.6877828054299 -4.66690860215099 10.0672043010753
1995 4 -92.1517331589274 -3.72614942528699 11.103735632184
1995 5 -64.9839509775314 13.063844086021 21.597177419355
1995 6 -54.2608222161721 0.518103448276008 8.52385057471301
1995 7 -52.9347875277187 -5.133158017765 1.38692145862501
1995 8 -23.7218477724807 -6.41021505376401 12.714717741936
1995 9 -0.917289158958085 0.634482758621004 3.23376436781601
1995 10 104.078605858361 -1.81532258064603 17.4838709677423
1995 11 -100 -5.70704022988501 16.286867816092
1995 12 216.212594908441 -10.814516129032 9.4661290322581
1996 1 -51.2065765049059 -28.810483870968 14.0233870967742
1996 2 -46.3087248322148 -38.335653849662 22.0392914158
1996 3 -100 -28.215295698925 -12.513440860215
1996 4 -100 -11.392816091954 -4.22959770114931
1996 5 -99.2996790195506 10.16061827957 -2.27379032258101
1996 6 -22.497504310736 6.51810344827599 17.857183908046
1996 7 -12.9293569262796 6.15716456288002 -0.225981767181
1996 8 1.04663269220231 -9.636021505376 1.74697580645201
1996 9 232.701164995936 3.30114942528798 8.23376436781601
1996 10 -29.4030404152762 -8.58951612903301 2.64516129032231
1996 11 -100 -24.707040229885 2.286867816092
1996 12 194.77445288075 -16.137096774193 11.0790322580645
1997 1 -100 -2.036290322581 -5.65403225806451
1997 2 -100 -10.35535828316 8.7511140758985
1997 3 430.542986425339 -13.699166666667 16.8413978494624
1997 4 335.840418574232 -28.726149425287 4.103735632184
1997 5 117.566384592938 -35.323252688172 -6.467338709678
1997 6 26.1457482530175 9.51810344827599 5.523850574713
1997 7 -86.9665565461375 -1.58477092099098 1.70950210378701
1997 8 -68.6558167570826 3.58978494623599 -8.89818548387099
1997 9 -27.5457676974881 -5.698850574712 -6.099568965518
1997 10 -20.5042639970337 -8.26693548387102 -7.35483870967739
1997 11 -19.311776920795 -7.37370689655201 23.0202011494253
1997 12 -64.2697632871818 -15.33064516129 -8.5983870967742
1998 1 -39.538583929992 -5.26209677419399 -0.815322580645201
1998 2 -70.1715137956749 1.787498859698 -10.1774573526729
1998 3 -100 -3.699166666667 0.712365591397894
1998 4 -100 3.607183908046 6.603735632184
1998 5 -100 31.128360215054 4.500403225806
1998 6 -11.4257192122697 24.184770114942 9.19051724137999
1998 7 -40.6254242657374 0.673293595138027 6.22563113604501
1998 8 23.842402323415 -8.99086021505401 6.585685483871
1998 9 116.278979757712 -7.03218390804601 18.900431034482
1998 10 154.208379681127 -22.783064516129 19.0967741935483
1998 11 -100 8.959626436781 29.9535344827583
1998 12 -100 3.056451612903 -0.533870967741903
1999 1 -100 12.802419354839 -8.5572580645162
1999 2 7.38255033557047 3.93035600255502 2.32254264732711
1999 3 -77.3755656108597 -1.118521505377 10.7123655913979
1999 4 -72.7926749509483 6.607183908046 -1.5629310344827
1999 5 -100 -0.161962365591997 -4.53185483871
1999 6 27.0532716217443 -4.81522988505802 -0.142816091954003
1999 7 81.201068018283 -19.649287050023 -7.00017531556799
1999 8 -11.4472025864431 -3.82956989247297 -6.31754032258
1999 9 -24.1397995123273 -16.698850574712 -8.766235632184
1999 10 77.0856507230256 -21.492741935484 -18.6451612903225
1999 11 -92.880450904776 -21.373706896552 -21.3797988505747
1999 12 -96.4269763287182 -6.620967741935 -14.4048387096774
2000 1 -100 10.221774193548 -4.6862903225807
2000 2 -100 13.733311667579 3.7634293468345
2000 3 -23.0769230769231 7.59115591397801 4.26075268817209
2000 4 34.9901896664487 -1.726149425287 -2.89626436781599
2000 5 -88.3279836591771 6.61223118279501 5.46814516129
2000 6 53.0084399673292 -16.481896551724 0.523850574712998
2000 7 -74.6571932841562 5.83458391771902 -13.774368863955
2000 8 -56.6003616636528 -5.76505376344098 -10.511088709677
2000 9 -44.7304253589813 5.967816091954 -2.43290229885099
2000 10 -89.0248424175009 11.087903225806 0.064516129032306
2000 11 7.97982794423019 32.626293103448 22.286867816092
2000 12 -100 2.08870967741998 -4.4048387096774
2001 1 -84.0891010342084 20.866935483871 7.8943548387097
2001 2 59.5824011931394 3.93035600255502 16.9653997901843
2001 3 -100 5.65567204301001 3.6155913978495
2001 4 31.8508829300196 0.60718390804599 6.437068965517
2001 5 -29.2675809746134 -11.129704301076 -9.047983870968
2001 6 -28.6686632180779 7.518103448276 -2.80948275862
2001 7 116.318957324524 17.124906498364 -1.83888499298799
2001 8 21.2121212121212 4.88010752688201 -0.833669354837987
2001 9 -23.5205325695708 -2.698850574712 2.56709770114901
2001 10 56.6184649610679 -5.68629032258102 -7.03225806451609
2001 11 -100 4.62629310344798 1.6202011494253
2001 12 -89.2809289861545 6.60483870967798 15.9177419354839
2002 1 170.485282418457 23.125 2.0879032258064
2002 2 64.0566741237882 -8.212501140302 4.4653997901843
2002 3 -54.7511312217195 15.333091397849 3.93817204301079
2002 4 -15.238718116416 1.94051724137999 11.103735632184
2002 5 45.433323606653 1.45094086021501 4.82298387096799
2002 6 100.562664488611 5.18477011494198 -3.80948275862
2002 7 -33.2036022989546 5.83458391771902 8.16111500701201
2002 8 -39.7227245328511 11.331720430107 -0.833669354837987
2002 9 54.9715524248171 2.96781609195399 11.567097701149
2002 10 17.1672228401928 32.378225806451 21.6774193548383
2002 11 231.059032927915 -10.040373563219 1.9535344827586
2002 12 -100 9.50806451612898 8.4983870967742
2003 1 -76.6640148501724 -11.713709677419 6.6040322580645
2003 2 -100 33.930356002555 18.3939712187557
2003 3 -100 20.49438172043 12.002688172043
2003 4 -4.77436232831917 25.607183908046 8.437068965517
2003 5 -56.3466588853224 20.483198924731 11.597177419355
2003 6 47.7448044287141 7.518103448276 12.857183908046
2003 7 7.70692854233606 4.866841982235 1.38692145862501
2003 8 -28.9824099950682 8.81559139784901 2.714717741936
2003 9 52.6493013894802 10.967816091954 19.900431034482
2003 10 -15.4616240266963 10.765322580645 13.9354838709673
2003 11 -52.5363393651735 14.292959770115 14.6202011494253
2003 12 -100 2.24999999999998 -19.7274193548387
2004 1 101.538053566693 -7.197580645161 12.4104838709677
2004 2 -100 20.358927431126 -7.67745735267289
2004 3 -83.0316742081448 -15.957231182796 21.6801075268817
2004 4 -28.319162851537 -8.622701149425 -1.24109195402291
2004 5 116.632623285673 -8.22647849462399 -1.628629032258
2004 6 99.6551411198838 -3.52787356321901 6.38591954022999
2004 7 -6.23161515137802 11.318454885461 -2.806626928472
2004 8 50.3644035289605 13.912365591398 11.101814516129
2004 9 -79.0997406819677 16.255172413793 7.187787356321
2004 10 -31.7760474601409 33.023387096774 14.9032258064513
2004 11 60.1898546425393 30.798706896551 4.4477873563218
2004 12 -55.3372041089772 13.701612903226 2.53064516129029
2005 1 11.376292760541 23.125 10.1524193548387
2005 2 -3.05741983594333 6.73458880678801 21.5156643404488
2005 3 -51.3574660633484 15.65567204301 2.9704301075269
2005 4 -42.4460431654676 16.549712643679 4.96580459770099
2005 5 -75.0218850306391 18.870295698924 -4.53185483871
2005 6 -61.521009165986 27.506609195402 6.041091954023
2005 7 -100 17.447487143525 6.54821178120601
2005 8 -32.9278316620089 8.88010752688203 11.746975806452
2005 9 -70.7396369547548 7.634482758621 -5.570833333334
2005 10 173.192436040044 12.05564516129 10.3870967741933
2005 11 -76.2681696825868 13.902155172414 -2.4487643678161
2005 12 -100 30.475806451613 1.4016129032258
2006 1 -53.3280297003447 8.60887096774199 -4.8475806451613
2006 2 -100 12.14464171684 1.07254264732711
2006 3 396.606334841629 10.171801075268 10.7123655913979
2006 4 250.555918901243 6.27385057471301 5.10373563218399
2006 5 82.0834549168369 -6.93615591397901 0.952016129031996
2006 6 -93.6473364189128 -1.81522988505801 -6.80948275862001
2006 7 -33.5656423948952 8.09264843384803 0.741760168303003
2006 8 27.34944380514 1.00913978494599 4.32762096774201
2006 9 47.8499825831172 15.967816091954 15.233764367816
2006 10 -10.4189840563589 11.410483870967 19.0967741935483
2006 11 447.018688816375 10.626293103448 -2.3797988505747
2006 12 -100 20.475806451613 -0.533870967741903
2007 1 17.7406523468576 20.866935483871 16.1201612903226
2007 2 413.049962714392 15.358927431126 14.1082569330414
2007 3 -42.3076923076923 12.107284946236 6.5188172043011
2007 4 -68.0837148463048 7.27385057471299 0.103735632183994
2007 5 -24.5987744382842 19.838037634408 -0.338306451613004
2007 6 -5.25456030492784 39.518103448276 -7.47614942528701
2007 7 45.902158664072 40.673293595138 -0.871143057503989
2007 8 121.162803441284 23.267204301075 -7.607862903225
2007 9 -3.39435692998414 24.967816091954 -10.099568965518
2007 10 40.0074156470152 28.829838709677 -23.8064516129032
2007 11 -9.81904479382973 32.959626436781 -9.3797988505747
2007 12 -55.3372041089772 67.25 1.7241935483871
2008 1 -100 46.028225806452 -6.9443548387097
2008 2 -95.5257270693512 63.733311667579 -2.0986396186827
2008 3 -45.7013574660633 40.816962365591 -14.4489247311828
2008 4 -60.758665794637 39.273850574713 -7.2295977011493
2008 5 -52.8450539830756 28.225134408602 -14.854435483871
2008 6 -49.9047100462837 22.518103448276 -15.476149425287
2008 7 153.066027062497 23.57651940159 -11.193723702665
2008 8 137.602060386871 25.202688172043 -12.769153225806
2008 9 3.57239617602664 6.30114942528799 -11.099568965518
2008 10 -62.6251390433815 -1.49274193548401 -28.6451612903225
2008 11 -88.1340848412934 32.959626436781 -15.3797988505747
2008 12 -100 45.637096774194 -19.8887096774193
2009 1 -3.47387960753116 44.092741935484 -8.2346774193549
2009 2 -52.2744220730798 30.358927431126 -8.7488859241015
2009 3 -100 23.397607526881 -16.0618279569892
2009 4 -97.3839110529758 32.273850574713 -13.5629310344827
2009 5 21.3889699445579 5.96706989247302 -10.660887096774
2009 6 -17.2338687721209 27.851436781609 -10.142816091954
2009 7 -52.3917273838078 34.544261337074 -12.806626928472
2009 8 18.1434599156118 29.39623655914 -21.15625
2009 9 31.4394086000697 21.634482758621 0.567097701148995
2009 10 129.291805710048 42.378225806451 7.8064516129033
2009 11 -82.2011272619401 25.626293103448 -10.3797988505747
2009 12 37.5614113443502 47.25 -4.0822580645161
