"anio" "mes" "ppAcc" "mTmax" "mTmin"
1970 1 104.556020455602 -20.545970246444 28.1798224303747
1970 2 12.9943502824859 -7.992832056194 29.1475985221675
1970 3 159.472945579292 -19.753039702233 33.2247518610422
1970 4 -54.7235524597301 -3.27413793103499 30.7212931034483
1970 5 -62.8942486085343 7.34206989247397 34.9241263440861
1970 6 -32.864177756573 25.263854679803 67.0300574712643
1970 7 -2.77869013991985 -24.998387096774 7.7443548387097
1970 8 108.638415435016 -20.616417050691 4.7556451612904
1970 9 -42.3218747592158 -25.224054336468 -6.8652272727273
1970 10 -71.9375521730636 -15.172964132641 -8.8466896007218
1970 11 -92.0226754719186 -30.175272620101 -21.0676392572944
1970 12 -100 -9.45080645161301 -7.5291218637993
1971 1 -90.7019990701999 11.389513624524 15.9217579142457
1971 2 -100 50.896056832695 30.2587096332786
1971 3 -88.1490721970996 40.892121588089 8.06346153846159
1971 4 58.4675663909447 11.553448275862 -1.3476724137931
1971 5 -35.5531686358754 -36.851478494623 16.5370295698921
1971 6 123.218089184998 -38.184421182266 4.2714367816092
1971 7 -67.8118636274059 -62.417741935483 -2.41693548387099
1971 8 7.48954543395885 -79.326094470046 3.78790322580651
1971 9 -14.5835397197548 -62.465433646813 6.23822100313479
1971 10 80.4521961529581 -44.85038348748 22.121052334762
1971 11 137.040500262989 -39.830445033894 35.1392572944297
1971 12 252.804127142619 -25.257258064516 39.7289426523298
1972 1 30.1720130172013 -23.771776698056 39.4701450110199
1972 2 -61.2590799031477 -29.985169220945 31.5358488414523
1972 3 218.103851551536 -46.204652605459 24.0312034739454
1972 4 -93.0343926861123 -30.262643678161 13.7212931034483
1972 5 101.152231227419 -70.077284946236 0.0854166666666067
1972 6 21.3215874043655 -54.701662561576 -2.7400574712644
1972 7 -97.3723970308086 16.937096774194 49.3572580645166
1972 8 -91.9080903999155 8.41584101382502 49.9169354838711
1972 9 -98.4589813866966 5.14376175548602 32.4910945663535
1972 10 -96.092570555743 2.89155199639101 25.9920200766975
1972 11 -100 -24.232743884468 19.3404067197171
1972 12 -56.7315693126976 -3.96693548387102 7.4708781362007
1973 1 78.5216178521618 -19.57822831096 18.1798224303747
1973 2 -45.1170298627926 -2.23886380222599 15.38437100894
1973 3 -100 -13.301426799007 12.2570099255583
1973 4 -61.6891597736178 1.40402298850503 20.7212931034483
1973 5 -70.7059857435797 19.116263440861 33.6338037634411
1973 6 -15.1430470121151 -4.70166256157601 23.2599425287353
1973 7 -22.4200223346252 30.485483870968 62.2604838709676
1973 8 -19.2016787693051 7.77067972350203 74.4330645161291
1973 9 -52.8888595361534 -20.856238244514 23.4910945663532
1973 10 -30.731932579081 -19.366512519738 52.7662136250851
1973 11 -100 -20.166077217802 53.8404067197174
1973 12 -12.7974704609752 -51.64435483871 33.1160394265233
1974 1 -34.9139934913994 -60.384679923863 15.760467591665
1974 2 3.3091202582728 -63.667435230797 -3.7227718482029
1974 3 84.0012474660845 -2.17239454094301 19.5150744416874
1974 4 -21.6369177187636 1.57068965517201 18.0546264367816
1974 5 -38.4825700615174 30.084005376345 17.3434811827961
1974 6 -74.440676810878 23.631670771757 35.4266091954023
1974 7 -23.4710635223018 28.872580645162 60.9701612903226
1974 8 -19.2016787693051 8.09326036866402 74.1104838709681
1974 9 -53.549296084712 -20.189571577847 19.9910945663532
1974 10 -31.4423742962187 -18.882641551996 53.2500845928261
1974 11 -100 -17.832743884468 53.1737400530504
1974 12 -15.4601431186554 -46.708870967742 33.5999103942652
1975 1 -100 24.615320076137 12.6959514626328
1975 2 -100 7.93970762634601 -5.6870575624886
1975 3 -100 44.763089330025 15.6441066997519
1975 4 -100 -3.76264367816098 -4.9453735632184
1975 5 -100 23.793682795699 12.9886424731181
1975 6 -100 12.965004105091 13.2599425287356
1975 7 -100 10.96935483871 12.7443548387097
1975 8 -100 29.324443164363 14.6911290322581
1975 9 -100 30.47709508882 21.7244278996865
1975 10 -100 26.117358448004 18.4113749154072
1975 11 -100 23.767256115532 10.1737400530504
1975 12 -100 37.000806451613 17.1482974910394
1976 1 -100 29.937900721298 9.6314353336005
1976 2 -100 -2.23886380222599 -13.7227718482029
1976 3 -100 45.408250620348 19.676364764268
1976 4 -100 8.90402298850503 4.887959770115
1976 5 -100 21.213037634409 15.2467069892471
1976 6 62.6936118731576 -42.273091133005 -12.7400574712644
1976 7 66.5900282467319 -28.224193548387 21.2927419354836
1976 8 28.6251302102991 14.222292626728 11.5298387096775
1976 9 43.9751675857742 27.17709508882 31.6577612330195
1976 10 -27.8901657105305 19.827035867359 14.2178265283104
1976 11 -4.27210566302384 -3.39941055113499 12.8404067197171
1976 12 382.609419204527 28.291129032258 9.5676523297491
1977 1 -55.8344955834496 31.873384592266 10.1153063013425
1977 2 -83.8579499596449 10.439707626346 -2.4727718482029
1977 3 -25.1520349290504 51.537282878412 21.6118486352358
1977 4 1.00130605137136 -0.429310344827982 -2.4453735632184
1977 5 -61.5271946099014 25.406586021506 13.4725134408601
1977 6 -45.4734438632065 12.965004105091 13.093275862069
1977 7 -62.8851080601721 11.001612903226 13.066935483871
1977 8 -26.8104892887876 29.867453917051 15.0782258064516
1977 9 -42.542020275402 30.143761755486 22.3244278996865
1977 10 13.315453883452 21.923810060907 18.5726652379878
1977 11 -27.064461457542 24.100589448865 10.1737400530504
1977 12 3.17856548510567 37.162096774194 16.1805555555556
1978 1 -55.8344955834496 28.486287818073 16.8894998497296
1978 2 35.593220338983 13.832564769203 20.5629424375114
1978 3 249.290503664432 29.924379652606 -7.0978287841191
1978 4 -49.4993469743143 60.737356321839 17.7212931034483
1978 5 87.4816912410897 45.729166666667 32.6660618279571
1978 6 27.7966159456098 23.798337438424 20.5932758620693
1978 7 8.97983314721147 -35.901612903225 9.67983870967741
1978 8 60.0869578345084 -37.713191244239 16.6911290322581
1978 9 113.100859668241 -3.02290491118001 21.1577612330198
1978 10 95.3714722128483 -18.979415745545 19.2178265283104
1978 11 7.12407223423523 -10.566077217802 35.8404067197171
1978 12 -53.4032284905974 3.80725806451601 31.5031362007169
1979 1 -95.3509995350999 -5.70726056902398 4.8572417852134
1979 2 145.359160613398 -7.953149516512 2.3486567232257
1979 3 -43.8640261967878 37.343734491315 3.5473325062035
1979 4 108.96821941663 48.070689655172 18.0546264367816
1979 5 -78.5177228786251 44.761424731183 10.4079973118279
1979 6 -13.8480413038663 22.298337438424 28.9266091954023
1979 7 -2.77869013991985 40.80806451613 13.2282258064516
1979 8 165.704494331134 28.415841013825 14.4330645161291
1979 9 83.8215060154762 12.47709508882 1.1244278996865
1979 10 -76.2002024758894 59.020584254455 -14.0079799233025
1979 11 12.8221611828648 -16.899410551135 -0.492926613616298
1979 12 259.46080878682 -46.515322580645 21.5031362007169
1980 1 295.165039516504 -43.126615407734 19.4701450110199
1980 2 248.668280871671 -64.674824393359 11.5358488414523
1980 3 29.736472789646 -25.236910669975 16.7731389578164
1980 4 194.296909011754 9.73735632183903 12.387959770115
1980 5 145.09325261205 48.632392473119 21.6983198924731
1980 6 -46.1550258149164 29.631670771757 4.9599425287356
1980 7 -72.4101688234908 42.743548387097 6.45403225806451
1980 8 -38.5860293784628 39.061002304148 17.9814516129031
1980 9 48.5982234256844 33.741462904912 20.3761520376175
1980 10 -21.2120135694368 34.504455222197 3.7339555605685
1980 11 -66.9510840979487 41.767256115532 -7.15959328028291
1980 12 13.1635879514062 23.775 -13.9807347670251
1981 1 306.787540678754 12.034674914847 -19.239532408335
1981 2 67.8773204196933 8.118279054917 -16.5799147053458
1981 3 -75.0506783096835 30.433064516129 0.234677419354901
1981 4 86.3299956464954 25.737356321839 8.72129310344831
1981 5 140.210916902646 40.567876344086 10.7305779569892
1981 6 386.990304496737 23.965004105091 19.2599425287353
1981 7 135.827366484924 25.96935483871 8.71209677419351
1981 8 105.619046181253 26.802937788019 11.5298387096775
1981 9 70.8329205604905 29.901337513062 14.7335188087774
1981 10 -47.0720920732465 46.117358448004 27.2823426573427
1981 11 -81.7661153643855 47.433922782198 -15.8262599469496
1981 12 598.951572641038 31.839516129032 -1.07750896057349
1982 1 -88.3774988377499 48.163707172911 -1.8201775696253
1982 2 25.90799031477 47.403993340631 -16.5799147053458
1982 3 -68.8133478871043 40.892121588089 -0.323635235732
1982 4 49.7605572485851 47.070689655172 14.387959770115
1982 5 13.2701884581584 27.987231182796 12.3434811827961
1982 6 -90.1170617002062 69.298337438424 9.593275862069
1982 7 -54.6738487814491 39.517741935484 3.22822580645161
1982 8 -35.3854979694742 34.222292626728 8.62661290322581
1982 9 -37.0383823707471 31.310428422153 -7.1755721003135
1982 10 4.79015327780048 39.636420031581 -16.7719095420708
1982 11 -63.532230728771 28.767256115532 -14.4929266136163
1982 12 99.700449326011 10.113112305854 -10.2650836320191
1983 1 199.860529986053 13.647578140653 -16.6588872470446
1983 2 -100 44.784945721584 -16.7783274037585
1983 3 -78.169343520973 22.279218362283 -12.2268610421836
1983 4 -100 15.404022988505 18.2212931034483
1983 5 -100 -24.754704301075 -4.7532930107527
1983 6 -100 -19.368329228243 -0.573390804597693
1983 7 169.657754713263 18.066129032259 3.55080645161291
1983 8 49.7607149866393 39.383582949309 10.7233870967742
1983 9 41.9057997336239 37.143761755486 20.6577612330198
1983 10 -24.3379571248424 33.214132641552 5.3468587863749
1983 11 123.365086786278 64.100589448865 13.5070733863837
1983 12 -3.4781161590947 17.484677419355 7.14829749103941
1984 1 48.7680148768015 -6.02984121418501 -7.3040485373672
1984 2 -9.6045197740113 -24.467927841635 -8.6365649516512
1984 3 -100 -5.398200992556 4.1924937965261
1984 4 -79.103178058337 15.404022988505 19.2212931034483
1984 5 236.295283663705 -24.754704301075 -3.3984543010753
1984 6 -25.1623017022509 -19.201662561576 -2.5733908045977
1984 7 110.799448203376 -10.159677419354 13.066935483871
1984 8 -100 39.383582949309 10.4008064516129
1984 9 -100 40.47709508882 24.6577612330195
1984 10 -68.527431930803 21.859293931875 12.7662136250846
1984 11 -59.8854538016481 10.767256115532 -9.1595932802829
1984 12 -70.0449326010984 22.807258064516 -7.206541218638
1985 1 -83.7284983728498 29.454029753556 -6.3363066018834
1985 2 9.76594027441485 27.761136197774 3.4200852946542
1985 3 -84.4066739435522 -0.236910669975003 -10.6462158808933
1985 4 300.174140182847 -28.929310344828 -26.2787068965517
1985 5 -35.5531686358754 -30.883736559139 -43.3016801075269
1985 6 46.5401196176325 -23.368329228243 -37.906724137931
1985 7 -36.6090783682586 -10.482258064516 10.4862903225806
1985 8 -23.9118948051752 -13.197062211981 -41.2120967741935
1985 9 -30.4340168851611 -3.65623824451401 -25.8422387669802
1985 10 -76.2002024758894 -33.076189939093 -17.878947665238
1985 11 -11.1098124013793 -25.899410551135 -19.8262599469496
1985 12 39.7903145282077 -29.128225806451 -16.722670250896
1986 1 34.8210134821013 -35.062099278702 -34.4008227309156
1986 2 -67.7158999192897 -30.27457808794 -17.8299147053458
1986 3 -100 -47.494975186104 -36.1300868486352
1986 4 183.848498040923 -21.929310344828 -24.9453735632184
1986 5 4.48198418123231 -37.980510752688 -31.5274865591398
1986 6 14.3694514969244 -30.368329228243 -20.7400574712644
1986 7 -47.5793207646325 -34.353225806451 -14.9975806451613
1986 8 -51.6900919397938 -14.164804147465 -3.7927419354838
1986 9 -44.919591850213 -28.189571577847 2.4910945663532
1986 10 -31.5844626396462 -28.076189939093 9.2178265283104
1986 11 -100 -21.232743884468 -13.6595932802829
1986 12 -100 -11.063709677419 -13.8194444444444
1987 1 -100 -28.764764075336 -12.9842729412943
1987 2 -35.4317998385795 -9.56029237365399 2.7057995803685
1987 3 -100 -32.494975186104 -20.6462158808933
1987 4 -100 -25.429310344828 -12.2787068965517
1987 5 -81.4471243042672 -25.211693548387 6.28165322580641
1987 6 -29.4562679980234 -25.534995894909 -5.2400574712644
1987 7 146.33777836169 -28.869354838709 -3.86854838709679
1987 8 -92.4515768655928 -16.223175883256 -3.30887096774189
1987 9 -23.6095058833889 -19.02290491118 -0.175572100313506
1987 10 -74.0688773244765 -30.011673810061 -33.3628186329799
1987 11 0.28636549587979 -19.232743884468 -15.6595932802829
1987 12 -100 -6.22499999999999 -13.0129928315412
1988 1 -67.4569967456997 -9.90080895612099 -24.0782420857543
1988 2 -64.4874899112187 1.39414112388302 -22.2572546068236
1988 3 93.3572430999532 -29.430459057072 -22.4204094292804
1988 4 -36.9612538093165 -24.595977011495 -14.2787068965517
1988 5 -49.2237086222049 -23.948252688172 5.2467069892473
1988 6 8.37153032187708 -26.034995894909 3.42660919540229
1988 7 79.6623530184589 -23.062903225806 2.90564516129031
1988 8 26.511571732665 -21.422868663594 5.56209677419361
1988 9 -46.2844940505674 -8.856238244514 -6.0089054336468
1988 10 -26.6113706196828 -22.914899616512 -17.2337863749154
1988 11 -81.7661153643855 12.100589448865 -12.4929266136163
1988 12 -10.1347978032951 -0.257258064516002 -10.5936379928315
1989 1 -41.8874941887494 -2.96532508515298 -0.852435634141404
1989 2 158.272800645682 -11.703149516512 -15.1513432767743
1989 3 24.7466084515827 -12.011104218362 -7.0978287841191
1989 4 -37.3095341750109 -15.429310344828 -14.9453735632184
1989 5 -34.967288350747 0.406586021506001 3.9563844086021
1989 6 3.25966568405269 -2.36832922824298 1.92660919540231
1989 7 -28.7262694606845 -16.288709677419 -15.8040322580645
1989 8 13.2263470161083 -28.358352534562 -14.9217741935484
1989 9 -12.602230074079 -30.52290491118 -10.1755721003135
1989 10 -53.4660675274852 -9.68909316489899 -32.0724960523347
1989 12 -100 -25.579838709677 -20.9162186379928
1990 1 -23.2914923291492 -6.352421859347 -11.1750162793027
1990 2 9.76594027441485 -17.596006659369 -8.36562899106
1990 3 -93.7626695774209 -25.075620347394 -16.4526674937965
1990 4 -4.2228994340444 -18.595977011495 -8.9453735632184
1990 5 11.317254174397 -11.367607526881 0.246706989247301
1990 6 -25.0259853119089 -18.701662561576 -4.07339080459771
1990 7 50.1018196150562 -34.03064516129 -12.9008064516129
1990 8 71.6813357689579 -33.519642857143 -15.5669354838709
1990 9 -14.5835397197548 -27.52290491118 -12.0089054336468
1990 10 -16.1678773777596 -20.334254455222 -12.395076697496
1990 11 100.57273099176 -31.232743884468 -17.4262599469496
1990 12 -80.0299550673989 -16.225 -21.8194444444444
1991 1 -81.4039981403998 -1.513712181927 -0.852435634141404
1991 2 -58.0306698950767 -14.560292373654 -15.6513432767743
1991 3 -100 -8.46271712158799 -11.5494416873449
1991 4 -59.9477579451458 3.07068965517203 -6.7787068965517
1991 5 -44.3413729128015 5.729166666667 4.6015456989247
1991 6 52.6743571830218 -12.368329228243 -3.40672413793101
1991 7 97.0702226893517 -31.45 -13.8685483870968
1991 8 -40.5184257008711 -16.100288018433 -6.21209677419349
1991 9 1.26693744565157 -42.856238244514 -16.8422387669802
1991 10 61.2702697902421 -39.366512519738 -16.9112057297541
1991 11 10.542925603413 -26.232743884468 -22.8929266136163
1991 12 -10.1347978032951 -26.870161290322 -6.5291218637993
1992 1 323.059042305904 -34.416937988379 -6.2717904728511
1992 2 74.3341404358354 -31.70930715198 -19.2227718482029
1992 3 -40.7453609854982 -13.301426799007 -1.93653846153841
1992 4 -49.4993469743143 -48.595977011495 -17.612040229885
1992 5 83.575822673567 -40.722446236559 -26.3661962365592
1992 6 -25.3667762877639 -14.034995894909 -18.7400574712644
1992 7 24.8111410365894 -11.45 -22.2556451612903
1992 8 -11.8344177901236 -2.87448156682 -19.4379032258064
1992 9 37.150656584002 -15.52290491118 -18.8422387669802
1992 10 70.8612329716001 -29.689093164899 -19.4918508910444
1992 11 1.4259832856057 -31.566077217802 -16.1595932802829
1992 12 -80.0299550673989 -15.627628434886 -17.0798984468339
1993 1 -39.5629939562994 -10.488366559808 -4.6876890903626
1993 2 -93.5431799838579 8.47542191205999 -4.2584861339172
1993 3 -78.169343520973 -13.624007444169 -6.4526674937965
1993 4 -72.1375707444493 -14.929310344828 -18.612040229885
1993 5 -88.2823942974319 -28.46438172043 -30.5597446236559
1993 6 134.804982364067 -20.034995894909 -34.0733908045977
1993 7 1.81961505616502 -6.93387096774103 -29.3524193548387
1993 8 -3.07824695421126 -16.745449308756 -27.1798387096774
1993 9 41.553566907726 -16.189571577847 -19.8422387669802
1993 10 -43.8040601744134 -18.398770584254 -16.2660444394315
1993 11 94.87464204313 -17.899410551135 -13.1595932802829
1993 12 -100 -26.225 -18.8839605734767
1994 1 6.92701069270106 -14.094357343218 -12.0459840212382
1994 2 -90.3147699757869 -15.810292373654 -10.5084861339172
1994 3 -100 -30.398200992556 -15.7752481389578
1994 4 79.3643883326078 -32.595977011495 -26.9453735632184
1994 5 19.1289913094424 -38.786962365591 -31.0436155913979
1994 6 6.32678446674732 -25.701662561576 -26.406724137931
1994 7 -72.0817184523418 -14.998387096774 -28.5459677419355
1994 8 -69.8063074623711 -32.551900921659 -32.6637096774193
1994 9 -16.5648493654306 -28.856238244514 -29.8422387669802
1994 10 -7.64257677210805 -27.108448003609 -30.4595928265283
1994 11 -70.3699374671264 -20.566077217802 -11.8262599469496
1994 12 -93.3433183557996 -16.547580645161 -5.5936379928315
1995 1 -13.9934913993491 -7.96532508515298 -2.1427582147866
1995 2 -45.1170298627926 -4.02457808794001 4.9200852946542
1995 3 -59.4573522532356 3.15018610421799 7.74088089330029
1995 4 -14.6713104048759 -17.262643678161 -6.7453735632184
1995 5 53.3053412752661 -26.851478494623 -8.9468413978495
1995 6 -55.3563821630003 -37.034995894909 -16.7400574712644
1995 7 105.281481968075 -34.353225806451 -24.5137096774194
1995 8 1.75274385180936 -37.390610599078 -25.8895161290322
1995 9 -56.4111877951326 -24.189571577847 -11.1755721003135
1995 10 -39.1861890130188 -18.721351229416 -9.8144315362057
1995 11 116.527380047922 -21.899410551135 -5.8262599469496
1995 12 87.0527542020303 -34.934677419355 -12.6581541218638
1996 1 -100 -41.191131536766 -15.6911453115608
1996 2 -35.4317998385795 -22.398962324393 -8.1193235723408
1996 3 -100 -34.914330024814 -11.6139578163771
1996 4 1.00130605137136 -36.722413793104 -22.3821551724138
1996 5 -100 -11.367607526881 -7.4952284946237
1996 6 80.0057934465895 -1.03499589490898 17.2599425287353
1996 7 -21.0405307757998 -7.57903225806402 12.9056451612903
1996 8 35.630066879029 -39.326094470046 -23.6314516129032
1996 9 4.34897467225836 -25.189571577847 -21.5089054336468
1996 10 95.7266930714172 -21.947157681029 -10.7821734716896
1996 11 260.119221553387 -30.899410551135 -15.1595932802829
1996 12 -33.4331835579963 -24.289516129032 -0.109767025089598
1997 1 -100 -21.513712181927 0.437886946503694
1997 2 6.53753026634382 -20.810292373654 -4.0799147053458
1997 3 916.684858880399 -45.236910669975 -5.48492555831261
1997 4 304.005224205485 -51.262643678161 -23.2787068965517
1997 5 291.563323894151 -58.141801075268 -25.075873655914
1997 6 -31.1602228772982 -9.03499589490899 5.92660919540229
1997 7 -33.3245746567694 -26.933870967741 -18.7072580645161
1997 8 -70.1082443877474 -38.035771889401 -22.341129032258
1997 9 -19.8670321082235 -36.856238244514 -23.5089054336468
1997 10 -77.2658650515958 -37.741202346041 -26.2474340175953
1997 11 -92.0226754719186 -5.89941055113499 5.1737400530504
1997 12 -80.0299550673989 -29.128225806451 -7.206541218638
1998 1 -86.0529986052999 0.744352334201999 2.0507901723102
1998 2 -35.4317998385795 10.261136197774 3.7772281517971
1998 3 -100 -12.656265508685 -10.0010545905707
1998 4 -96.5171963430562 44.070689655172 23.7212931034483
1998 5 -100 90.567876344086 25.2467069892471
1998 6 -84.6644060865268 89.631670771757 15.2599425287353
1998 7 -46.7910398738751 37.259677419355 -20.6427419354839
1998 8 37.6832379715877 25.835195852535 -22.9862903225806
1998 9 144.801813999053 26.47709508882 -22.5089054336468
1998 10 151.141147008152 -0.334254455222016 -13.3628186329799
1998 11 31.0560458184793 21.767256115532 -2.15959328028291
1998 12 -100 21.839516129032 -6.8839605734767
1999 1 -100 4.29273943097602 -18.755661440593
1999 2 -48.3454398708636 5.26113619777401 4.13437100894
1999 3 -56.338687041946 22.827605459057 -0.323635235732
1999 4 -100 35.737356321839 -4.2787068965517
1999 5 -88.2823942974319 93.471102150538 -0.882325268817201
1999 6 -8.66801847087089 91.965004105091 -4.07339080459771
1999 7 5.43256913880313 58.227419354839 -14.8362903225807
1999 8 -16.6654085961443 50.673905529954 -15.5669354838709
1999 9 59.8256447511805 34.47709508882 -13.8422387669802
1999 10 11.3972612471804 -3.882641551996 -19.4918508910444
1999 11 18.5202501314943 15.100589448865 -19.8262599469496
1999 12 -100 16.35564516129 -8.8194444444444
2000 1 -41.8874941887494 6.55080394710499 -7.9492098276898
2000 2 -45.1170298627926 25.187244572158 0.5013660828316
2000 3 -31.3893653516295 53.150186104218 6.7731389578164
2000 4 -16.4127122333478 76.404022988505 11.7212931034483
2000 5 -62.8942486085343 57.987231182796 8.7950940860215
2000 6 -9.69039139843577 31.631670771757 2.59327586206901
2000 7 -77.9938251330224 37.904838709678 1.93790322580641
2000 8 21.6805809266444 20.351324884793 -5.8895161290322
2000 9 -26.6915431099957 36.143761755486 5.49109456635319
2000 10 -53.1108466689164 40.310906835101 4.0565362057298
2000 11 -65.8114663082228 48.767256115532 8.8404067197171
2000 12 69.7453819271093 44.742741935484 -6.2387992831541
2001 1 -41.8874941887494 35.26048136646 -0.207274343818806
2001 2 67.8773204196933 36.332564769203 4.13437100894
2001 3 -12.6773740838921 18.63405707196 5.8053970223325
2001 4 39.3121462777536 23.404022988505 25.3879597701153
2001 5 101.152231227419 -6.52889784946201 -16.6887768817204
2001 6 -23.3220304326341 3.63167077175699 -12.406724137931
2001 7 -0.807987913026335 25.646774193549 -3.54596774193549
2001 8 6.28179773245369 27.770679723502 0.562096774193606
2001 9 46.8370592961948 23.143761755486 -0.842238766980206
2001 10 -16.5230982363284 26.439939093165 -3.6853992781412
2001 11 -62.3926129390451 27.433922782198 4.1737400530504
2001 12 -80.0299550673989 49.581451612903 6.6644265232975
2002 1 83.6355183635518 36.873384592266 -0.852435634141404
2002 2 -54.8022598870057 25.261136197774 -5.6870575624886
2002 3 -53.2200218306565 24.117928039702 -3.2268610421836
2002 4 -42.5337396604266 44.070689655172 7.72129310344829
2002 5 24.9877941607265 41.213037634409 7.8273521505376
2002 6 44.1545827866478 29.298337438424 0.926609195402293
2002 7 -16.5736057281745 36.937096774194 7.09919354838711
2002 8 -44.4436057307628 42.931970046083 11.8524193548387
2002 9 -7.53888320179639 45.47709508882 15.1577612330198
2002 10 -25.4036197005488 59.988326189939 27.604923302504
2002 11 47.010694874642 28.433922782198 0.507073386383698
2002 12 -83.3582958894991 52.162096774194 6.0192652329749
2003 1 167.317526731753 23.002416850331 -6.3363066018834
2003 2 -90.3147699757869 58.118279054917 11.9915138660828
2003 3 -100 22.505024813896 -2.581699751861
2003 4 -66.9133652590335 25.404022988505 11.7212931034483
2003 5 -65.8236500341764 28.309811827957 23.3112231182791
2003 6 -33.204968732428 20.298337438424 -0.406724137931
2003 7 39.0658871444525 17.904838709678 -3.22338709677419
2003 8 -35.6874348948505 21.641647465438 0.884677419354905
2003 9 88.0923290294885 18.810428422153 7.8244278996865
2003 10 -20.7857485391542 26.439939093165 10.1855684637943
2003 11 90.3161708842264 28.433922782198 7.84040671971709
2003 12 -30.1048427358962 31.516935483871 -12.3678315412186
2004 1 62.7150162715016 33.647578140653 -4.4008227309156
2004 2 -35.4317998385795 20.014830779055 13.2599867724868
2004 3 286.714486199906 0.569540942927986 4.1924937965261
2004 4 -54.7235524597301 -16.595977011495 -10.9453735632184
2004 5 -5.28268723757445 -22.335349462365 -23.7855510752688
2004 6 14.8465588631213 -3.03499589490901 -18.406724137931
2004 7 8.06017210799449 4.35645161290399 -13.2233870967742
2004 8 -43.537794954634 6.802937788019 -9.76048387096769
2004 9 -45.4919701922971 10.810428422153 -2.1755721003135
2004 10 2.65882812638759 8.375422964133 9.862987818633
2004 11 -100 6.76725611553199 5.1737400530504
2004 12 -53.4032284905974 -23.966935483871 -9.1420250896057
2005 1 -67.4569967456997 -4.094357343218 3.3411127529554
2005 2 -16.0613397901534 -2.06690613026801 7.2957466703156
2005 3 -59.4573522532356 -15.559491315136 1.6118486352358
2005 4 -89.5515890291685 -18.101724137931 -0.658017241379296
2005 5 -70.7059857435797 -31.367607526881 -13.7855510752688
2005 6 -20.9364936016494 -24.046490147783 -7.4527011494253
2005 7 -61.5713065755764 -16.933870967741 -19.675
2005 8 21.6805809266444 -12.87448156682 -17.5024193548387
2005 9 -19.4267410758511 -10.051640543364 -12.0376410658307
2005 10 281.151981244339 -2.91489961651202 0.830729754116897
2005 11 -7.69095903220156 -6.38216917182501 -3.8262599469496
2005 12 -100 0.871774193549015 4.0837813620072
2006 1 -67.4569967456997 12.357255560008 12.3733708174715
2006 2 -80.6295399515738 -10.810292373654 7.3486567232257
2006 3 96.4759083112428 -14.914330024814 8.06346153846159
2006 4 18.4153243360906 -19.262643678161 4.72129310344831
2006 5 24.9877941607265 -27.496639784946 -13.1403897849463
2006 6 -61.1498287525346 -17.034995894909 -12.7400574712644
2006 7 -75.0377717926821 -13.708064516129 -16.1266129032258
2006 8 25.9076978819125 -10.29383640553 -8.47016129032249
2006 9 40.452839326795 -4.85623824451398 -0.508905433646802
2006 10 27.5242882262046 -3.56006090683501 4.0565362057298
2006 11 312.541639880778 -2.232743884468 -1.4929266136163
2006 12 23.1486104177068 6.03306451612898 -0.754928315412196
2007 1 -100 7.19596523742702 2.3733708174715
2007 2 558.595641646489 -3.31029237365399 3.0629424375114
2007 3 30.9839388741619 -17.817555831265 -9.6784739454094
2007 4 112.451023073574 -26.262643678161 -13.9453735632184
2007 5 -62.8942486085343 -26.851478494623 -15.7210349462366
2007 6 1.89650178063285 -13.368329228243 -19.0733908045977
2007 7 32.6939499441634 -7.57903225806402 -17.416935483871
2007 8 127.056567882969 -16.100288018433 -14.9217741935484
2007 9 -5.5575735561206 -5.18957157784701 -9.1755721003135
2007 10 26.4586256504982 -0.334254455222016 -9.4918508910444
2007 11 23.0787212903979 7.10058944886498 -6.1595932802829
2007 12 19.8202695956066 18.291129032258 9.8902329749104
2008 1 13.9005113900511 1.38951362452399 -1.98146789220591
2008 2 25.90799031477 9.32517560664099 6.7082626345557
2008 3 -68.8133478871043 -10.720781637717 3.2247518610422
2008 4 35.8293426208098 -28.262643678161 -7.2787068965517
2008 5 -26.7649643589493 -17.819220430107 -2.4952284946237
2008 6 5.98599349089236 -17.368329228243 -9.7400574712644
2008 7 41.8905603363332 -8.22419354838701 -14.1911290322581
2008 8 72.405984389861 -6.42286866359399 -11.0508064516129
2008 9 57.4040440731323 -8.18957157784698 -8.8422387669802
2008 10 169.9678525123 -4.20522219715799 -8.2015283103993
2008 11 -32.7625504061715 -2.76607721780202 -6.8262599469496
2008 12 -100 14.097580645161 2.4708781362007
2009 1 20.8740120874012 6.55080394710499 5.2765966239231
2009 2 45.2784503631961 -12.953149516512 1.2772281517971
2009 3 -71.9320130983939 -12.011104218362 -4.5171836228288
2009 4 -72.1375707444493 -15.262643678161 -11.9453735632184
2009 5 226.140025388146 -29.754704301075 -18.6242607526882
2009 6 -84.0509823299879 -11.368329228243 -16.7400574712644
2009 7 -99.3430992577021 5.32419354838797 -10.5782258064516
2009 8 -52.5959027159226 -7.71319124423897 -15.2443548387096
2009 9 -12.602230074079 -5.856238244514 -11.8422387669802
2009 10 65.1776992344991 2.89155199639101 -2.7176573426573
2009 11 32.1956636082052 -9.56607721780202 -3.1595932802829
2009 12 -3.4781161590947 1.83951612903201 3.1160394265233
