"anio" "mes" "ppAcc" "mTmax" "mTmin"
1970 1 44 16.3870967741935 7.29032258064516
1970 2 17.5 18.8888888888889 8.03703703703704
1970 3 41.6 20.0967741935484 9.64516129032258
1970 4 13 22.9655172413793 11
1970 5 19 24.8387096774194 12.3225806451613
1970 6 98.5 24.8965517241379 15.3103448275862
1970 7 148 19.0322580645161 9.45161290322581
1970 8 345.5 19.3225806451613 8.80645161290323
1970 9 131 17.8965517241379 6.93103448275862
1970 10 39.5 18.0645161290323 5.45161290322581
1970 11 3.5 16.1724137931034 3.27586206896552
1970 12 0 17.5806451612903 3.90322580645161
1971 1 2 19.5806451612903 6.06451612903226
1971 2 0 24.7777777777778 8.14814814814815
1971 3 1.9 26.1612903225806 7.12903225806452
1971 4 45.5 24.448275862069 7.79310344827586
1971 5 33 20.4193548387097 10.4838709677419
1971 6 327.5 18.551724137931 9.03448275862069
1971 7 49 15.2903225806452 8.43548387096774
1971 8 178 13.4516129032258 8.70967741935484
1971 9 194 14.1724137931034 8.24137931034483
1971 10 254 15.0967741935484 8.54838709677419
1971 11 104 15.2068965517241 8.89655172413793
1971 12 53 16 8.62903225806452
1972 1 28 16.0645161290323 8.41935483870968
1972 2 6 16.6896551724138 8.27586206896552
1972 3 51 17.4516129032258 8.7258064516129
1972 4 2 20.2666666666667 9.3
1972 5 103 17.0967741935484 8.83870967741935
1972 6 178 16.9 8.33333333333333
1972 7 4 23.2258064516129 13.6129032258065
1972 8 13.4 22.2258064516129 13.3225806451613
1972 9 3.5 20.9333333333333 10.8666666666667
1972 10 5.5 19.8709677419355 8.93548387096774
1972 11 0 16.7666666666667 7.31666666666667
1972 12 6.5 18.1290322580645 5.40322580645161
1973 1 38.4 16.4838709677419 6.29032258064516
1973 2 8.5 19.4642857142857 6.66071428571429
1973 3 0 20.741935483871 7.54838709677419
1973 4 11 23.4333333333333 10
1973 5 15 26.0161290322581 12.1935483870968
1973 6 124.5 21.9 10.9333333333333
1973 7 118.1 24.5806451612903 14.9032258064516
1973 8 133.8 22.1612903225806 15.7741935483871
1973 9 107 18.3333333333333 9.96666666666667
1973 10 97.5 17.6451612903226 11.6129032258065
1973 11 0 17.1733333333333 10.7666666666667
1973 12 13.1 13.3612903225806 7.96774193548387
1974 1 14 12.4032258064516 6.04838709677419
1974 2 16 13.3214285714286 4.75
1974 3 29.5 21.8548387096774 8.2741935483871
1974 4 22.5 23.45 9.73333333333333
1974 5 31.5 27.1129032258065 10.5645161290323
1974 6 37.5 24.7333333333333 12.15
1974 7 116.5 24.4193548387097 14.7741935483871
1974 8 133.8 22.1935483870968 15.741935483871
1974 9 105.5 18.4 9.61666666666667
1974 10 96.5 17.6935483870968 11.6612903225806
1974 11 0 17.4066666666667 10.7
1974 12 12.7 13.8548387096774 8.01612903225806
1975 1 0 20.9032258064516 5.74193548387097
1975 2 0 20.4821428571429 4.55357142857143
1975 3 0 26.5483870967742 7.88709677419355
1975 4 0 22.9166666666667 7.43333333333333
1975 5 0 26.4838709677419 10.1290322580645
1975 6 0 23.6666666666667 9.93333333333333
1975 7 0 22.6290322580645 9.95161290322581
1975 8 0 24.3166666666667 9.8
1975 9 0 23.4666666666667 9.79
1975 10 0 22.1935483870968 8.17741935483871
1975 11 0 21.5666666666667 6.4
1975 12 0 22.2258064516129 6.37096774193548
1976 1 0 21.4354838709677 5.43548387096774
1976 2 0 19.4642857142857 3.75
1976 3 0 26.6129032258065 8.29032258064516
1976 4 0 24.1833333333333 8.41666666666667
1976 5 0 26.2258064516129 10.3548387096774
1976 6 238.7 18.1428571428571 7.33333333333333
1976 7 253.6 18.7096774193548 10.8064516129032
1976 8 213 22.8064516129032 9.48387096774194
1976 9 327 23.1366666666667 10.7833333333333
1976 10 101.5 21.5645161290323 7.75806451612903
1976 11 42 18.85 6.66666666666667
1976 12 72.5 21.3548387096774 5.61290322580645
1977 1 9.5 21.6290322580645 5.48387096774194
1977 2 2.5 20.7321428571429 4.875
1977 3 12 27.2258064516129 8.48387096774194
1977 4 29 23.25 7.68333333333333
1977 5 19.7 26.6451612903226 10.1774193548387
1977 6 80 23.6666666666667 9.91666666666667
1977 7 56.5 22.6322580645161 9.98387096774194
1977 8 121.2 24.3709677419355 9.83870967741935
1977 9 130.5 23.4333333333333 9.85
1977 10 159.5 21.7741935483871 8.19354838709677
1977 11 32 21.6 6.4
1977 12 15.5 22.241935483871 6.2741935483871
1978 1 9.5 21.2903225806452 6.16129032258065
1978 2 21 21.0714285714286 7.17857142857143
1978 3 56 25.0645161290323 5.61290322580645
1978 4 14.5 29.3666666666667 9.7
1978 5 96 28.6774193548387 12.0967741935484
1978 6 187.5 24.75 10.6666666666667
1978 7 165.9 17.941935483871 9.64516129032258
1978 8 265.1 17.6129032258065 10
1978 9 484 20.1166666666667 9.73333333333333
1978 10 275 17.6838709677419 8.25806451612903
1978 11 47 18.1333333333333 8.96666666666667
1978 12 7 18.9064516129032 7.80645161290323
1979 1 1 17.8709677419355 4.95806451612903
1979 2 38 18.8928571428571 5.35714285714286
1979 3 9 25.8064516129032 6.67741935483871
1979 4 60 28.1 9.73333333333333
1979 5 11 28.5806451612903 9.87096774193548
1979 6 126.4 24.6 11.5
1979 7 148 25.6129032258065 10
1979 8 440 24.2258064516129 9.7741935483871
1979 9 417.5 21.6666666666667 7.73
1979 10 33.5 25.4838709677419 4.93548387096774
1979 11 49.5 17.5 5.33333333333333
1979 12 54 13.8741935483871 6.80645161290323
1980 1 85 14.1290322580645 6.41935483870968
1980 2 54 13.2206896551724 6.27586206896552
1980 3 20.8 19.5483870967742 8
1980 4 84.5 24.2666666666667 9.16666666666667
1980 5 125.5 28.9677419354839 11
1980 6 79 25.3333333333333 9.10333333333333
1980 7 42 25.8064516129032 9.32258064516129
1980 8 101.7 25.2903225806452 10.1290322580645
1980 9 337.5 23.7931034482759 9.6551724137931
1980 10 110.9 23.0322580645161 6.70967741935484
1980 11 14.5 23.3666666666667 4.66666666666667
1980 12 17 20.9032258064516 3.25806451612903
1981 1 87.5 19.6451612903226 2.54838709677419
1981 2 26 20.5 3.46428571428571
1981 3 4 25.1153846153846 6.34615384615385
1981 4 53.5 25.8666666666667 8.8
1981 5 123 28.1612903225806 9.90322580645161
1981 6 714.5 24.7666666666667 10.5333333333333
1981 7 359 24.1290322580645 9.54838709677419
1981 8 340.5 24.0645161290323 9.48387096774194
1981 9 388 23.4090909090909 9.09090909090909
1981 10 74.5 24.1935483870968 9.06451612903226
1981 11 8 23.9333333333333 3.8
1981 12 105 21.7096774193548 4.54838709677419
1982 1 2.5 23.258064516129 4.29032258064516
1982 2 19.5 24.4285714285714 3.46428571428571
1982 3 5 26.1612903225806 6.29032258064516
1982 4 43 28 9.36666666666667
1982 5 58 26.9032258064516 10.0645161290323
1982 6 14.5 29.3 9.56666666666667
1982 7 69 25.4838709677419 9
1982 8 107 24.8064516129032 9.19354838709677
1982 9 143 23.55 6.9
1982 10 147.5 23.5454545454545 4.65909090909091
1982 11 16 22.0666666666667 3.93333333333333
1982 12 30 19.537037037037 3.62962962962963
1983 1 64.5 19.8064516129032 2.80645161290323
1983 2 0 24.1666666666667 3.44444444444444
1983 3 3.5 24.3 5.1
1983 4 0 24.8333333333333 9.75
1983 5 0 21.6290322580645 8.35483870967742
1983 6 0 20.4333333333333 8.55
1983 7 410.5 23.3387096774194 9.03225806451613
1983 8 248 25.3225806451613 9.40322580645161
1983 9 322.3 24.1333333333333 9.68333333333333
1983 10 106.5 22.9032258064516 6.87096774193548
1983 11 98 25.6 6.73333333333333
1983 12 14.5 20.2741935483871 5.37096774193548
1984 1 32 17.8387096774194 3.74193548387097
1984 2 14 17.2413793103448 4.25862068965517
1984 3 0 21.5322580645161 6.74193548387097
1984 4 6 24.8333333333333 9.85
1984 5 172.2 21.6290322580645 8.49032258064516
1984 6 109.8 20.45 8.35
1984 7 320.9 20.5161290322581 9.98387096774194
1984 8 0 25.3225806451613 9.37096774193548
1984 9 0 24.4666666666667 10.0833333333333
1984 10 44.3 21.7677419354839 7.61290322580645
1984 11 17.6 20.2666666666667 4.46666666666667
1984 12 4.5 20.8064516129032 3.93548387096774
1985 1 3.5 21.3870967741935 3.83870967741935
1985 2 17 22.4642857142857 5.46428571428571
1985 3 2.5 22.0483870967742 5.25806451612903
1985 4 114.9 20.4 5.3
1985 5 33 21.0161290322581 4.5
1985 6 215 20.0333333333333 4.81666666666667
1985 7 96.5 20.4838709677419 9.7258064516129
1985 8 126 20.0645161290323 4.20967741935484
1985 9 158 20.0533333333333 5.03333333333333
1985 10 33.5 16.2741935483871 4.54838709677419
1985 11 39 16.6 3.4
1985 12 21 15.6129032258065 2.98387096774194
1986 1 29 14.9354838709677 1.03225806451613
1986 2 5 16.6607142857143 3.33928571428571
1986 3 0 17.3225806451613 2.70967741935484
1986 4 81.5 21.1 5.43333333333333
1986 5 53.5 20.3064516129032 5.67741935483871
1986 6 167.8 19.3333333333333 6.53333333333333
1986 7 79.8 18.0967741935484 7.17741935483871
1986 8 80 19.9677419354839 7.95161290322581
1986 9 125.1 17.6 7.86666666666667
1986 10 96.3 16.7741935483871 7.25806451612903
1986 11 0 17.0666666666667 4.01666666666667
1986 12 0 17.4193548387097 3.2741935483871
1987 1 0 15.5652173913043 3.17391304347826
1987 2 10 18.7321428571429 5.39285714285714
1987 3 0 18.8225806451613 4.25806451612903
1987 4 0 20.75 6.7
1987 5 9.5 21.5833333333333 9.45833333333333
1987 6 103.5 19.8166666666667 8.08333333333333
1987 7 375 18.6451612903226 8.29032258064516
1987 8 12.5 19.7619047619048 8
1987 9 173.5 18.5166666666667 7.6
1987 10 36.5 16.5806451612903 3
1987 11 44 17.2666666666667 3.81666666666667
1987 12 0 17.9032258064516 3.35483870967742
1988 1 7 17.4516129032258 2.06451612903226
1988 2 5.5 19.8275862068966 2.89655172413793
1988 3 31 19.1290322580645 4.08064516129032
1988 4 18.1 20.8333333333333 6.5
1988 5 26 21.7096774193548 9.35483870967742
1988 6 159 19.7666666666667 8.95
1988 7 273.5 19.2258064516129 8.96774193548387
1988 8 209.5 19.241935483871 8.88709677419355
1988 9 122 19.5333333333333 7.01666666666667
1988 10 103.3 17.2903225806452 4.61290322580645
1988 11 8 20.4 4.13333333333333
1988 12 13.5 18.5 3.59677419354839
1989 1 12.5 18.1451612903226 4.38709677419355
1989 2 40 18.5178571428571 3.60714285714286
1989 3 20 20.8709677419355 5.61290322580645
1989 4 18 21.75 6.43333333333333
1989 5 33.3 24.1451612903226 9.2258064516129
1989 6 151.5 22.1333333333333 8.8
1989 7 108.5 19.9032258064516 7.09677419354839
1989 8 187.5 18.5483870967742 6.83870967741935
1989 9 198.5 17.3666666666667 6.6
1989 10 65.5 18.6129032258065 3.12903225806452
1989 12 0 15.9677419354839 2.56451612903226
1990 1 16.5 17.8064516129032 3.35483870967742
1990 2 17 17.9285714285714 4.28571428571429
1990 3 1 19.5645161290323 4.67741935483871
1990 4 27.5 21.4333333333333 7.03333333333333
1990 5 57 22.9677419354839 8.85483870967742
1990 6 110 20.5 8.2
1990 7 228.5 18.1290322580645 7.38709677419355
1990 8 284.3 18.0322580645161 6.7741935483871
1990 9 194 17.6666666666667 6.41666666666667
1990 10 118 17.5483870967742 5.09677419354839
1990 11 88 16.0666666666667 3.64
1990 12 3 16.9032258064516 2.4741935483871
1991 1 4 18.2903225806452 4.38709677419355
1991 2 6.5 18.2321428571429 3.55714285714286
1991 3 0 21.2258064516129 5.16774193548387
1991 4 11.5 23.6 7.25
1991 5 28.5 24.6774193548387 9.29032258064516
1991 6 224 21.1333333333333 8.26666666666667
1991 7 300 18.3870967741935 7.29032258064516
1991 8 98.5 19.7741935483871 7.70967741935484
1991 9 230 16.1333333333333 5.93333333333333
1991 10 227 15.6451612903226 4.64516129032258
1991 11 48.5 16.5666666666667 3.09333333333333
1991 12 13.5 15.8387096774194 4.00322580645161
1992 1 91 15 3.84516129032258
1992 2 27 16.5172413793103 3.2
1992 3 9.5 20.741935483871 6.12903225806452
1992 4 14.5 18.4333333333333 6.16666666666667
1992 5 94 20.0322580645161 6.19354838709677
1992 6 109.5 20.9666666666667 6.73333333333333
1992 7 190 20.3870967741935 6.45161290322581
1992 8 146 21.0967741935484 6.38709677419355
1992 9 311.5 18.8666666666667 5.73333333333333
1992 10 240.5 16.6129032258065 4.38709677419355
1992 11 44.5 16.0333333333333 3.76666666666667
1992 12 3 16.962962962963 2.94814814814815
1993 1 13 17.3928571428571 4.00357142857143
1993 2 1 20.5357142857143 4.69642857142857
1993 3 3.5 20.7096774193548 5.67741935483871
1993 4 8 21.8 6.06666666666667
1993 5 6 21.258064516129 5.7741935483871
1993 6 344.5 20.3666666666667 5.2
1993 7 155 20.8387096774194 5.74193548387097
1993 8 160.5 19.7096774193548 5.61290322580645
1993 9 321.5 18.8 5.63333333333333
1993 10 79.1 17.741935483871 4.70967741935484
1993 11 85.5 17.4 4.06666666666667
1993 12 0 15.9032258064516 2.76774193548387
1994 1 23 17.0322580645161 3.26774193548387
1994 2 1.5 18.1071428571429 4.07142857142857
1994 3 0 19.0322580645161 4.74516129032258
1994 4 51.5 20.0333333333333 5.23333333333333
1994 5 61 20.2258064516129 5.7258064516129
1994 6 156 19.8 5.96666666666667
1994 7 42.5 20.0322580645161 5.82258064516129
1994 8 50 18.1290322580645 5.06451612903226
1994 9 189.5 17.5333333333333 4.63333333333333
1994 10 130 16.8709677419355 3.29032258064516
1994 11 13 17.1333333333333 4.2
1994 12 1 16.8709677419355 4.09677419354839
1995 1 18.5 17.6451612903226 4.25806451612903
1995 2 8.5 19.2857142857143 5.61428571428571
1995 3 6.5 22.3870967741935 7.09677419354839
1995 4 24.5 21.5666666666667 7.25333333333333
1995 5 78.5 21.4193548387097 7.93548387096774
1995 6 65.5 18.6666666666667 6.93333333333333
1995 7 312.5 18.0967741935484 6.2258064516129
1995 8 168.5 17.6451612903226 5.74193548387097
1995 9 99 18 6.5
1995 10 85.6 17.7096774193548 5.35483870967742
1995 11 95 17 4.8
1995 12 28.1 15.0322580645161 3.39032258064516
1996 1 0 14.3225806451613 2.90322580645161
1996 2 10 17.448275862069 4.31034482758621
1996 3 0 18.5806451612903 5.16129032258065
1996 4 29 19.6206896551724 5.68965517241379
1996 5 0 22.9677419354839 8.08064516129032
1996 6 264.1 22.2666666666667 10.3333333333333
1996 7 120.2 20.7741935483871 9.96774193548387
1996 8 224.6 17.4516129032258 5.96774193548387
1996 9 237 17.9 5.46666666666667
1996 10 275.5 17.3870967741935 5.25806451612903
1996 11 158 16.1 3.86666666666667
1996 12 10 16.0967741935484 4.64516129032258
1997 1 0 16.2903225806452 4.51612903225806
1997 2 16.5 17.6071428571429 4.71428571428571
1997 3 163 17.5483870967742 5.7741935483871
1997 4 116 18.1666666666667 5.6
1997 5 200.5 18.2903225806452 6.32258064516129
1997 6 101 21.4666666666667 9.2
1997 7 101.5 18.8387096774194 6.80645161290323
1997 8 49.5 17.5806451612903 6.09677419354839
1997 9 182 16.7333333333333 5.26666666666667
1997 10 32 15.8076923076923 3.71153846153846
1997 11 3.5 18.6 5.9
1997 12 3 15.6129032258065 3.93548387096774
1998 1 3 18.5161290322581 4.67741935483871
1998 2 10 20.7142857142857 5.5
1998 3 0 20.8064516129032 5.32258064516129
1998 4 1 27.7 10.3
1998 5 0 33.1612903225806 11.3548387096774
1998 6 22.5 31.3333333333333 10.1333333333333
1998 7 81 25.258064516129 6.61290322580645
1998 8 228 23.9677419354839 6.03225806451613
1998 9 556 23.0666666666667 5.36666666666667
1998 10 353.5 19.5483870967742 5
1998 11 57.5 21.3666666666667 5.16666666666667
1998 12 0 20.7096774193548 3.96774193548387
1999 1 0 18.8709677419355 2.59677419354839
1999 2 8 20.2142857142857 5.53571428571429
1999 3 7 24.3548387096774 6.29032258064516
1999 4 0 26.8666666666667 7.5
1999 5 6 33.4516129032258 8.74193548387097
1999 6 134 31.5666666666667 8.2
1999 7 160.5 27.3548387096774 7.19354838709677
1999 8 138 26.4516129032258 6.7741935483871
1999 9 363 23.8666666666667 6.23333333333333
1999 10 156.8 19.1935483870968 4.38709677419355
1999 11 52 20.7 3.4
1999 12 0 20.1612903225806 3.7741935483871
2000 1 12.5 19.0967741935484 3.67741935483871
2000 2 8.5 22.2068965517241 5.17241379310345
2000 3 11 27.3870967741935 7
2000 4 24 30.9333333333333 9.1
2000 5 19 29.9032258064516 9.70967741935484
2000 6 132.5 25.5333333333333 8.86666666666667
2000 7 33.5 25.3225806451613 8.87096774193548
2000 8 201.5 23.4193548387097 7.74193548387097
2000 9 166.5 24.0333333333333 8.16666666666667
2000 10 66 23.6129032258065 6.74193548387097
2000 11 15 24.0666666666667 6.26666666666667
2000 12 25.5 23 4.03225806451613
2001 1 12.5 21.9677419354839 4.45161290322581
2001 2 26 23.3214285714286 5.53571428571429
2001 3 14 23.9354838709677 6.90322580645161
2001 4 40 25.6333333333333 10.4666666666667
2001 5 103 23.4516129032258 7.16129032258065
2001 6 112.5 22.7333333333333 7.36666666666667
2001 7 151 24.0967741935484 8.32258064516129
2001 8 176 24.1612903225806 8.38709677419355
2001 9 333.5 22.7333333333333 7.53333333333333
2001 10 117.5 22.2258064516129 5.96774193548387
2001 11 16.5 21.9333333333333 5.8
2001 12 3 23.4838709677419 5.32258064516129
2002 1 39.5 22.1290322580645 4.38709677419355
2002 2 7 22.2142857142857 4.55357142857143
2002 3 7.5 24.4838709677419 6
2002 4 16.5 27.7 8.7
2002 5 64 28.2258064516129 9.61290322580645
2002 6 211.5 25.3 8.7
2002 7 127 25.2258064516129 9.38709677419355
2002 8 92 25.6774193548387 9.51612903225806
2002 9 210 24.9666666666667 9.13333333333333
2002 10 105 25.5806451612903 9.09677419354839
2002 11 64.5 22.0333333333333 5.43333333333333
2002 12 2.5 23.741935483871 5.25806451612903
2003 1 57.5 20.741935483871 3.83870967741935
2003 2 1.5 25.5 6.32142857142857
2003 3 0 24.3225806451613 6.06451612903226
2003 4 9.5 25.8333333333333 9.1
2003 5 17.5 26.9354838709677 11.1612903225806
2003 6 98 24.4 8.56666666666667
2003 7 211.7 23.3225806451613 8.35483870967742
2003 8 106.5 23.5483870967742 8.41935483870968
2003 9 427.2 22.3 8.4
2003 10 111.5 22.2258064516129 7.35483870967742
2003 11 83.5 22.0333333333333 6.16666666666667
2003 12 10.5 21.6774193548387 3.41935483870968
2004 1 35 21.8064516129032 4.03225806451613
2004 2 10 21.6896551724138 6.44827586206897
2004 3 62 22.1290322580645 6.74193548387097
2004 4 13 21.6333333333333 6.83333333333333
2004 5 48.5 21.8709677419355 6.45161290322581
2004 6 168.5 22.0666666666667 6.76666666666667
2004 7 164.5 21.9677419354839 7.35483870967742
2004 8 93.5 22.0645161290323 7.35483870967742
2004 9 123.8 21.5 7.4
2004 10 144.5 20.4193548387097 7.32258064516129
2004 11 0 19.8666666666667 5.9
2004 12 7 16.1290322580645 3.74193548387097
2005 1 7 18.0322580645161 4.80645161290323
2005 2 13 19.4814814814815 5.85185185185185
2005 3 6.5 20.5161290322581 6.48387096774194
2005 4 3 21.4827586206897 7.86206896551724
2005 5 15 20.9677419354839 7.45161290322581
2005 6 116 19.9655172413793 7.86206896551724
2005 7 58.5 19.8387096774194 6.70967741935484
2005 8 201.5 20.0967741935484 6.58064516129032
2005 9 183 19.4137931034483 6.41379310344828
2005 10 536.5 19.2903225806452 6.41935483870968
2005 11 40.5 18.551724137931 5
2005 12 0 18.6129032258065 5.06451612903226
2006 1 7 19.6774193548387 5.70967741935484
2006 2 3 18.6071428571429 5.85714285714286
2006 3 31.5 20.5806451612903 7.12903225806452
2006 4 34 21.3666666666667 8.4
2006 5 64 21.3548387096774 7.51612903225806
2006 6 57 20.6666666666667 7.33333333333333
2006 7 38 20.1612903225806 7.06451612903226
2006 8 208.5 20.3548387096774 7.48387096774194
2006 9 319 19.9333333333333 7.56666666666667
2006 10 179.5 19.2258064516129 6.74193548387097
2006 11 181 18.9666666666667 5.23333333333333
2006 12 18.5 19.1290322580645 4.58064516129032
2007 1 0 19.1612903225806 4.70967741935484
2007 2 102 19.3571428571429 5.42857142857143
2007 3 21 20.2903225806452 5.35483870967742
2007 4 61 20.6666666666667 6.53333333333333
2007 5 19 21.4193548387097 7.25806451612903
2007 6 149.5 21.0333333333333 6.7
2007 7 202 20.7741935483871 6.93548387096774
2007 8 376 19.7741935483871 6.83870967741935
2007 9 214.5 19.9 6.7
2007 10 178 19.5483870967742 5.38709677419355
2007 11 54 19.9 4.76666666666667
2007 12 18 20.3548387096774 5.64516129032258
2008 1 24.5 18.5806451612903 4.2741935483871
2008 2 19.5 20.6206896551724 5.79310344827586
2008 3 5 21 6.64516129032258
2008 4 39 20.4666666666667 7.2
2008 5 37.5 22.3225806451613 8.58064516129032
2008 6 155.5 20.6333333333333 7.63333333333333
2008 7 216 20.7096774193548 7.25806451612903
2008 8 285.5 20.741935483871 7.2258064516129
2008 9 357.5 19.6 6.73333333333333
2008 10 380 19.1612903225806 5.51612903225806
2008 11 29.5 18.9133333333333 4.7
2008 12 0 19.9354838709677 4.90322580645161
2009 1 26 19.0967741935484 5
2009 2 22.5 18.3928571428571 5.25
2009 3 4.5 20.8709677419355 5.87096774193548
2009 4 8 21.7666666666667 6.73333333333333
2009 5 167 21.1290322580645 6.96774193548387
2009 6 23.4 21.2333333333333 6.93333333333333
2009 7 1 22.0645161290323 7.61935483870968
2009 8 78.5 20.6129032258065 6.80645161290323
2009 9 198.5 19.8333333333333 6.43333333333333
2009 10 232.5 19.8709677419355 6.06451612903226
2009 11 58 18.2333333333333 5.06666666666667
2009 12 14.5 18.7096774193548 4.96774193548387
