"anio" "mes" "ppAcc" "mTmax" "mTmin"
1970 1 -75.3921870193787 -0.313440860214982 -12.355376344086
1970 2 37.1540533921136 -27.552189381499 -1.51421387520529
1970 3 -69.428309385509 22.364220430108 0.476612903225808
1970 4 -6.876171255586 26.474137931034 18.8882758620686
1970 5 -58.6271744240715 -6.008064516129 -8.424193548387
1970 6 54.9808607973112 -6.562327586207 3.97140804597699
1970 7 -45.8027960830203 -9.282258064516 -3.61290322580651
1970 8 33.7314983121267 -4.189516129032 2.95564516129021
1970 9 14.0926640926641 -0.137068965516995 4.52859195402329
1970 10 -43.3323520753606 17.749193548388 -9.1427419354839
1970 11 -100 -6.90183908045999 -28.588275862069
1970 12 -100 7.51182795698899 -15.683064516129
1971 1 -50.7843740387573 4.20268817204303 3.1284946236559
1971 2 -100 18.744106914797 3.3006009396096
1971 3 -63.3139712626108 -8.28094086021498 4.02500000000001
1971 4 -76.9352746143866 -14.560344827586 -15.2496551724138
1971 5 -68.9703808180536 5.60483870967698 -5.5209677419354
1971 6 95.4377120094607 -14.838189655172 -7.40790229885031
1971 7 -30.4058631520601 -11.540322580645 -0.387096774193605
1971 8 -7.81615164892235 -13.70564516129 -1.5604838709678
1971 9 -57.046332046332 7.449137931034 5.2182471264363
1971 10 19.2228436856049 3.87822580645199 8.17983870967739
1971 11 91.3875598086124 -7.246666666667 3.4806896551724
1971 12 9.76087808702469 -1.52043010752703 8.18790322580639
1972 1 10.7351584127961 -10.958602150537 16.9994623655914
1972 2 -55.9147685525349 -13.650072979383 -11.6729440339354
1972 3 92.6016508712932 -14.087392473118 2.0895161290323
1972 4 -94.2338186535966 8.887931034483 -1.8013793103448
1972 5 -49.2242595204513 3.34677419354797 10.9306451612903
1972 6 17.0136619674478 -12.079568965517 12.247270114943
1972 7 -35.5792326168627 -15.733870967742 0.903225806451591
1972 8 -24.0457024149571 -13.70564516129 -0.5927419354839
1972 9 -59.4594594594595 5.03534482758603 -3.74727011494262
1972 10 -17.5743302914336 6.45887096774199 11.825
1972 11 87.8433457380826 13.09816091954 25.2048275862069
1972 12 -84.3198745589965 -7.64946236559101 6.8975806451613
1973 1 -100 14.847849462366 4.7413978494623
1973 2 -90.2032819005633 4.92135559204602 7.61277025177891
1973 3 -87.7713237542036 42.686801075269 32.0895161290323
1973 4 32.6221709672769 5.75000000000003 13.4859770114943
1973 5 30.7005171603197 -8.91129032258103 8.67258064516131
1973 6 119.089409641179 -4.64278735632199 2.44267241379299
1973 7 42.8835375993102 -11.217741935484 8.3225806451609
1973 8 -31.8358867826539 -17.899193548387 12.6330645161287
1973 9 -22.2972972972973 10.391666666667 7.04583333333328
1973 10 16.2790697674419 -10.315322580645 14.083064516129
1973 11 -7.85043416622364 -1.41908045976997 9.0783908045977
1973 12 119.521756174049 -17.32688172043 2.0588709677419
1974 1 -26.176561058136 4.20268817204303 15.3865591397849
1974 2 -60.8131276022532 -11.864358693669 6.5413416803503
1974 3 46.7441149495567 -4.73255376344 0.476612903225808
1974 4 67.219259045697 -19.25 5.15264367816091
1974 5 108.744710860367 -1.49193548387103 9.64032258064529
1974 6 -21.5759499579871 -24.642787356322 6.77600574712699
1974 7 85.9949498059986 -19.282258064516 -8.45161290322581
1974 8 -67.5408984679304 2.10080645161298 -9.62500000000009
1974 9 94.980694980695 -10.608333333333 -4.62083333333341
1974 10 -83.809243450103 -24.18629032258 -9.46532258064521
1974 11 -25.5715045188729 -10.085747126437 -7.9216091954023
1974 12 -92.1599372794982 3.640860215054 6.8975806451613
1975 1 133.774223315903 -14.829569892473 0.870430107526898
1975 2 -55.9147685525349 7.06421273490299 7.9699131089217
1975 3 -96.9428309385509 14.622284946237 21.1217741935484
1975 4 -84.1430012973908 13.083333333333 11.1526436781609
1975 5 197.132110954396 -3.10483870967801 16.7370967741933
1975 6 -12.2397535244141 -9.64278735632199 10.442672413793
1975 7 53.3534519923631 -9.92741935483899 -4.2580645161291
1975 8 27.8888600363542 -5.96370967741901 3.27822580645151
1975 9 -2.99227799227799 -21.608333333333 -11.9541666666667
1975 10 -63.2028260229614 -11.283064516129 0.857258064516095
1975 11 -85.8231437178806 -2.75241379310298 -9.58827586206899
1975 12 -100 -15.391397849462 -12.4572580645161
1976 1 -75.3921870193787 -23.506989247311 -5.5811827956989
1976 2 -95.1016409502817 -21.741205984309 -28.0276238368911
1976 3 49.8012840110058 -0.216424731181988 13.3798387096774
1976 4 101.816347124117 -17.25 3.8193103448276
1976 5 39.1631405735778 -19.556451612903 4.1564516129033
1976 6 4.56540005601718 -18.642787356322 -0.890660919540007
1976 7 0.388002709860193 -17.024193548387 9.2903225806449
1976 8 52.5577772007271 -14.028225806452 -3.17338709677429
1976 9 -31.9498069498069 2.39166666666701 3.0458333333333
1976 10 72.2107742125405 -4.83145161290302 12.1475806451613
1976 11 27.591706539075 -24.085747126437 17.7450574712643
1976 12 -100 -8.93978494623703 14.6395161290323
1977 1 -69.2402337742233 10.009139784947 12.160752688172
1977 2 -100 -11.150072979383 4.0413416803503
1977 3 -100 19.783575268818 11.4443548387097
1977 4 -42.3381865359666 -32.583333333333 -12.5140229885057
1977 5 -48.2839680300893 -2.78225806451601 -6.4887096774193
1977 6 -37.7586904428469 -10.642787356322 -7.89066091954
1977 7 -62.4314836484572 -1.540322580645 -13.9354838709678
1977 8 1.92157881069853 14.681451612903 -4.4637096774194
1977 9 -76.3513513513513 20.058333333333 -5.9541666666667
1977 10 -27.8775390050044 4.20080645161299 7.6314516129032
1977 11 151.63919900762 -3.752413793103 8.411724137931
1977 12 41.1211289690317 -0.230107526882009 9.1556451612903
1978 1 -100 4.84784946236601 2.4833333333333
1978 2 -21.6262552045065 -16.507215836526 -0.958658319649697
1978 3 334.118006725772 -16.34438172043 -4.6739247311828
1978 4 41.2714429868819 5.08333333333301 4.15264367816091
1978 5 -11.6125999059708 7.86290322580598 2.8661290322581
1978 6 136.516976317182 -23.609454022988 7.44267241379299
1978 7 -0.227874607378213 -2.18548387096799 -2.96774193548391
1978 8 -6.51778758763957 -8.54435483871001 -2.52822580645169
1978 9 4.92277992277993 -0.941666666666983 5.37916666666629
1978 10 -43.3323520753606 -23.508870967742 8.92177419354839
1978 11 109.108630161262 2.24758620689702 13.7450574712643
1978 12 33.28106624853 5.57634408602198 32.3814516129032
1979 1 -75.3921870193787 -2.57150537634399 10.2252688172043
1979 2 164.511388684791 -5.07864440795398 9.3984845374932
1979 3 -60.2568022011617 -5.37771505376298 -0.168548387096692
1979 4 124.88107250973 -1.91666666666698 8.8193103448276
1979 5 -61.4480488951575 -0.524193548387011 5.4467741935483
1979 6 1.45333457815953 -15.809454022988 -4.22399425287331
1979 7 25.0230953993964 8.137096774193 4.4516129032259
1979 8 46.0659568943132 -18.221774193548 1.3427419354838
1979 9 33.2046332046332 -26.275 -7.95416666666672
1979 10 -21.9899911686782 21.620161290323 -18.8201612903226
1979 11 -95.7469431153642 -15.71908045977 4.411724137931
1979 12 135.201881615053 -17.32688172043 5.9298387096774
1980 1 299.876960935097 -0.313440860214982 3.7736559139785
1980 2 -51.0164095028166 -4.15499908775701 2.66203133552271
1980 3 -29.6851115866707 21.396478494624 12.7346774193549
1980 4 -49.2576041516506 -2.58333333333297 3.4859770114943
1980 5 126.610249177245 0.766129032257972 22.5435483870973
1980 6 -49.8335044969346 -8.30945402298802 -9.5573275862067
1980 7 -17.9651413438443 4.58870967741902 -8.77419354838711
1980 8 14.9052194235264 4.03629032258099 10.0524193548387
1980 9 30.5984555984556 -5.94166666666698 8.0458333333333
1980 10 -62.4668825434207 0.00725806451697508 -12.6911290322581
1980 11 243.788764841396 -5.085747126437 -4.58827586206899
1980 12 -100 -17.972043010753 -18.2637096774194
1981 1 139.926176561058 -20.636021505376 -9.7747311827957
1981 2 -60.8131276022532 -16.328644407954 -8.994372605364
1981 3 112.778966676857 -8.92610215053697 7.57338709677421
1981 4 48.7674787372063 -24.583333333333 0.48597701149431
1981 5 85.2374236013164 -1.16935483871003 4.51129032258031
1981 6 77.8856627143435 -14.642787356322 15.942672413793
1981 7 -6.01712138941923 -9.443548387097 -5.22580645161291
1981 8 30.0960789405349 -4.99596774193503 -3.0120967741936
1981 9 -37.8378378378378 0.391666666667021 -8.62083333333342
1981 10 -34.9425964085958 4.52338709677498 6.01854838709679
1981 11 -85.8231437178806 -9.252413793103 -22.588275862069
1981 12 80.3214425715406 -5.23010752688201 8.5104838709677
1982 1 -100 13.880107526882 11.5155913978494
1982 2 52.8288023512123 9.92135559204602 7.25562739463601
1982 3 -7.06206053194742 6.88034946236602 -1.1362903225806
1982 4 -39.7434049300851 14.416666666667 9.15264367816091
1982 5 34.0855665256229 -1.81451612903203 12.8661290322583
1982 6 -79.9582983225967 18.357212643678 -19.89066091954
1982 7 -61.9387817946665 1.68548387096802 -17.8064516129033
1982 8 -90.9114515710205 6.61693548387099 -23.4959677419356
1982 9 -84.0733590733591 11.391666666667 -16.6208333333334
1982 10 -45.8345599057992 2.91048387096797 1.82499999999999
1982 11 -70.2286018075492 14.58091954023 -14.2549425287357
1982 12 -54.5276362210898 6.544086021505 -2.1346774193548
1983 1 143.617348508151 -19.023118279569 -3.0005376344086
1983 2 -39.2603477834925 -3.614358693669 -24.7086583196497
1983 3 -63.3139712626108 3.65454301075303 -13.0717741935484
1983 4 -100 22.416666666667 -5.8473563218391
1983 5 -64.4569816643159 31.733870967742 15.2854838709683
1983 6 -86.0579466591977 34.690545977012 -7.5573275862067
1983 7 -7.61840241423909 -5.73387096774198 7.67741935483889
1983 8 -28.8496494417035 4.68145161290298 -1.5604838709678
1983 9 -4.82625482625483 0.725000000000016 2.71250000000029
1983 10 -64.9690903738593 -7.73467741935402 -4.94919354838711
1983 11 53.11004784689 12.247586206897 14.411724137931
1983 12 -93.7279498235986 2.83440860215098 -0.037903225806506
1984 1 36.5733620424485 -6.11989247311797 -9.4521505376344
1984 2 251.702179769777 -10.706723225688 2.66203133552271
1984 3 -74.9312136961174 3.33196236559203 -4.0395161290322
1984 4 -89.0442554418336 27.75 8.4859770114943
1984 5 -15.9379407616361 -18.911290322581 -11.0048387096773
1984 6 -16.223197336072 6.023879310345 -8.89066091954
1984 7 27.117078278007 -7.024193548387 -1.67741935483871
1984 8 -34.1729420929629 -45.641129032258 -32.5282258064517
1984 9 78.7644787644788 -67.275 -28.9541666666667
1984 10 -94.9955843391227 -15.799193548387 -21.4008064516129
1984 11 -80.1524012050328 -37.752413793103 -39.9216091954023
1984 12 -100 -39.262365591398 -36.0056451612903
1985 1 -42.1716394955398 -42.894086021505 -28.1618279569893
1985 2 -49.0570658829292 -41.507215836526 -25.244372605364
1985 3 8.8352185875879 -46.022876344086 -32.1040322580645
1985 4 221.176300994666 -63.916666666667 -29.7806896551724
1985 5 -11.6125999059708 -56.33064516129 -26.8112903225806
1985 6 67.0556748513989 -10.642787356322 3.10933908046
1985 7 -1.70598016875039 -7.83064516129098 -0.225806451612911
1985 8 -39.6260711503506 0.810483870968 -1.2379032258065
1985 9 -58.6872586872587 11.391666666667 -7.28750000000002
1985 10 -58.7871651457168 13.555645161291 0.534677419354797
1985 11 -77.3170299486089 23.247586206897 6.5783908045977
1985 12 69.3453547628381 -12.165591397849 19.4782258064516
1986 1 -75.3921870193787 -12.571505376344 -19.4521505376344
1986 2 -97.060984570169 19.20706987776 3.1484845374932
1986 3 -95.1085295016814 -14.087392473118 -18.8782258064516
1986 4 13.882081591466 13.416666666667 -1.8473563218391
1986 5 43.3004231311707 -4.07258064516103 15.7693548387093
1986 6 12.9057355366757 -9.97612068965502 15.10933908046
1986 7 -63.663238282934 -2.83064516129098 -2.32258064516131
1986 8 -85.9776681381459 11.778225806452 -7.366935483871
1986 9 -66.3127413127413 16.725 -0.620833333333408
1986 10 -8.00706505740359 9.03951612903299 12.7927419354839
1986 11 52.401205032784 12.914252873563 15.7450574712643
1986 12 -92.1599372794982 19.124731182796 10.1233870967742
1987 1 -100 24.847849462366 -3.3231182795699
1987 2 -90.2032819005633 21.349927020617 4.0413416803503
1987 3 -87.1598899419138 1.71905913978502 9.83145161290331
1987 4 -92.5039642496756 -13.25 1.48597701149431
1987 5 -27.0333803479079 4.31451612903199 1.575806451613
1987 6 -28.6714592475026 2.357212643678 11.442672413793
1987 7 78.7275974625854 -9.60483870967799 19.6129032258069
1987 8 -59.3612048818489 6.61693548387099 4.8911290322577
1987 9 -47.2007722007722 22.391666666667 5.71250000000029
1987 10 -94.1124521636738 -0.96048387096701 -34.6266129032258
1987 11 3.49105085947191 14.58091954023 3.411724137931
1987 12 -92.1599372794982 29.124731182796 14.6395161290323
1988 1 -96.3088280529068 6.138172043011 -5.5811827956989
1988 2 37.1540533921136 14.465690567415 5.4206520251779
1988 3 25.343931519413 -9.57126344085999 5.9604838709678
1988 4 66.0660227764163 6.41666666666701 10.4859770114943
1988 5 -65.7733897508227 23.66935483871 8.9951612903223
1988 6 -70.1241714125665 5.35721264367801 14.10933908046
1988 7 4.57596846708136 4.58870967741902 17.0322580645159
1988 8 11.5294728641911 -1.12500000000001 16.5040322580647
1988 9 39.6718146718147 2.39166666666701 -8.95416666666671
1988 10 -74.9779216956138 -5.15403225806402 1.17983870967739
1988 11 -100 32.247586206897 1.7450574712643
1988 12 -89.0239121912975 -3.13333333333301 4.6395161290323
1989 1 -100 6.78333333333402 16.0317204301075
1989 2 -68.6505020818026 -9.364358693669 2.9699131089217
1989 3 88.9330479975543 -12.15190860215 -17.5879032258064
1989 4 17.3417903993081 -18.583333333333 -15.1806896551724
1989 5 -82.1344616831218 7.86290322580598 -3.908064516129
1989 6 44.3998381725952 13.690545977012 2.10933908046
1989 7 35.616185255897 -0.89516129032301 5.7419354838709
1989 8 2.31108802908336 0.487903225805972 12.9556451612907
1989 9 38.8996138996139 -14.608333333333 2.71250000000029
1989 10 -80.2767147483073 9.36209677419399 -17.8524193548387
1989 11 -26.9891901470849 14.914252873563 21.0783908045977
1989 12 699.68639749118 -0.230107526882009 12.3814516129032
1990 1 -29.8677330052292 6.78333333333402 19.0962365591398
1990 2 684.717119764879 -9.72150155081099 13.3270559660646
1990 3 -49.250993579945 -14.087392473118 7.89596774193551
1990 4 -23.5980971601557 -6.25 9.81931034482761
1990 5 -5.21861777150917 4.63709677419299 3.5112903225807
1990 6 -25.9328416269878 -6.97612068965501 3.10933908046
1990 7 -28.4350557368972 0.0725806451610111 10.9032258064519
1990 8 37.6265904959751 2.42338709677398 3.92338709677411
1990 9 -11.7760617760618 2.05833333333302 9.0458333333333
1990 10 -32.293199882249 -3.21854838709601 13.1153225806452
1990 11 24.7563352826511 6.247586206897 15.0783908045977
1990 12 -81.1838494707958 16.221505376344 0.123387096774197
1991 1 -52.0147646877884 16.783333333334 20.2252688172043
1991 2 -57.8741121724222 7.77849844918901 13.3270559660646
1991 3 -96.9428309385509 34.299704301076 15.9604838709678
1991 4 7.25097304310221 31.416666666667 18.1526436781606
1991 5 7.1932299012694 17.862903225806 7.38225806451631
1991 6 115.852861544207 2.69054597701199 9.77600574712699
1991 7 38.326045451746 -1.862903225807 11.5483870967739
1991 8 -23.2666839781875 12.745967741936 -0.5927419354839
1991 9 -31.5637065637066 -9.60833333333298 8.0458333333333
1991 10 73.682661171622 -5.15403225806402 11.1798387096774
1991 11 -1.47084883926989 -7.41908045976999 0.745057471264303
1991 12 12.8969031752254 -6.036559139785 14.9620967741935
1992 1 724.361734850815 -16.76505376344 22.160752688172
1992 2 207.616948322312 -4.49982667396398 10.9378934044882
1992 3 287.037603179456 -0.216424731181988 17.5733870967742
1992 4 -3.70477151506416 -27.583333333333 6.1526436781609
1992 5 63.0465444287729 -31.491935483871 3.5112903225807
1992 6 -3.40148756729842 8.02387931034499 4.10933908045999
1992 7 30.4428157910944 2.00806451612902 8.96774193548389
1992 8 -39.8857439626071 2.74596774193601 7.79435483870971
1992 9 -16.4092664092664 -8.27499999999997 2.04583333333328
1992 10 4.06240800706507 0.975000000000001 4.083064516129
1992 11 218.270423533581 0.914252873563015 26.0783908045977
1992 12 -31.0074480595845 11.060215053763 9.8008064516129
1993 1 -84.0049215625961 11.944623655914 22.4833333333333
1993 2 68.5035513103111 14.921355592046 20.8270559660646
1993 3 22.8981962702538 -3.11965053763398 -2.10403225806449
1993 4 -34.553841718322 0.750000000000028 4.4859770114943
1993 5 27.8796426892337 -8.58870967742003 -1.6499999999999
1993 6 8.42436124856067 -0.976120689654998 16.442672413793
1993 7 8.2712323705118 3.298387096774 10.5806451612899
1993 8 14.5157102051415 0.165322580644975 3.60080645161281
1993 9 46.7181467181467 -9.27499999999998 11.3791666666663
1993 10 -87.1945834559906 11.942741935484 6.01854838709679
1993 11 2.78220804536594 15.247586206897 7.411724137931
1993 12 -100 15.25376344086 1.0911290322581
1994 1 -65.5490618271301 12.514516129033 10.2467741935484
1994 2 -63.7521430320842 13.492784163474 16.5413416803503
1994 3 -54.1424640782635 14.299704301076 18.5411290322581
1994 4 30.6040074960357 -0.249999999999986 15.4859770114943
1994 5 6.81711330512459 2.37903225806399 5.7693548387093
1994 6 -3.52597018641272 -0.976120689654998 6.442672413793
1994 7 -33.9779515920429 12.975806451613 -2.64516129032261
1994 8 0.882887561672302 2.42338709677398 14.2459677419357
1994 9 -32.6254826254826 1.391666666667 -6.2875
1994 10 -51.7221077421254 27.104032258065 12.7927419354839
1994 11 -75.190501506291 23.914252873563 5.41172413793101
1994 12 -82.7518620148961 21.382795698925 11.0911290322581
1995 1 155.921254998462 10.654301075269 17.644623655914
1995 2 22.4589762429586 6.70706987776001 9.75562739463601
1995 3 0.886579027820236 4.62228494623702 10.7991935483871
1995 4 1.48479169669886 16.083333333333 12.1526436781609
1995 5 -18.9468735307945 27.540322580645 20.9306451612903
1995 6 -56.0576354526499 12.690545977012 12.776005747127
1995 7 -8.60380612182053 -4.120967741936 10.5806451612899
1995 8 116.826798234225 -0.157258064516022 22.9556451612907
1995 9 -18.2432432432432 10.391666666667 5.37916666666629
1995 10 59.5525463644392 1.29758064516199 -6.5620967741935
1995 11 159.436469962786 1.247586206897 18.0783908045977
1995 12 381.379851038808 0.0924731182799832 10.1233870967742
1996 1 -100 14.202688172043 -11.7102150537635
1996 2 -95.1016409502817 11.017414705346 5.76547961138481
1996 3 5.7780495261388 -7.31319892473099 -3.7169354838709
1996 4 -69.1509297967421 0.0833333333330089 -2.1806896551724
1996 5 -100 15.282258064516 -14.5532258064515
1996 6 6.80608720007469 -5.976120689655 -2.5573275862067
1996 7 -18.5810186610827 6.52419354838699 -2.00000000000001
1996 8 27.2396780057128 -8.866935483871 2.95564516129021
1996 9 -43.9189189189189 21.725 9.37916666666629
1996 10 66.3232263762143 5.16854838709698 7.95403225806449
1996 11 -88.6585149743045 -6.752413793103 -4.58827586206899
1996 12 346.883575068601 2.99569892473098 9.8008064516129
1997 1 -95.0784374038757 8.073655913979 3.4510752688172
1997 2 -98.0406563801127 10.278498449189 12.255627394636
1997 3 313.940690920208 -14.73255376344 13.3798387096774
1997 4 144.486089087502 -15.583333333333 12.8193103448276
1997 5 77.1509167842031 -21.491935483871 -2.2951612903225
1997 6 -70.1241714125665 14.357212643678 -1.223994252873
1997 7 -77.9515920428651 12.008064516129 3.80645161290289
1997 8 -75.9802648662685 16.616935483871 -14.1411290322581
1997 9 -32.8185328185328 8.72500000000002 -1.6208333333334
1997 10 44.9808654695319 6.78145161290399 2.47016129032259
1997 11 -21.3184476342371 10.247586206897 15.411724137931
1997 12 -23.1673853390827 22.522580645161 5.0266129032258
1998 1 26.7302368502 14.202688172043 -0.742473118279596
1998 2 -51.9960813127602 28.849927020617 -10.9586583196497
1998 3 -65.1482726994803 13.654543010753 -3.0717741935484
1998 4 -99.4233818653597 34.416666666667 10.1526436781609
1998 5 -100 46.25 -10.0370967741935
1998 6 -70.4976192699094 44.023879310345 -0.890660919540007
1998 7 -6.75617417010531 13.620967741935 4.1290322580649
1998 8 -11.3217346143859 13.713709677419 10.6975806451617
1998 9 112.548262548263 4.725 29.3791666666663
1998 10 247.954077126877 -14.831451612903 20.5346774193551
1998 11 -87.9496721601985 5.58091954023002 20.7450574712643
1998 12 -92.1599372794982 8.80215053763401 -2.1346774193548
1999 1 -100 9.68655913978502 -11.0650537634409
1999 2 -87.2642664707323 1.70706987776001 -7.744372605364
1999 3 0.275145215530408 2.36422043010801 0.1540322580645
1999 4 -31.3824419778002 12.416666666667 -4.84735632183909
1999 5 -60.8838740009403 15.927419354839 -19.0693548387096
1999 6 -12.6132013817571 12.690545977012 -12.89066091954
1999 7 70.4748414115908 -7.024193548387 -11.3548387096775
1999 8 34.5105167488964 4.03629032258099 -4.1411290322581
1999 9 69.7876447876448 -11.275 -10.9541666666667
1999 10 391.315866941419 -26.121774193548 -11.0782258064516
1999 11 -34.0776182881446 -21.752413793103 -29.588275862069
1999 12 -49.8235985887887 -9.90752688172002 -8.9088709677419
2000 1 -80.3137496155029 -4.18440860215 -20.7424731182796
2000 2 -89.2236100906196 3.08638022258801 -8.7172790093049
2000 3 -90.2170590033629 8.493252688172 4.34758064516131
2000 4 17.3417903993081 0.416666666666998 -9.5140229885057
2000 5 16.4080865068171 -7.62096774193601 4.1564516129033
2000 6 59.4622350854262 -13.642787356322 -2.89066091954
2000 7 -46.665024327154 7.49193548387101 -19.4193548387097
2000 8 10.7504544274215 -15.963709677419 -6.72177419354849
2000 9 -52.027027027027 4.39166666666701 -3.62083333333342
2000 10 -89.9911686782455 -2.25080645161203 -8.49758064516131
2000 11 57.3631047315258 19.58091954023 17.0783908045977
2000 12 -10.6232849862799 -19.262365591398 -16.6508064516129
2001 1 -20.0246078129806 0.976881720431031 -1.0650537634409
2001 2 -2.03281900563311 -10.79293012224 7.25562739463601
2001 3 -97.5542647508407 -6.66803763440797 -4.6846774193548
2001 4 -69.1509297967421 -9.91666666666699 -13.8473563218391
2001 5 -18.1946403385049 -24.395161290323 -20.6822580645161
2001 6 6.68160458096039 -6.64278735632202 -1.89066091954
2001 7 12.0896717373899 2.975806451613 -4.5806451612904
2001 8 -4.82991430797195 0.810483870968 -5.4314516129033
2001 9 33.4942084942085 -5.275 0.712500000000293
2001 10 34.6776567559611 -11.60564516129 -6.23951612903231
2001 11 -32.6599326599327 -13.41908045977 -0.254942528735693
2001 12 -27.8714229713838 -7.32688172043002 5.6072580645161
2002 1 -5.2599200246078 11.299462365592 -5.2586021505377
2002 2 -84.3252510409013 -24.007215836526 -4.88722974822109
2002 3 -58.4225007642923 -5.05513440860199 0.799193548387107
2002 4 -52.4290038921724 -3.24999999999999 -22.5140229885057
2002 5 79.2195580629995 -8.26612903225801 -12.9403225806451
2002 6 -49.584539258706 -2.97612068965499 -1.223994252873
2002 7 -44.5710414485434 -0.249999999999986 0.903225806451591
2002 8 -21.7086471046481 2.74596774193601 -7.04435483870979
2002 9 130.791505791506 0.391666666667021 9.7125000000003
2002 10 -78.5104503974095 14.845967741936 7.6314516129032
2002 11 163.689526847422 -17.085747126437 -16.9216091954023
2002 12 -98.4319874558997 4.93118279569899 -5.03790322580651
2003 1 146.078129806213 0.654301075269004 -3.6456989247312
2003 2 -100 22.421355592046 2.61277025177891
2003 3 -100 25.299704301076 -4.20080645161289
2003 4 -85.5845466339916 48.75 5.48597701149431
2003 5 -86.8359191349318 62.056451612903 13.1887096774193
2003 6 -32.1569725827031 46.523879310345 20.442672413793
2003 7 28.1024819855885 41.040322580645 7.19354838709689
2003 8 -26.6424305375227 46.616935483871 11.0201612903227
2003 9 22.5868725868726 32.391666666667 18.2125000000003
2003 10 69.2670002943774 29.362096774194 11.1798387096774
2003 11 -100 19.914252873563 4.911724137931
2003 12 -100 0.737634408601977 -39.2314516129032
2004 1 -85.2353122116272 -9.66827956989199 -2.355376344086
2004 2 -100 14.564212734903 -23.4586583196497
2004 3 113.390400489147 -26.345456989247 -10.1685483870967
2004 4 165.244341934554 -16.974137931034 -13.8703448275862
2004 5 64.1748942172073 -26.975806451613 -11.0048387096773
2004 6 -0.0404568512121481 -10.355431034483 -5.68376436781591
2004 7 -44.0783395947527 7.16935483870902 -7.8064516129033
2004 8 -42.4824720851727 5.971774193548 -0.5927419354839
2004 9 -52.6061776061776 1.58706896551703 -6.85071839080461
2004 10 -6.53517809832205 10.007258064517 5.69596774193549
2004 11 -11.3946482367535 16.891264367816 -19.9675862068966
2004 12 -85.8878871030968 -8.617204301075 -18.2637096774194
2005 1 -84.0049215625961 -7.41021505376299 -14.2908602150538
2005 2 -21.6262552045065 -0.88552271483298 1.4487490877577
2005 3 -67.5940079486396 11.95561827957 -6.3405913978494
2005 4 -55.8887127000144 9.922413793103 0.957241379310396
2005 5 -70.8509637987776 4.95967741935498 -11.6499999999999
2005 6 -38.6300687766471 19.299741379311 -8.7872126436779
2005 7 0.388002709860193 8.78225806451599 1.22580645161289
2005 8 39.1846273695144 2.10080645161298 1.02016129032251
2005 9 -70.2702702702703 -5.30948275862098 -8.91968390804601
2005 10 158.463350014719 -14.508870967741 -0.110483870967713
2005 11 -85.8231437178806 -11.039770114942 -5.13999999999999
2005 12 -87.4558996471972 0.0924731182799832 -7.6185483870968
2006 1 -22.4853891110428 -6.76505376344 -12.1940860215054
2006 2 -84.3252510409013 4.20706987776001 -3.1015154625068
2006 3 79.1501070009171 -4.409973118279 -13.5556451612903
2006 4 63.1829321032146 3.75 -18.1806896551724
2006 5 28.0677009873061 -10.201612903226 -2.9403225806451
2006 6 -49.8335044969346 -14.309454022988 -22.5573275862067
2006 7 -30.2826876886124 -0.89516129032301 -2.64516129032261
2006 8 32.6928070631005 -0.157258064516022 -4.1411290322581
2006 9 -14.3822393822394 12.725 -3.28750000000001
2006 10 -12.1283485428319 5.16854838709698 0.534677419354797
2006 11 15.5413786992734 -12.752413793103 -13.588275862069
2006 12 0.352802822422579 -5.06881720430101 -10.1991935483871
2007 1 91.9409412488465 -0.313440860214982 1.83817204301071
2007 2 592.627969630174 2.06421273490299 2.61277025177891
2007 3 47.9669825741363 -14.087392473118 -14.6846774193548
2007 4 81.9230214790255 -12.583333333333 -6.1806896551724
2007 5 22.8020686412788 -10.201612903226 -9.0693548387096
2007 6 -36.6383468708182 11.690545977012 -22.5573275862067
2007 7 69.1199113136663 6.84677419354799 -5.87096774193551
2007 8 257.829135289535 -7.89919354838702 -3.8185483870968
2007 9 69.8841698841699 -5.60833333333299 -12.6208333333334
2007 10 -1.97232852516927 -16.444354838709 -22.0459677419355
2007 11 -12.8123338649654 -12.085747126437 -23.9216091954023
2007 12 227.714621716974 7.51182795698899 -8.2637096774194
2008 1 -31.0981236542602 -6.11989247311797 -17.5166666666667
2008 2 -67.6708302718589 9.293276774312 -5.9586583196497
2008 3 -38.856618771018 -9.24868279569797 -20.8137096774193
2008 4 29.4507712267551 -3.91666666666698 -8.51402298850569
2008 5 14.7155618241655 -5.36290322580701 -7.45645161290319
2008 6 60.7070612765693 -17.642787356322 -11.89066091954
2008 7 65.1782964833405 -5.41129032258098 -6.83870967741941
2008 8 -34.0431056868346 12.423387096774 5.21370967741971
2008 9 3.57142857142857 -12.941666666667 2.71250000000029
2008 10 -36.1201059758611 -19.992741935483 -20.433064516129
2008 11 -79.4435583909268 -13.085747126437 -27.9216091954023
2008 12 -98.4319874558997 8.47956989247297 -25.3604838709677
2009 1 31.6517994463242 -2.57150537634399 -17.1940860215054
2009 2 -80.4065638011266 -2.93578726509701 -17.744372605364
2009 3 -77.3769489452767 -6.34545698924697 -35.6524193548387
2009 4 -76.0703474124261 3.08333333333302 -12.8473563218391
2009 5 -46.4033850493653 -2.78225806451601 -12.9403225806451
2009 6 -37.7586904428469 12.690545977012 -16.89066091954
2009 7 -2.81455933977951 16.846774193548 -10.0645161290323
2009 8 -36.2503245910153 3.713709677419 -10.2701612903227
2009 9 101.158301158301 3.72500000000002 9.0458333333333
2009 10 58.9637915808066 11.942741935484 14.7282258064516
2009 11 -75.8993443203969 -20.41908045977 -6.6549425287357
2009 12 -90.5919247353979 8.15698924731198 2.7040322580645
