"anio" "mes" "ppAcc" "mTmax" "mTmin"
1970 1 -4.23484748137144 -14.3196788826036 -18.0320095677279
1970 2 -2.2800379570936 -22.4194022698584 -7.7798739283588
1970 3 -9.68588868968461 -14.7915594985789 -8.28123265315464
1970 4 -6.54168664697059 -3.45711554565543 -0.497399361878851
1970 5 -0.884533162281786 -10.0974276266307 -16.8249529437257
1970 6 7.58046034258231 -13.9633885622763 -3.5054353943444
1970 7 -5.47887991647392 -8.66501594291713 -2.42822331933378
1970 8 -1.30577466026096 -8.00209249215522 -9.47981111379399
1970 9 6.06356943209229 -14.9508229358221 0.790112404333969
1970 10 -1.41254310842274 -2.83652273506886 -10.9176274401375
1970 11 -8.24968506632573 -11.0630074239165 -26.0179608061065
1970 12 -5.42877233397787 -4.93000878644613 -24.753701241229
1971 1 -0.7134797387093 -6.4244365568472 -11.357750785365
1971 2 -8.23402353937295 -12.9291539737283 -20.3721264833118
1971 3 -0.176107067085176 -13.550188757718 -10.4600920676755
1971 4 -0.365366791376763 -17.6016124403612 -35.7098161833993
1971 5 -9.70875420843422 -4.75553085358726 -10.7934197476535
1971 6 12.1496985170765 -13.8759808091481 -10.4665836951698
1971 7 -8.84547355997961 -14.0744411079444 -7.99612392417529
1971 8 -12.3496980273318 -20.7710624834737 -16.8326930088316
1971 9 -0.751201132522982 -11.7859577927611 -2.52620408814783
1971 10 5.65867148969832 -10.9938430189262 -2.20805948227499
1971 11 -2.33542153356792 -11.6915771284869 -11.4260477004252
1971 12 2.54569550124386 -15.1350447671546 -6.17284685007073
1972 1 -7.13479738709321 -13.7862165632959 -7.66307181655701
1972 2 -8.23402353937295 -10.7340054914387 -20.5753763411321
1972 3 4.8429443448423 -21.7883764016133 -18.8850151371558
1972 4 4.83830426806056 -3.36154462069101 -11.7532768763916
1972 5 8.74188979715723 -6.96597089760506 -4.95037196395856
1972 6 -3.48934348222331 -9.76781641210875 -3.30654544289184
1972 7 -8.3681207299303 -14.7368196995804 -3.66553456485441
1972 8 -11.0188235412366 -11.808227778029 -18.7790440986945
1972 9 -0.53293445963495 -4.69665987230295 -7.50067882686925
1972 10 1.95308307049065 -5.43203373447771 -4.9067988495
1972 11 -1.90788441071796 -3.72969420392894 11.3077299642234
1972 12 -5.42877233397787 -11.9601446842676 -7.64571945424792
1973 1 -7.13479738709321 -4.93074206278522 -16.8401776423059
1973 2 -1.63286561119367 -3.43890567759824 -7.24403339410542
1973 3 -3.08187367399056 -3.95777848742876 2.46780712514788
1973 4 0.412752245548442 -10.529363993008 2.3585695597139
1973 5 3.37980332413638 -6.22915754959911 -5.51582820109039
1973 6 -6.12725418090039 -6.09669078071217 -2.51098563708278
1973 7 1.83215553322876 -13.5224589482479 -6.14015705589436
1973 8 19.8714737412892 -23.9633049813035 -2.34319045096371
1973 9 -3.8796901105848 -8.49449804397671 -2.36038826352344
1973 10 3.17694713555006 -19.8927378740441 0.490679884950013
1973 11 7.99672560197283 -11.3772922762017 -6.45633816443218
1973 12 -4.4064046627956 -24.7731343044905 -19.7685939655524
1974 1 -3.54438321810436 -7.81143858704803 -5.27940796571313
1974 2 -3.31551371053349 -10.0500898838908 -11.7986779352587
1974 3 0.440267667712937 -11.9702623602586 -18.4492432542517
1974 4 17.0450466598247 -13.0142080420783 -15.7852330009932
1974 5 5.87085137065788 -9.72902095262803 -13.4322155209351
1974 6 1.22121133684291 -16.6730289092596 -6.09100476322175
1974 7 25.6997970356945 -19.9254520007285 -20.7816734612204
1974 8 4.01772328411989 -9.96654941389705 -17.2652154732456
1974 9 0.485643347175874 -12.1657416099285 -17.4496283043127
1974 10 -7.70184455386695 -17.2972268746345 -16.0697662321125
1974 11 -6.25451182635924 -13.4400123986709 -11.1452937501159
1974 12 -5.42877233397787 -8.67185531270571 -11.9510393741504
1975 1 18.4814267801157 -23.111137904797 -3.61084327012236
1975 2 6.39207147796546 -12.8225219704007 -4.83275098996548
1975 3 -3.16992720753314 -4.74774168615881 -6.6834024158394
1975 4 3.18480131459449 1.32143070255572 -3.18537011161328
1975 5 17.1438993100009 -18.2944761231981 -4.19643031444952
1975 6 4.65991635476126 -16.6730289092596 -6.28989471467431
1975 7 8.21360915599328 -18.379901953578 -24.8648005714378
1975 8 -4.66798388829098 -15.3688059486854 -9.26354988158653
1975 9 -12.7801199939079 -11.1529847641483 -29.0567360279966
1975 10 -10.3535500281623 -13.3421624945827 -8.9549079003375
1975 11 -8.39219744060905 -8.33920537077793 -17.1359267417787
1975 12 -5.42877233397787 -19.3304484481126 -19.5419981802944
1976 1 -7.13479738709321 -16.8802980152817 -19.4622078782342
1976 2 -3.70381711807344 -13.6167465469076 -31.8280275604518
1976 3 -1.93717773793692 -8.24615013767601 -12.6389514821963
1976 4 7.75625065653008 -18.4848196089958 -9.22171821769779
1976 5 14.2306397301707 -14.5183077146669 -16.0710112942166
1976 6 -11.7328144155892 -8.71892337456687 -18.6210717047085
1976 7 12.1831747953508 -16.613559042549 1.28371041722808
1976 8 1.40267166231877 -20.5255053682562 -9.91233357820798
1976 9 1.62548041670227 -8.87428186114409 -7.16904717762107
1976 10 11.268048454554 -21.0050997309339 6.37883850435003
1976 11 -5.82697470350927 -24.6025433591441 4.93425067668438
1976 12 16.0409487608499 -14.3413197464325 8.91843244811388
1977 1 -6.72051882913296 -0.769735972184036 -1.10799622673632
1977 2 -1.50343114201368 -8.77050584396324 -4.69879085640217
1977 3 -10.038102823855 10.0358553186401 1.45100606503819
1977 4 -10.4322818315966 -16.4547613407905 -12.4252695638252
1977 5 -0.588985088965675 -6.96597089760506 -17.9558654179891
1977 6 -2.87697135574469 -4.34853571814254 -9.86991384081326
1977 7 1.80703170006826 -1.48924786686091 -9.23343516969592
1977 8 -12.1862573009692 3.90742759590104 -9.26354988158653
1977 9 5.65128793885934 8.59577372855517 -6.33996805450081
1977 10 -4.43820704704185 3.46686112063947 -0.613349856187483
1977 11 11.4882787719142 -8.8630134579203 2.84864990295879
1977 12 -0.828117813657641 -4.24967305439879 1.03289912113452
1978 1 -5.40863672892549 -0.663043508322914 -2.03762512856541
1978 2 8.85132639238519 -17.8342261267845 7.08970089717091
1978 3 -1.76107067085175 -9.38011701506406 0.524364704839677
1978 4 -7.3198056838958 4.57084215133961 -0.833395705595612
1978 5 -8.23101384185367 3.53361931148052 -2.31157619067679
1978 6 24.9388548508413 -11.4285637215502 8.03018178988157
1978 7 1.25430737053748 -2.81400505013297 -4.69662726945448
1978 8 -5.36844414413056 1.94297067415997 -0.613100593307999
1978 9 0.558398904805218 -8.11471422680935 2.77990229982264
1978 10 6.03262995402203 -14.5781201133487 5.152138791975
1978 11 13.198427263314 -1.11065376821896 9.19295994890721
1978 12 -4.61087819703205 0.739455647281364 8.66917708433007
1979 1 -6.92765810811308 2.64442287138579 -0.869629841651924
1979 2 27.6193244234832 -6.85112978407157 6.28594009579091
1979 3 17.3465461078897 -1.58788889124008 -0.292081466578408
1979 4 -10.2863845121732 4.09298752651866 5.04654030944832
1979 5 7.43303404390017 4.63883933348971 -1.36914912879077
1979 6 -4.43145444603655 3.69297756967836 -9.27324398645678
1979 7 -0.152627286449975 8.11524171186037 2.72724020366796
1979 8 -2.26307034324173 -7.51097826172034 -2.12692921875624
1979 9 24.4464736597733 -16.3433635987696 -6.33996805450081
1979 10 -14.8750478240763 14.2196924039064 -20.363215225425
1979 11 -4.68687570924271 -4.35826390849928 -2.33253663456571
1979 12 24.1176533631898 -10.4407282160285 7.30960237278186
1980 1 24.5575122968661 -7.81143858704803 2.82504912715609
1980 2 1.99129952584594 -4.24783811663256 -3.24370664700737
1980 3 -6.78012208277923 7.44026195138523 9.0043853687103
1980 4 2.21215251843798 -7.56666531911737 -2.51337742417965
1980 5 -6.54216770861875 3.44151764298013 10.8824026757309
1980 6 -5.79751534356575 5.52854038537666 -10.6654736466223
1980 7 -13.3175158625469 8.00484527992081 1.07749187630755
1980 8 2.71019747321933 -1.74038605410472 16.0390142866307
1980 9 -4.7042530970507 -7.98811962108739 4.43806054606255
1980 10 0.661226557372378 1.86011621624356 1.3493696836125
1980 11 13.3409396375974 -10.4344377193462 0.522402886111078
1980 12 -5.42877233397787 -13.7743733030599 -8.32550681002203
1981 1 9.43634493131688 -21.2973660191503 -9.80836928231649
1981 2 -0.338520919393808 -6.63786577741747 -0.546026715938912
1981 3 6.51596148215146 -11.4060029325947 4.79192383397011
1981 4 5.66505574479359 -9.09580011854461 5.21453848130676
1981 5 0.255437977651783 -3.18980248907442 12.7672567995029
1981 6 16.7189366915708 -9.06855438708101 17.3780095081329
1981 7 4.41991034875925 -6.34669087219167 -1.60334915565293
1981 8 -2.09962961687916 0.960742213289454 -5.88987465915757
1981 9 3.71113973541015 -2.67114618074414 -9.65628454698192
1981 10 3.3469282556972 2.47809502562654 5.52014870568748
1981 11 7.85421322768951 -4.35826390849928 -16.2900187356522
1981 12 -1.0325913478941 -1.86849799223316 1.87130352658924
1982 1 -7.13479738709321 9.89951041397274 3.42096508986704
1982 2 0.826389303226066 0.399846442185105 0.257734085441095
1982 3 7.92481801883286 0.669148819416241 3.04883630235344
1982 4 4.83830426806056 4.95312585119672 0.342591497413116
1982 5 3.21091871081288 -5.30814086459185 9.37451937671303
1982 6 -10.3196479698693 10.5981900668292 -18.2232918018042
1982 7 -9.34795022318942 3.25779870652961 -12.5329318244174
1982 8 -17.2295711430142 4.76687749916325 -16.8326930088316
1982 9 -17.6304905025309 7.32982767133034 -11.4802586178466
1982 10 2.0210755185495 2.35449926374964 -7.48286824548746
1982 11 -8.39219744060905 -2.15826994250308 -5.39895315677416
1982 12 -2.56614285466751 -3.90950518837513 0.851622492928121
1983 1 6.26020932028828 -15.1732185934961 3.77851466749367
1983 2 5.0977267861656 -13.9954740070012 -10.4590765996254
1983 3 -1.67301713730916 -9.57780238696349 -14.6725536024156
1983 4 -14.2742445764148 2.94613642694795 -4.8653518301972
1983 5 -11.4820426483309 9.05971942152589 20.3066732945933
1983 6 -5.70330424718443 11.9093063637566 -3.70432534579576
1983 7 -2.6901344356595 -0.937265707164414 10.3573262177109
1983 8 0.935698158425716 0.224070867636347 -4.07328030861941
1983 9 0.194621116658495 -5.45622750663772 4.10642889681478
1983 10 -0.936595972010747 -4.19607611571175 -4.53878893578752
1983 11 -1.12406635215969 -3.31064773421516 10.990514461926
1983 12 -4.91758849838674 2.44029497739895 1.07821827818615
1984 1 12.4053412633654 -1.94335307466126 3.06341551224049
1984 2 9.36906426910514 -6.30693887053916 6.45685474895794
1984 3 -8.80535335425873 -5.87626054148663 4.3561519510659
1984 4 -14.0310823773757 7.53354082523084 -1.33739022117082
1984 5 -6.58438886194963 -12.9525793501541 -3.44248866494048
1984 6 4.58925803247527 -5.39742875568442 0.0745837317945788
1984 7 25.6997970356945 -14.1848375398839 7.47026664482992
1984 8 -5.11160871698938 -12.1765634508556 -6.66841509510363
1984 9 5.31176200325573 -24.5720129707292 6.09621879230345
1984 10 -3.14635053392358 4.45562721565242 2.08538951103752
1984 11 -8.39219744060905 -1.32017700307615 -10.3686626927671
1984 12 -1.13482811501232 0.285898492582896 -4.36008056800653
1985 1 -1.26585114932297 -4.93074206278522 4.25524743766246
1985 2 -7.84572013183299 -6.53123377408983 4.00861782521435
1985 3 -2.1132848050221 -4.86059357169187 3.19409359665487
1985 4 20.0116254881021 -19.4174600146811 -2.84937376789641
1985 5 -5.23331195536169 -11.1105459801389 -9.85099268576722
1985 6 13.1389150290804 -13.2641265372485 5.04683251809909
1985 7 -14.5485836874109 -12.5288910607938 -3.45931602393388
1985 8 9.69145135642055 -6.40597124324069 0.468205567727994
1985 9 -1.600015971532 3.02561107676649 -6.67159970374889
1985 10 -7.70184455386695 -0.364607497536143 -3.31208922341249
1985 11 -3.2617519664095 0.460770493206907 -1.8038441307367
1985 12 -5.42877233397787 -5.156787363795 5.38353819808867
1986 1 -7.13479738709321 -6.63782148457081 -15.8867121019684
1986 2 -8.23402353937295 4.13196655864078 -3.62710978789555
1986 3 -10.038102823855 -7.00477939681513 -23.8237631434029
1986 4 -0.900323629262844 2.18156902723375 -4.36135731462201
1986 5 12.3306878302814 -7.79488591411196 9.18603396433536
1986 6 -4.57277109060853 -7.58262258389684 11.411310964568
1986 7 -10.9809993786213 -1.71004073074004 -10.0583093333768
1986 8 3.45735507944823 2.06574923176907 -4.93832523744659
1986 9 -13.2651570447702 9.98831439150195 -4.18436233438774
1986 10 1.74910572631408 -1.47696935442597 6.99218836053752
1986 11 -5.61320614208429 3.70838063348662 7.60688243742011
1986 12 -5.42877233397787 0.512677069931768 5.49683609071766
1987 1 -7.13479738709321 6.48535157040289 -1.70391218944727
1987 2 -7.84572013183299 -0.133313574451342 8.56326236636753
1987 3 2.1132848050221 -2.94211151763402 8.71387078010752
1987 4 -5.034081012928 -10.1470802931515 -1.00139387745406
1987 5 -3.29113890214154 -4.29502251108361 -8.72008021150366
1987 6 6.2850577673391 -6.62113729948312 10.4168612073075
1987 7 3.03809952493229 -6.45708730413055 18.1936307726745
1987 8 9.15443182694353 1.69741355894253 9.76743855262758
1987 9 -3.34614935463627 13.1531795345637 7.09111374004779
1987 10 -15.2150100643706 2.72528654937958 -24.6566642187375
1987 11 -3.90305765068444 2.34647960691795 -0.852197623844431
1987 12 -5.42877233397787 12.1917738034097 8.10268762118501
1988 1 -7.13479738709321 2.11096055207809 -4.20675923283339
1988 2 3.41507868682579 8.0038113691114 8.91433030260247
1988 3 35.9258416853756 -13.9338851685301 10.6022156060255
1988 4 -4.69365393427323 0.36572145291383 3.03056224714753
1988 5 -5.73996579533217 10.3491427805364 -1.1806637164131
1988 6 -0.780774461260229 -2.07593413680199 9.02463154714199
1988 7 -2.665010602499 -0.606076411346397 10.7697632995507
1988 8 -11.6959351218815 2.43408490459564 13.4438795001465
1988 9 6.98513982873065 2.89901647104455 -8.76087909401202
1988 10 -10.7275084924861 3.21966959688642 -0.368009913712476
1988 11 -3.04798340498452 14.8131120808963 -2.22679813379995
1988 12 -5.42877233397787 2.66707355474782 0.851622492928121
1989 1 -6.72051882913296 10.4329727332811 7.94992640647048
1989 2 3.93281656354573 1.25290246880329 -3.89503005502216
1989 3 -8.62924628717356 -0.685073806977701 -12.6389514821963
1989 4 -9.16783839659317 -1.9279807462276 -14.6092457979844
1989 5 9.33298594378945 6.11246602950158 -2.87703242780862
1989 6 -2.1939409069801 4.91668611347756 4.25127271229003
1989 7 -2.21278160561018 2.3746272510151 -1.39713061473368
1989 8 -10.0381791830611 0.469627982853788 3.71212405083195
1989 9 -8.05100874800055 -10.2668225240916 6.26203461692783
1989 10 -8.89171239489694 2.72528654937958 -17.909815800675
1989 11 0.871106887806798 10.6226473837604 10.1446064557995
1989 12 8.47542799410105 -5.04339807512021 3.23087823813738
1990 1 5.08642007273423 1.57749823277039 16.0543834993396
1990 2 13.6404017520447 -2.90574566096179 10.5726643698175
1990 3 -8.10092508591804 2.47477898794103 8.56861348580609
1990 4 14.4188949102022 -0.876700571621312 4.87854213758989
1990 5 18.4949762165889 -1.80827746156293 3.34298618064045
1990 6 7.48624924620099 -1.28926435864556 -1.51653587982235
1990 7 6.42981700159848 -5.35312298473759 11.1822003813918
1990 8 10.8121877657639 1.32907788611599 2.84707912200475
1990 9 -2.40032710545479 -2.03817315213134 1.28755987820613
1990 10 35.0314090511243 -5.55562949635461 9.20024784281251
1990 11 -8.39219744060905 5.17504327748451 -1.16941312614185
1990 12 0.398723391761087 8.10975941112574 -4.69997424589355
1991 1 16.1338482850076 5.09834954020205 9.02257513935022
1991 2 9.62793320746511 3.91870255198607 9.50098330131085
1991 3 -6.2518008815237 21.4338957574541 5.37295301117558
1991 4 -11.3562981879453 15.0836438974044 11.5984690119259
1991 5 -0.166773555656946 10.5333461175378 9.56300478908953
1991 6 5.27228848123987 0.19666744453911 10.0190813044036
1991 7 20.9765164015223 -5.79470871249518 12.6257301678317
1991 8 -15.2682824266634 6.60855586329522 0.468205567727994
1991 9 -9.65163101584613 -5.20303829519306 5.76458714305567
1991 10 23.1327306408244 -9.51069387640712 6.74684841806251
1991 11 -2.9054710307012 -7.50111243135101 -2.12105963303412
1991 12 -5.42877233397787 -3.56933732235147 7.76279394329793
1992 1 35.1216155248525 -11.7590597499262 23.5629246294979
1992 2 12.6049259986048 -5.89511871975833 6.06883229311936
1992 3 5.45931907964042 3.26474218667107 12.2872002199216
1992 4 -6.29852444793147 -9.86036751825881 1.8545750441387
1992 5 11.9084762969727 -9.54481761562612 -1.74611995354494
1992 6 -18.2569328399959 6.75224892917586 1.86459329486404
1992 7 12.6354037922396 2.04343795519708 6.43917394022984
1992 8 -5.39179281932522 -2.10872172693126 11.886798628257
1992 9 18.1652438511066 -0.898821700629204 3.77479724756698
1992 10 5.59067904163946 -9.51069387640712 6.5015084755875
1992 11 39.7769850671533 -11.3772922762017 13.7397154818369
1992 12 -5.42877233397787 2.21351640005008 6.0633255538627
1993 1 -3.47533679177765 2.64442287138579 15.4584675366287
1993 2 6.78037488550542 6.47787063184124 7.62554143142422
1993 3 -1.05664240251105 -1.8135926623055 -0.582596055181188
1993 4 1.33676860189713 2.75499457701912 1.51857870042193
1993 5 -7.59769654189058 1.13897593046081 -5.7043136134676
1993 6 0.797261403126956 3.51816206342156 0.472363634699691
1993 7 0.199106377796887 4.80334875368015 9.12001497219032
1993 8 -5.2517007681573 1.0835207708978 9.33491608821399
1993 9 6.66986574567016 -9.00087646686681 10.0757985832808
1993 10 -14.8410516000469 9.39945769071785 4.29344899331251
1993 11 -2.1929091592846 10.727409001189 6.97245143282527
1993 12 -5.42877233397787 13.21227740148 0.398430922412053
1994 1 -1.26585114932297 9.25935563080321 8.78420875426582
1994 5 -0.124552402326073 8.50710941052131 6.54723819105382
1994 6 1.40963352960557 1.50778374146646 2.06348324631662
1994 7 7.45989416117858 9.10880959931445 -7.78990538325604
1994 8 8.1270901183788 -0.758157593234173 7.82108746276574
1994 9 -11.8100458921834 3.2788002882119 -2.52620408814783
1994 10 1.06918124572551 14.4668839276602 11.040297411375
1994 11 -8.39219744060905 18.5845303083184 4.75194291674332
1994 12 12.4626619117119 20.1290240106273 15.6936464273289
1995 1 12.3362948370386 13.8649136541612 16.8131831585249
1995 2 -7.58685119347302 10.849782768261 10.8405846369442
1995 3 -5.19515847901265 12.5185968003618 13.5073614920533
1995 4 -8.77877887813056 10.6873813490503 14.6224361053771
1995 5 -20.4751483078068 11.4543628025456 28.9770022639475
1995 6 -4.19592670508324 9.98633579492964 10.8146411102115
1995 7 -15.6540323464725 5.13453804949817 10.3573262177109
1995 8 10.9522798169318 0.592406540462914 20.7967613951842
1995 9 -9.16659396498383 13.026584928841 5.10132384455911
1995 10 8.20838829190543 6.06237212004911 -1.96271953979998
1995 11 15.8349061875555 3.91790386834382 11.6249454665208
1995 12 45.2806641566629 -4.72590806683207 13.8808801452647
1996 1 -7.13479738709321 10.0062028778345 -8.61653735689451
1996 2 -8.23402353937295 12.4308779900104 3.09399346502334
1996 3 -2.99382014044797 2.36192710240866 -3.34248464690755
1996 4 -0.0249397127219859 0.174579602985 1.18258235670517
1996 5 -13.1708887815658 10.1581170977198 2.70073959031844
1996 6 -13.216639183595 4.91668611347756 2.26237319776918
1996 7 3.33958552285818 11.3167382381003 3.55211436734881
1996 8 -0.581965729226722 4.03020615351014 7.60482623055828
1996 9 10.7926806779997 18.9765313977963 10.573246057153
1996 10 -7.53186343371981 5.44439331066613 6.01082859063749
1996 11 -8.39219744060905 7.37503724348073 -4.97599915371091
1996 12 10.1112162679927 8.33653798847532 9.34896444010417
1997 1 -1.19680472299626 6.59204403426403 5.20871297799997
1997 2 -8.23402353937295 9.67683073166047 15.663149445224
1997 3 19.0195632451989 2.81333464453951 14.8146771407657
1997 4 17.0450466598247 -4.98625034508326 12.1024635275011
1997 5 4.39311100407732 -2.82139581507117 -1.93460536592262
1997 6 4.00043868009199 13.1330149075553 4.45016266374259
1997 7 -10.2775320501276 14.7390276282195 7.88270372666969
1997 8 -12.3030006769425 20.6053114307024 -3.64075784420582
1997 9 -8.68155691412154 16.4446392833473 7.75437703854435
1997 10 -4.71017683927727 17.803969498329 0.981359769900026
1997 11 -5.89823089065094 14.3940656111825 13.6339769810711
1997 12 4.28372054225373 16.0470096183441 13.7675822526357
1998 1 -0.851572591362718 7.97904606446486 1.87158358681858
1998 2 -8.23402353937295 16.074750931299 -3.49314965433216
1998 3 -10.038102823855 18.7254505046662 3.33935089095622
1998 4 -12.0857847850627 22.5381760446141 18.9903885736951
1998 5 -20.2640425411524 32.2153492504569 4.65588457030259
1998 6 -5.63264592489843 29.128633730069 19.5657989741075
1998 7 -11.2824853765472 18.2717134502781 17.5749751499142
1998 8 21.4825323297203 16.1852833567846 20.5805001629781
1998 9 30.1699108599484 6.0638816141055 29.1446184150477
1998 10 5.11473190522746 -5.55562949635461 20.3632152254252
1998 11 -2.97672721784286 9.8893160617621 20.295502529317
1998 12 -5.42877233397787 10.1507666072677 1.07821827818615
1999 1 -7.13479738709321 12.0333596912042 -6.35205669859287
1999 2 -5.77476862495322 12.7691588281521 4.27653809234097
1999 3 -6.60401501569405 12.1800411437633 3.48460818525765
1999 4 -9.02194107716969 16.1349240720112 7.06251837174912
1999 5 -18.1952060279397 16.7041579070881 4.09692783014997
1999 6 -9.89569803615336 16.2796940201809 9.02463154714199
1999 7 0.651335374685711 5.24493448143774 6.43917394022984
1999 8 7.6834652896804 8.08189855460138 17.1203204476653
1999 9 -5.74708275640464 1.00009738520767 -5.84252058062864
1999 10 15.6875575783796 -12.2298006376929 -3.06674928093748
1999 11 -2.12165297214294 -6.97730434420926 -7.72520017362187
1999 12 0.705433693115769 -4.136283765724 -9.9116773068282
2000 1 -7.13479738709321 10.3262802694193 -8.37817097181012
2000 2 -8.23402353937295 11.9161028015339 -2.59700255394305
2000 3 8.71729982071615 4.61896481306499 2.46780712514788
2000 4 -7.7088652023584 8.39367914990887 1.18258235670517
2000 5 12.3306878302814 -0.610955771053372 2.77752994350862
2000 6 9.55889336659012 -3.99890470562841 6.637952129716
2000 7 -10.553894214893 10.1023774867678 -12.1204947425772
2000 8 12.0496675510805 -3.58206441823745 -1.69440675434263
2000 9 -1.40600115118708 7.45642227705303 -2.69201991277124
2000 10 -6.03602957642497 14.2196924039064 -2.45339942475
2000 11 -4.11682621210943 15.8607282551804 14.9028389902608
2000 12 0.705433693115769 2.89385213209742 -7.41912366898989
2001 1 -5.40863672892549 7.33889128129534 5.44707936308437
2001 2 -4.9981618098733 9.46356672500578 11.6443454383242
2001 3 -6.51596148215146 3.03903841560565 -2.18042629249643
2001 4 2.50394715728494 10.8785231989786 3.53455676272274
2001 5 1.05763989093837 -0.0583457600487652 -3.44248866494048
2001 6 -8.01147610852687 1.50778374146646 7.83129183842899
2001 7 -0.428989451215371 8.6230652987813 4.83066932105327
2001 8 -10.4818040117595 12.0108123980843 4.36090774745299
2001 9 2.59555451842687 7.83620609422041 0.790112404333969
2001 10 -3.31633165407072 5.3207975487892 -0.245339942475007
2001 11 0.158545016390194 0.0417240234931438 0.733879887642675
2001 12 2.23898519988918 5.27502719426235 10.1420496885073
2002 1 -3.19915108647081 10.9664350525888 2.82504912715609
2002 2 -1.76230008037365 -0.666473591088383 10.3047441026909
2002 3 -9.15756748842908 17.3712278782723 9.87592913451855
2002 4 24.1453828717673 6.29111880069569 3.19856041900596
2002 5 -2.23561006886972 11.3622611340447 -6.26976985059933
2002 6 -12.6513726053071 9.72411253554417 -6.48878466612687
2002 7 -5.5291275827949 12.420702557494 13.6568228724318
2002 8 3.99437460892524 15.3258334535224 -1.04562305772159
2002 9 1.74673967941785 6.95004385416296 9.24671946016086
2002 10 7.73244115549343 12.7365432613874 12.6350070374624
2002 11 -4.11682621210943 -1.21541538564754 3.90603491061689
2002 12 -5.42877233397787 2.66707355474782 6.74311290963681
2003 1 -7.13479738709321 2.43103794366285 6.04299532579532
2003 2 -8.23402353937295 13.4089508481162 8.56326236636753
2003 3 -10.038102823855 10.2615590897055 17.7198230267934
2003 4 -1.14348582830197 5.71769325091034 18.3183958862622
2003 5 -1.26452354225964 15.2305312110762 18.9872754079532
2003 6 9.0878378846835 1.24556048208099 18.5713492168459
2003 7 -4.64979342217774 7.67365598410279 5.20186269470921
2003 8 13.6840748147062 1.57463500133343 5.22595267628153
2003 9 3.44436935743589 5.93728700838354 15.5477207958747
2003 10 -12.8352743823106 -1.72416087817901 12.8803469799372
2003 11 0.158545016390194 8.63217665262141 7.28966693512269
2003 12 -5.42877233397787 2.44029497739895 -15.0100824751339
2004 1 3.2221665619131 -4.18389481575457 5.20871297799997
2004 2 -8.23402353937295 4.02533455531312 -9.38739553111874
2004 3 8.45313922008839 -3.39351905976486 7.98758430860062
2004 4 7.36719113806748 -5.17739219501152 -5.20134817391407
2004 5 6.12417829064311 -4.66342918508629 -1.74611995354494
2004 6 17.6846004294794 -5.04779774317029 -5.69322486031781
2004 7 -0.127503453289486 7.01127739246673 -10.0583093333768
2004 8 -2.30976769363104 15.8169476839581 -1.26188428992771
2004 9 4.53570272187605 15.3052878318452 3.27734977369482
2004 10 -2.97636941377644 17.3095864508221 10.1816076127125
2004 11 1.5836687592234 23.0892798577394 -1.16941312614185
2004 12 -3.89522082720446 9.92398802991884 -4.58667635326456
2005 1 -5.75386886055904 7.76566113674126 -4.6834920030021
2005 2 -0.467955388573794 6.15797462185948 8.56326236636753
2005 3 -8.27703215300321 0.669148819416241 9.73067184021721
2005 4 -1.62981022638022 7.62911175019469 11.9344653556424
2005 5 -3.58668697545765 2.33629762097096 -0.615207479281273
2005 6 -15.6425749154142 14.1819079450972 4.64905261519515
2005 7 6.90716983164779 8.55682743961728 2.31480312182818
2005 8 -0.55861705403207 3.5390919230745 4.79343021186794
2005 9 -10.8642236430019 6.44366543127286 -11.3144427932225
2005 10 1.95308307049065 3.59045688251639 -1.1040297411375
2005 11 6.21532092343132 3.18457254634488 -6.033384161369
2005 12 -5.42877233397787 12.2484684477467 4.38651674295333
2006 1 -6.09910099219258 12.4601295466508 -9.80836928231649
2006 2 -8.23402353937295 11.0630467749157 1.46337528751103
2006 3 9.33367455551426 16.017005251879 -9.44329100756576
2006 4 0.801811764011046 11.0696650489068 -6.20933720506446
2006 5 11.824033990311 -4.66342918508629 -5.89279902584491
2006 6 -6.22146527728171 0.371482950795912 -20.0133013648737
2006 7 -8.21737773096736 -0.0540942516499287 -6.34637559681489
2006 8 -8.61390999618732 1.57463500133343 -3.64075784420582
2006 9 -8.31777912597481 8.72236833427711 1.28755987820613
2006 10 -2.97636941377644 5.56798907254224 9.81359769899999
2006 11 22.6042439660132 -5.4058800827834 -0.852197623844431
2006 12 -5.42877233397787 1.07962351330432 -3.68029321223243
2007 1 0.460309508844748 6.27196664267928 12.3597045305316
2007 2 35.1265236359223 6.26460662518653 1.73129555463772
2007 3 18.139027909773 3.82900161433497 -3.34248464690755
2007 4 14.6620571092413 -5.5596758948686 -3.3533682834716
2007 5 -5.69774464200129 -7.9790892511133 -0.42672206690477
2007 6 17.2135449475727 7.18928769481814 -7.4832344233873
2007 7 6.90716983164779 6.23850236889181 -4.90284581037503
2007 8 11.2324639192676 0.592406540462914 -3.42449661199834
2007 9 5.38451756088507 -2.03817315213134 -7.16904717762107
2007 10 -2.63640717348216 -4.93765068697163 -13.7390367786
2007 11 -4.11682621210943 2.55600284177452 -9.09980068357738
2007 12 -5.42877233397787 10.8814975787262 1.34258002765385
2008 2 -5.64533415577323 8.71714270171465 -2.01958818513553
2008 3 -3.16992720753314 -2.49070397550248 -6.07332177977359
2008 4 6.15138014287184 7.05568620040932 3.19856041900596
2008 5 -9.49764844177986 0.0337559084521885 -4.19643031444952
2008 6 -5.04382657251516 -3.21223492747199 -14.6432726756652
2008 7 -0.00188428748703506 -1.37885143492202 -13.0278563226255
2008 8 -9.89808713189323 8.45023422742794 -3.20823537979088
2008 9 -13.6531866854601 0.74690817376223 -1.86294078965128
2008 10 -1.61652045259931 2.1073077399966 -9.32291781404998
2008 11 -8.39219744060905 3.07981092891627 -13.6465562165071
2008 12 -5.42877233397787 11.6248273600365 -12.0643372667795
2009 1 -2.23250111789689 4.24480982930958 1.75240039427635
2009 2 -8.23402353937295 9.78346273498752 -3.09126925364223
2009 3 1.05664240251105 4.28040915646651 -5.52134406142827
2009 4 -13.3015957802583 5.14426770112498 4.54254579387313
2009 5 12.4995724436049 -2.45298914106849 7.30117984056334
2009 6 -6.99870682242764 2.81890003839381 -5.49433490886525
2009 7 -4.32318359109136 12.5310989894336 0.0463991717074746
2009 8 14.7347651984656 8.81856990025448 -4.07328030861941
2009 9 9.70134731355952 3.53198949965659 15.7135366204991
2009 10 5.48869036955118 8.90507464321177 15.5790863471628
2009 11 -7.67963556919244 -5.82492655249656 2.84864990295879
2009 12 -0.828117813657641 -0.0542693734407618 16.486731675732
