id	lat	lon
13069	20.433100	-99.283600
13082	20.064400	-98.345000
13085	19.725000	-98.399200
13012	20.371400	-99.648900
13060	20.271900	-98.941700
13042	20.646700	-98.655000
13093	20.471700	-98.668900
15170	19.484700	-98.886400
13084	19.963900	-99.312500
24091	21.241100	-98.758900

21.946461	-98.513443
21.944115	-98.511742
21.945740	-98.508965
21.940241	-98.497299
21.922564	-98.486130
21.909576	-98.474960
21.843182	-98.477348
21.837622	-98.476471
21.827904	-98.474953
21.815819	-98.467171
21.819008	-98.457001
21.830181	-98.438553
21.843653	-98.424995
21.851934	-98.413727
21.840349	-98.407043
21.820377	-98.401657
21.789322	-98.396263
21.765154	-98.384697
21.757259	-98.371933
21.755356	-98.358864
21.760941	-98.347298
21.698729	-98.329742
21.690840	-98.328247
21.677361	-98.329239
21.663485	-98.332733
21.652802	-98.333725
21.648602	-98.320961
21.647198	-98.309395
21.643997	-98.299721
21.636110	-98.304008
21.629128	-98.312782
21.622139	-98.316071
21.601271	-98.314774
21.587296	-98.318665
21.579407	-98.315567
21.562225	-98.303497
21.527866	-98.279663
21.518175	-98.266998
21.517670	-98.256927
21.498598	-98.255432
21.487516	-98.254433
21.474035	-98.251434
21.460155	-98.247147
21.443380	-98.245651
21.431799	-98.246147
21.414623	-98.243256
21.391857	-98.239960
21.371883	-98.232079
21.356607	-98.231583
21.339436	-98.234070
21.325956	-98.235565
21.311081	-98.235565
21.290213	-98.233467
21.272537	-98.230080
21.253962	-98.223289
21.222904	-98.211624
21.214512	-98.201050
21.159761	-98.135826
21.149973	-98.127251
21.143478	-98.118874
21.131392	-98.106308
21.116108	-98.093544
21.102119	-98.073196
21.101709	-98.052856
21.102701	-98.047073
21.101027	-98.048164
21.099409	-98.049339
21.097889	-98.050629
21.096424	-98.052002
21.094936	-98.053345
21.093351	-98.054565
21.091730	-98.055733
21.090187	-98.056999
21.088762	-98.058403
21.084591	-98.062721
21.083147	-98.064102
21.081642	-98.065483
21.079927	-98.066406
21.077963	-98.066788
21.075945	-98.067009
21.073954	-98.067268
21.071957	-98.067474
21.069969	-98.067490
21.067989	-98.067200
21.066044	-98.066681
21.064161	-98.066025
21.062346	-98.065155
21.060642	-98.064117
21.059069	-98.062874
21.057640	-98.061470
21.056131	-98.060135
21.054415	-98.059151
21.052544	-98.058418
21.050623	-98.057854
21.048653	-98.057411
21.046663	-98.057182
21.044695	-98.057343
21.040800	-98.058357
21.038874	-98.058907
21.036966	-98.059502
21.035078	-98.060158
21.033237	-98.060959
21.031504	-98.062103
21.029633	-98.062057
21.027760	-98.061127
21.026802	-98.059425
21.025496	-98.056709
21.024675	-98.054886
21.024263	-98.052948
21.023796	-98.046959
21.023451	-98.044998
21.022926	-98.043060
21.022276	-98.041161
21.021326	-98.039391
21.019672	-98.038330
21.017742	-98.037750
21.015774	-98.037376
21.013824	-98.036926
21.011892	-98.036407
21.009918	-98.036148
21.007914	-98.036095
21.004932	-98.035759
20.999952	-98.035263
20.997971	-98.035011
20.996014	-98.034622
20.993134	-98.033768
20.991232	-98.033134
20.989370	-98.032402
20.987579	-98.031517
20.985874	-98.030472
20.984261	-98.029282
20.982456	-98.028435
20.980591	-98.027702
20.978746	-98.026917
20.976944	-98.026054
20.975397	-98.024780
20.973597	-98.023956
20.970757	-98.022964
20.966961	-98.021675
20.965031	-98.021172
20.963043	-98.021004
20.959032	-98.020973
20.957037	-98.021065
20.955046	-98.021233
20.953054	-98.021439
20.951069	-98.021675
20.949089	-98.022011
20.947224	-98.022697
20.945436	-98.023613
20.943707	-98.024628
20.942118	-98.025833
20.940744	-98.027290
20.939339	-98.028717
20.937923	-98.030128
20.936737	-98.031738
20.935320	-98.033142
20.933516	-98.034012
20.931559	-98.034401
20.929567	-98.034622
20.927568	-98.034515
20.925627	-98.034050
20.922747	-98.033188
20.920839	-98.032578
20.918964	-98.031891
20.917183	-98.030968
20.915337	-98.030205
20.913418	-98.029633
20.911453	-98.029251
20.909468	-98.028954
20.907480	-98.028786
20.905489	-98.029060
20.903763	-98.030052
20.902527	-98.031563
20.902239	-98.033562
20.901625	-98.035461
20.900936	-98.037338
20.900421	-98.039276
20.900009	-98.041237
20.899763	-98.043221
20.899540	-98.045204
20.898924	-98.047104
20.898109	-98.048935
20.897303	-98.050797
20.896370	-98.052567
20.895082	-98.054047
20.893476	-98.055275
20.891787	-98.056366
20.890032	-98.057327
20.888243	-98.058228
20.886499	-98.059204
20.884789	-98.060242
20.881388	-98.062347
20.877932	-98.064392
20.876320	-98.065552
20.874990	-98.067062
20.873947	-98.068771
20.873083	-98.070580
20.872543	-98.072495
20.872217	-98.074478
20.871822	-98.076469
20.871874	-98.078407
20.872612	-98.080269
20.872828	-98.082260
20.873123	-98.084236
20.873440	-98.086220
20.873684	-98.088196
20.873766	-98.090195
20.873640	-98.092201
20.873192	-98.094139
20.871975	-98.096893
20.871256	-98.098801
20.870447	-98.100647
20.869087	-98.101997
20.867344	-98.103012
20.865524	-98.103951
20.862019	-98.105873
20.860292	-98.106880
20.858637	-98.108002
20.857000	-98.109154
20.854509	-98.110825
20.852032	-98.112534
20.850483	-98.113792
20.849251	-98.115364
20.848175	-98.117050
20.847168	-98.118782
20.846331	-98.120605
20.845003	-98.124374
20.844366	-98.126289
20.843616	-98.128143
20.842491	-98.129761
20.839697	-98.132652
20.838266	-98.134056
20.836786	-98.135399
20.835188	-98.136597
20.833509	-98.137688
20.831837	-98.138786
20.830149	-98.139862
20.828497	-98.140991
20.826088	-98.142784
20.822954	-98.145271
20.821415	-98.146553
20.819944	-98.147903
20.818584	-98.149368
20.817278	-98.150887
20.815226	-98.153107
20.813681	-98.154343
20.811890	-98.155228
20.810001	-98.155945
20.808079	-98.156494
20.806107	-98.156799
20.804094	-98.156921
20.802099	-98.156944
20.800112	-98.156662
20.798128	-98.156372
20.796173	-98.155968
20.794357	-98.155121
20.792419	-98.154663
20.788439	-98.154083
20.786463	-98.154160
20.784496	-98.154579
20.782597	-98.155212
20.780809	-98.156136
20.779230	-98.157356
20.777922	-98.158875
20.776579	-98.160355
20.775141	-98.161766
20.773825	-98.163246
20.772778	-98.164963
20.771906	-98.166763
20.771156	-98.168625
20.770247	-98.170418
20.769045	-98.171997
20.767374	-98.173103
20.765669	-98.174179
20.764549	-98.175804
20.763548	-98.177544
20.762432	-98.179207
20.761074	-98.180656
20.758596	-98.182365
20.756943	-98.183487
20.755247	-98.184540
20.753498	-98.185539
20.751709	-98.186432
20.749826	-98.187080
20.747866	-98.187508
20.745941	-98.188042
20.744081	-98.188782
20.742264	-98.189629
20.740507	-98.190582
20.737993	-98.192062
20.736288	-98.193115
20.734621	-98.194221
20.733040	-98.195442
20.731499	-98.196716
20.729998	-98.198044
20.727840	-98.200127
20.725649	-98.202179
20.724138	-98.203491
20.722502	-98.204636
20.720715	-98.205551
20.718822	-98.206169
20.714928	-98.207130
20.711014	-98.207962
20.709064	-98.208412
20.707115	-98.208916
20.705166	-98.209465
20.703329	-98.210213
20.701677	-98.211342
20.700331	-98.212875
20.699503	-98.214638
20.698792	-98.217590
20.698244	-98.219528
20.697615	-98.221436
20.697166	-98.223373
20.696945	-98.225365
20.696857	-98.228363
20.696976	-98.230370
20.697262	-98.232346
20.697678	-98.234306
20.698212	-98.236237
20.699104	-98.238037
20.699650	-98.239944
20.699970	-98.241943
20.700048	-98.243935
20.699673	-98.245872
20.699036	-98.247795
20.698582	-98.249748
20.698219	-98.251717
20.697735	-98.253654
20.697090	-98.255554
20.696301	-98.257385
20.695440	-98.259193
20.694506	-98.260963
20.692371	-98.264351
20.690784	-98.266891
20.689709	-98.268585
20.688580	-98.270233
20.687395	-98.271843
20.686230	-98.273499
20.685663	-98.275360
20.685602	-98.277382
20.685291	-98.279358
20.684916	-98.281326
20.684616	-98.283302
20.684649	-98.286301
20.684662	-98.288307
20.684513	-98.290291
20.683720	-98.294212
20.683109	-98.298172
20.682745	-98.300133
20.682196	-98.302055
20.681599	-98.303970
20.680899	-98.306892
20.680508	-98.308853
20.680235	-98.310829
20.680182	-98.312836
20.680061	-98.314827
20.679592	-98.316765
20.678951	-98.318665
20.678223	-98.321609
20.677622	-98.323502
20.676353	-98.325005
20.674971	-98.326462
20.674046	-98.328247
20.673449	-98.330154
20.673191	-98.332176
20.672995	-98.334198
20.672522	-98.336090
20.671368	-98.337662
20.669827	-98.339035
20.668362	-98.340416
20.666876	-98.341766
20.665600	-98.343285
20.664560	-98.344986
20.663193	-98.347672
20.662386	-98.349525
20.662058	-98.351494
20.662289	-98.354469
20.663179	-98.356270
20.664223	-98.358002
20.665419	-98.359612
20.667042	-98.360733
20.668810	-98.361702
20.670416	-98.362900
20.671881	-98.364281
20.672770	-98.366051
20.673309	-98.367989
20.673712	-98.369965
20.673868	-98.371948
20.673801	-98.373947
20.673618	-98.375946
20.673384	-98.377930
20.673067	-98.379906
20.672686	-98.381874
20.672277	-98.383835
20.671743	-98.385765
20.670866	-98.387550
20.669853	-98.389290
20.668419	-98.391945
20.667370	-98.393639
20.666082	-98.395142
20.664488	-98.396393
20.663097	-98.397804
20.661985	-98.399467
20.661009	-98.401230
20.660170	-98.403053
20.659531	-98.404945
20.659107	-98.406914
20.658819	-98.408897
20.658737	-98.410889
20.658587	-98.412888
20.658199	-98.414848
20.657661	-98.416771
20.657015	-98.418671
20.656429	-98.420586
20.655918	-98.423553
20.655445	-98.425476
20.654032	-98.428131
20.653202	-98.431007
20.652271	-98.432762
20.651140	-98.434418
20.648991	-98.437805
20.647854	-98.439438
20.645937	-98.441757
20.644127	-98.444145
20.642788	-98.445625
20.639793	-98.448288
20.636131	-98.451691
20.633909	-98.453705
20.632410	-98.455040
20.630867	-98.456306
20.629221	-98.457436
20.627541	-98.458519
20.624895	-98.460098
20.623322	-98.461281
20.622610	-98.463020
20.622232	-98.466064
20.621838	-98.468048
20.621082	-98.469864
20.619514	-98.471123
20.617720	-98.472008
20.615829	-98.472694
20.611965	-98.473839
20.610006	-98.474258
20.608046	-98.474236
20.606079	-98.473755
20.604101	-98.473541
20.602108	-98.473793
20.600100	-98.473900
20.598095	-98.473923
20.596159	-98.473549
20.594297	-98.472794
20.592342	-98.472374
20.590361	-98.472069
20.588371	-98.471863
20.585375	-98.471687
20.583372	-98.471664
20.581362	-98.471802
20.579350	-98.472069
20.577539	-98.472771
20.575962	-98.474030
20.574492	-98.475418
20.572462	-98.477631
20.571108	-98.479118
20.569588	-98.480362
20.567652	-98.480919
20.565928	-98.481934
20.564268	-98.483063
20.561922	-98.484940
20.560280	-98.486069
20.558540	-98.487061
20.556744	-98.487946
20.554892	-98.488686
20.552999	-98.489342
20.551126	-98.490082
20.549469	-98.491142
20.548367	-98.492828
20.547289	-98.494507
20.546038	-98.496071
20.544626	-98.497490
20.543119	-98.498810
20.541580	-98.500099
20.539991	-98.501312
20.538237	-98.502243
20.535406	-98.503265
20.533516	-98.503929
20.529760	-98.505302
20.527866	-98.505951
20.524994	-98.506851
20.523043	-98.507240
20.521746	-98.507179
20.514080	-98.521843
20.512653	-98.523201
20.511015	-98.524391
20.509418	-98.525612
20.507908	-98.526939
20.506382	-98.528244
20.504757	-98.529388
20.502993	-98.530304
20.501144	-98.531090
20.499269	-98.531815
20.497408	-98.532555
20.495548	-98.533318
20.493679	-98.534065
20.491800	-98.534760
20.489899	-98.535362
20.487972	-98.535835
20.485960	-98.536186
20.483917	-98.536369
20.481922	-98.536331
20.480049	-98.535927
20.478359	-98.534813
20.476025	-98.532837
20.474539	-98.531494
20.473120	-98.530075
20.471790	-98.528587
20.470640	-98.526955
20.469542	-98.525276
20.467262	-98.521980
20.466166	-98.520309
20.465149	-98.518585
20.464231	-98.516808
20.463398	-98.514992
20.462669	-98.513130
20.461725	-98.510269
20.461033	-98.508400
20.460186	-98.506592
20.459242	-98.504829
20.458244	-98.503090
20.457235	-98.501366
20.455746	-98.498756
20.454733	-98.497025
20.453688	-98.495331
20.452599	-98.493645
20.451466	-98.491982
20.450224	-98.490417
20.448809	-98.489014
20.447229	-98.487770
20.445560	-98.486671
20.443827	-98.485672
20.442047	-98.484756
20.440239	-98.483887
20.438410	-98.483086
20.435623	-98.481964
20.433750	-98.481262
20.431828	-98.480675
20.429869	-98.480171
20.427992	-98.479507
20.426279	-98.478539
20.424685	-98.477341
20.420891	-98.474030
20.418673	-98.472008
20.417238	-98.470612
20.415842	-98.469177
20.414513	-98.467690
20.412588	-98.465370
20.411282	-98.463867
20.408482	-98.460991
20.407017	-98.459595
20.405479	-98.458305
20.403843	-98.457199
20.402060	-98.456337
20.400169	-98.455643
20.397268	-98.454765
20.395315	-98.454369
20.393330	-98.454086
20.391411	-98.453522
20.388575	-98.452545
20.385708	-98.451591
20.383848	-98.450851
20.382126	-98.449875
20.380526	-98.448654
20.379034	-98.447304
20.377859	-98.445717
20.376524	-98.443497
20.375326	-98.441879
20.374285	-98.440186
20.373537	-98.438362
20.372967	-98.436440
20.372051	-98.432510
20.371580	-98.430550
20.371321	-98.427574
20.371597	-98.425613
20.372055	-98.423653
20.372627	-98.421715
20.373259	-98.419815
20.374018	-98.417969
20.375237	-98.415230
20.377167	-98.410591
20.377831	-98.408714
20.378344	-98.406776
20.378757	-98.404808
20.379036	-98.402824
20.379131	-98.400833
20.379051	-98.398842
20.378834	-98.396843
20.378355	-98.393867
20.377962	-98.391907
20.377468	-98.389961
20.376862	-98.388054
20.376116	-98.386208
20.375170	-98.384445
20.373644	-98.381851
20.372026	-98.379311
20.370981	-98.377609
20.370073	-98.375839
20.369350	-98.373970
20.367348	-98.368309
20.366619	-98.366447
20.365803	-98.364624
20.364935	-98.362816
20.363585	-98.360138
20.362288	-98.357384
20.361317	-98.355629
20.360037	-98.354156
20.358473	-98.352928
20.356754	-98.351845
20.352455	-98.349236
20.350708	-98.348251
20.348921	-98.347359
20.347075	-98.346619
20.345142	-98.346092
20.343178	-98.345657
20.341232	-98.345169
20.339359	-98.344490
20.337521	-98.343666
20.335745	-98.342712
20.334087	-98.341591
20.332567	-98.340317
20.331118	-98.338936
20.329737	-98.337471
20.328424	-98.335938
20.327175	-98.334381
20.326075	-98.332726
20.324217	-98.329163
20.323277	-98.327393
20.322388	-98.325584
20.321451	-98.323814
20.320377	-98.322144
20.319143	-98.320564
20.317795	-98.319054
20.316328	-98.317688
20.314739	-98.316498
20.313021	-98.315460
20.311201	-98.314568
20.309336	-98.313843
20.307417	-98.313354
20.304892	-98.292534
20.292280	-98.294075
20.289461	-98.293045
20.282862	-98.290710
20.280048	-98.289665
20.277317	-98.288399
20.275455	-98.287689
20.273512	-98.287270
20.266548	-98.286400
20.264555	-98.286217
20.262556	-98.286171
20.259501	-98.286484
20.257517	-98.286560
20.255671	-98.286102
20.254023	-98.284920
20.252407	-98.283661
20.250814	-98.282440
20.249180	-98.281296
20.247345	-98.280495
20.245579	-98.279572
20.244015	-98.278313
20.242327	-98.277252
20.240530	-98.276321
20.238663	-98.275620
20.236717	-98.275276
20.234709	-98.275169
20.232698	-98.275093
20.230701	-98.274857
20.228706	-98.274559
20.226721	-98.274368
20.224745	-98.274429
20.222759	-98.274750
20.220802	-98.275253
20.218916	-98.275894
20.217148	-98.276825
20.215458	-98.277924
20.213858	-98.279121
20.212231	-98.280289
20.210552	-98.281471
20.208838	-98.282562
20.207027	-98.283249
20.205053	-98.283455
20.202999	-98.283302
20.201023	-98.282867
20.199181	-98.282150
20.197422	-98.281136
20.195782	-98.279945
20.194324	-98.278603
20.192421	-98.276268
20.191101	-98.274750
20.189650	-98.273354
20.188267	-98.271904
20.187208	-98.270241
20.186457	-98.268379
20.185669	-98.266525
20.184589	-98.264854
20.183350	-98.263275
20.182133	-98.261681
20.180874	-98.260132
20.179468	-98.258713
20.178001	-98.257347
20.176601	-98.255920
20.173248	-98.252205
20.172142	-98.250549
20.171223	-98.248772
20.170095	-98.247108
20.168877	-98.245529
20.167570	-98.244019
20.166117	-98.242638
20.164730	-98.241196
20.163477	-98.239639
20.162327	-98.237999
20.160845	-98.236649
20.159225	-98.235443
20.157457	-98.234558
20.155531	-98.233955
20.153561	-98.233574
20.151514	-98.233543
20.149815	-98.234383
20.148394	-98.235886
20.146700	-98.236839
20.144726	-98.237038
20.142693	-98.237106
20.140713	-98.237373
20.138889	-98.237762
20.137045	-98.238586
20.135174	-98.239281
20.133217	-98.239563
20.127197	-98.239708
20.125196	-98.239685
20.123198	-98.239647
20.121193	-98.239586
20.119207	-98.239388
20.117252	-98.238853
20.115305	-98.238525
20.113661	-98.238701
20.112349	-98.238983
20.110388	-98.239456
20.108412	-98.239830
20.106445	-98.240250
20.104549	-98.240837
20.102818	-98.241844
20.101328	-98.243187
20.100113	-98.244812
20.099468	-98.246666
20.099136	-98.248665
20.098728	-98.250626
20.098295	-98.252586
20.097746	-98.254501
20.097031	-98.256371
20.095421	-98.260033
20.094759	-98.262047
20.094124	-98.264099
20.093018	-98.265457
20.091110	-98.265961
20.088900	-98.265854
20.087061	-98.265190
20.085535	-98.263924
20.084221	-98.262276
20.083172	-98.260536
20.082512	-98.258659
20.082155	-98.256653
20.082014	-98.254662
20.082228	-98.252655
20.081900	-98.250648
20.081425	-98.248657
20.080631	-98.246864
20.079298	-98.245483
20.077557	-98.244392
20.075897	-98.243202
20.074474	-98.241737
20.073006	-98.240379
20.071249	-98.239571
20.069315	-98.239090
20.066298	-98.238632
20.064310	-98.238319
20.060251	-98.237885
20.059376	-98.236076
20.058624	-98.234238
20.058153	-98.232292
20.057489	-98.230392
20.056904	-98.228493
20.056896	-98.225494
20.056778	-98.222488
20.056458	-98.220520
20.055904	-98.218597
20.055252	-98.216705
20.054485	-98.214851
20.053659	-98.213028
20.053129	-98.211105
20.052725	-98.208115
20.052706	-98.206139
20.053230	-98.204201
20.053576	-98.202126
20.052280	-98.200851
20.050266	-98.200600
20.048258	-98.200897
20.046249	-98.201149
20.044359	-98.201721
20.042685	-98.202850
20.041325	-98.204300
20.040117	-98.205910
20.038858	-98.207489
20.037313	-98.208694
20.035362	-98.209206
20.033401	-98.209679
20.031427	-98.209885
20.029451	-98.209564
20.027498	-98.209091
20.025576	-98.208542
20.023617	-98.208122
20.021626	-98.207817
20.019718	-98.207298
20.018003	-98.206261
20.016359	-98.205116
20.014746	-98.203918
20.013271	-98.202576
20.012049	-98.200981
20.010393	-98.199883
20.008558	-98.199043
20.006647	-98.198441
20.004669	-98.198044
20.002960	-98.197128
20.001497	-98.195717
19.999931	-98.194466
19.998247	-98.193413
19.996382	-98.192657
19.994492	-98.192001
19.992577	-98.191422
19.990622	-98.191017
19.986649	-98.190529
19.983681	-98.189987
19.981707	-98.189758
19.979719	-98.189888
19.977734	-98.190208
19.975771	-98.190674
19.973820	-98.190971
19.971846	-98.190620
19.969959	-98.189949
19.968252	-98.188904
19.966568	-98.187813
19.964930	-98.186676
19.963324	-98.185471
19.961746	-98.184242
19.960203	-98.182968
19.958872	-98.181496
19.957802	-98.179794
19.955944	-98.177414
19.954521	-98.176079
19.952574	-98.175613
19.950567	-98.175385
19.947563	-98.175308
19.945560	-98.175194
19.943565	-98.175133
19.941608	-98.175507
19.939653	-98.176033
19.937651	-98.176544
19.936077	-98.175636
19.934750	-98.174095
19.933228	-98.172707
19.931623	-98.171509
19.930107	-98.170212
19.928682	-98.168770
19.927549	-98.167168
19.926981	-98.165237
19.926296	-98.163322
19.925323	-98.161598
19.923723	-98.160362
19.922201	-98.159088
19.921642	-98.157188
19.920586	-98.154366
19.920185	-98.151436
19.920820	-98.149551
19.920135	-98.147659
19.919535	-98.145699
19.918257	-98.144211
19.916332	-98.144104
19.914400	-98.144760
19.912579	-98.145653
19.911015	-98.146912
19.910097	-98.148666
19.909401	-98.150558
19.908787	-98.152473
19.908157	-98.154366
19.907480	-98.156250
19.906551	-98.158028
19.905354	-98.159637
19.903837	-98.160912
19.902180	-98.162056
19.900629	-98.163322
19.899147	-98.164673
19.897800	-98.166153
19.896898	-98.167931
19.896179	-98.169807
19.895859	-98.171783
19.895908	-98.174782
19.896406	-98.176727
19.897427	-98.178444
19.898064	-98.180244
19.897980	-98.182274
19.897472	-98.185234
19.897125	-98.187202
19.896885	-98.189194
19.896814	-98.191200
19.897238	-98.193130
19.897572	-98.195091
19.897141	-98.198074
19.897530	-98.201012
19.897842	-98.202988
19.898197	-98.204948
19.898758	-98.206879
19.899418	-98.208755
19.900181	-98.210609
19.901133	-98.212387
19.901978	-98.214172
19.902271	-98.216232
19.902042	-98.218140
19.900484	-98.219421
19.900099	-98.221390
19.900118	-98.224411
19.900366	-98.226395
19.900917	-98.228317
19.901459	-98.230255
19.901676	-98.232239
19.900812	-98.233948
19.898785	-98.233749
19.896849	-98.233154
19.894991	-98.232407
19.893230	-98.231461
19.890720	-98.229813
19.889011	-98.228767
19.887280	-98.227768
19.883783	-98.225822
19.882090	-98.224762
19.879688	-98.222946
19.878065	-98.221794
19.876322	-98.220825
19.873575	-98.219597
19.871759	-98.218758
19.869135	-98.217300
19.867355	-98.216385
19.865522	-98.215576
19.863855	-98.214500
19.862307	-98.213234
19.859463	-98.212273
19.856649	-98.211235
19.854757	-98.210571
19.852829	-98.210052
19.850857	-98.209679
19.848867	-98.209450
19.846876	-98.209457
19.844881	-98.209709
19.842896	-98.210037
19.840963	-98.210571
19.839239	-98.211548
19.837696	-98.212845
19.836391	-98.214355
19.835161	-98.215935
19.833906	-98.217484
19.833000	-98.219269
19.832235	-98.221115
19.831936	-98.223106
19.831442	-98.224976
19.830236	-98.226616
19.828775	-98.227951
19.827000	-98.228920
19.825285	-98.229973
19.823448	-98.230743
19.821493	-98.231239
19.819504	-98.231361
19.817558	-98.230881
19.815981	-98.229660
19.814363	-98.228470
19.811476	-98.227509
19.809507	-98.227287
19.807693	-98.227989
19.805916	-98.229027
19.803120	-98.230148
19.801399	-98.231110
19.800039	-98.232590
19.797153	-98.235367
19.795624	-98.236649
19.793907	-98.237694
19.792044	-98.238434
19.790091	-98.238831
19.788095	-98.238823
19.786087	-98.238670
19.783087	-98.238548
19.781107	-98.238297
19.779154	-98.237717
19.777237	-98.237885
19.775331	-98.238609
19.773365	-98.238953
19.771372	-98.239143
19.767378	-98.239403
19.763371	-98.239815
19.761419	-98.240234
19.759708	-98.241188
19.758146	-98.242470
19.756535	-98.243675
19.754807	-98.244682
19.753038	-98.245628
19.751266	-98.246590
19.749437	-98.247360
19.747486	-98.247818
19.745493	-98.248016
19.743471	-98.247971
19.741556	-98.247513
19.740271	-98.246666
19.738611	-98.245552
19.736979	-98.244392
19.735434	-98.243126
19.733288	-98.241020
19.731768	-98.239738
19.730358	-98.238319
19.728888	-98.236961
19.727373	-98.235657
19.725868	-98.234329
19.724319	-98.233063
19.722630	-98.232002
19.720785	-98.231201
19.718870	-98.230621
19.716906	-98.230301
19.714905	-98.230125
19.711903	-98.229973
19.709900	-98.229942
19.707895	-98.229958
19.705902	-98.230049
19.703924	-98.230370
19.702105	-98.231171
19.700172	-98.231064
19.698713	-98.229683
19.697397	-98.228149
19.696177	-98.226547
19.694853	-98.225060
19.692633	-98.223030
19.691105	-98.221748
19.689589	-98.220436
19.687952	-98.219284
19.686251	-98.218231
19.684452	-98.217369
19.682545	-98.216759
19.680662	-98.216064
19.678793	-98.215370
19.676859	-98.214867
19.674915	-98.214371
19.671988	-98.213699
19.670029	-98.213303
19.668056	-98.212990
19.665483	-98.212357
19.664074	-98.213203
19.662117	-98.213631
19.659208	-98.214401
19.657293	-98.214973
19.655403	-98.215630
19.652588	-98.216675
19.650717	-98.217384
19.647926	-98.218491
19.646084	-98.219261
19.644297	-98.220169
19.642488	-98.221024
19.640566	-98.221542
19.638594	-98.221931
19.636675	-98.222488
19.634794	-98.223190
19.632980	-98.224014
19.631300	-98.225098
19.629662	-98.226257
19.627964	-98.227318
19.626385	-98.228523
19.623894	-98.230209
19.622332	-98.231453
19.621269	-98.233124
19.620623	-98.235031
19.619743	-98.236832
19.618559	-98.238441
19.617161	-98.239891
19.615433	-98.240868
19.613573	-98.241638
19.611650	-98.242172
19.609671	-98.242516
19.607861	-98.243324
19.605242	-98.244812
19.603464	-98.245728
19.601627	-98.246521
19.599846	-98.247437
19.598089	-98.248375
19.596148	-98.248856
19.594154	-98.249046
19.590151	-98.248962
19.588152	-98.248871
19.586153	-98.248840
19.584145	-98.248856
19.582144	-98.248978
19.580189	-98.249352
19.578259	-98.249901
19.576376	-98.250603
19.574577	-98.251488
19.573074	-98.252792
19.571833	-98.254372
19.570751	-98.256058
19.569937	-98.257881
19.568939	-98.259621
19.567886	-98.261322
19.567114	-98.263161
19.566544	-98.265083
19.565872	-98.268005
19.565462	-98.269966
19.565063	-98.271965
19.564325	-98.273773
19.562851	-98.275085
19.561220	-98.276321
19.559948	-98.277840
19.558861	-98.279526
19.557384	-98.280876
19.555973	-98.282288
19.554926	-98.284035
19.553722	-98.285591
19.551992	-98.286552
19.550117	-98.287361
19.548584	-98.288589
19.547329	-98.290176
19.546129	-98.291809
19.544491	-98.292877
19.542612	-98.293617
19.540716	-98.294281
19.538794	-98.294838
19.536856	-98.295334
19.534897	-98.295723
19.532936	-98.296143
19.530989	-98.296585
19.529001	-98.296844
19.527000	-98.296890
19.525007	-98.296768
19.523083	-98.296219
19.521097	-98.295975
19.519087	-98.296089
19.517378	-98.297073
19.515684	-98.298180
19.513720	-98.298370
19.511711	-98.298225
19.509731	-98.297943
19.505762	-98.297424
19.503773	-98.297203
19.501781	-98.297028
19.498783	-98.296989
19.496782	-98.296944
19.494778	-98.296844
19.492781	-98.296822
19.490807	-98.297050
19.488852	-98.297516
19.485815	-98.297867
19.483883	-98.298279
19.482199	-98.299278
19.480621	-98.300545
19.479151	-98.301964
19.477823	-98.303436
19.476988	-98.306351
19.477114	-98.309303
19.476429	-98.312210
19.475424	-98.313950
19.474077	-98.315430
19.472683	-98.316872
19.471592	-98.318527
19.470690	-98.320320
19.468889	-98.322723
19.467127	-98.325150
19.465857	-98.326691
19.464386	-98.328056
19.462954	-98.329453
19.462070	-98.331230
19.461790	-98.333214
19.461826	-98.337227
19.461948	-98.340240
19.462103	-98.342224
19.462626	-98.344093
19.464437	-98.346527
19.464952	-98.348450
19.464617	-98.350418
19.464533	-98.352402
19.465048	-98.354332
19.466064	-98.356079
19.467457	-98.357491
19.469078	-98.358681
19.470594	-98.359993
19.472126	-98.361267
19.473928	-98.362175
19.475334	-98.363556
19.477200	-98.365921
19.478661	-98.367310
19.479839	-98.368896
19.480719	-98.370705
19.481478	-98.372559
19.482510	-98.375374
19.483276	-98.377228
19.484142	-98.379051
19.485504	-98.380440
19.486923	-98.381813
19.487986	-98.383522
19.488688	-98.385391
19.489954	-98.386917
19.491358	-98.388359
19.492670	-98.389893
19.494177	-98.391136
19.495947	-98.392021
19.497471	-98.393372
19.497881	-98.395271
19.498091	-98.397293
19.498833	-98.399132
19.499779	-98.400909
19.500633	-98.402718
19.501055	-98.404701
19.501657	-98.406570
19.503061	-98.408035
19.504187	-98.409637
19.504637	-98.411591
19.505026	-98.413582
19.505995	-98.415298
19.507034	-98.416992
19.507517	-98.418945
19.508385	-98.420746
19.509438	-98.422455
19.510592	-98.424095
19.511871	-98.425652
19.513447	-98.426826
19.515362	-98.427483
19.517326	-98.427849
19.519161	-98.428650
19.521109	-98.428719
19.523020	-98.428078
19.526901	-98.427109
19.528345	-98.428238
19.528749	-98.430237
19.528555	-98.432243
19.528116	-98.434219
19.526978	-98.435799
19.525309	-98.436958
19.523554	-98.437935
19.521627	-98.438339
19.519623	-98.438522
19.516323	-98.439217
19.512627	-98.440758
19.510757	-98.441467
19.508833	-98.441971
19.506838	-98.442253
19.504911	-98.442749
19.503098	-98.443588
19.500429	-98.444984
19.498833	-98.446175
19.497713	-98.447830
19.496498	-98.449409
19.495245	-98.450958
19.494261	-98.452637
19.491692	-98.454231
19.490025	-98.455330
19.488293	-98.456337
19.486534	-98.457291
19.484674	-98.458015
19.482765	-98.458618
19.480947	-98.459480
19.479593	-98.460922
19.477781	-98.463341
19.476530	-98.464912
19.475372	-98.466537
19.474504	-98.468330
19.473772	-98.470200
19.472931	-98.472015
19.472141	-98.473885
19.471569	-98.475784
19.472200	-98.477669
19.473509	-98.479195
19.475187	-98.480270
19.477146	-98.480698
19.479139	-98.480812
19.481131	-98.480598
19.483122	-98.480362
19.485067	-98.479874
19.487087	-98.479988
19.488789	-98.480949
19.489840	-98.482651
19.490501	-98.484558
19.491302	-98.487419
19.491056	-98.489403
19.490747	-98.491402
19.490484	-98.493408
19.489626	-98.495155
19.488308	-98.496696
19.486965	-98.498192
19.485432	-98.499466
19.483627	-98.500343
19.481743	-98.501053
19.479778	-98.501213
19.477757	-98.501122
19.475798	-98.501419
19.474178	-98.502594
19.472832	-98.504097
19.471861	-98.505852
19.471085	-98.507698
19.470385	-98.509583
19.469816	-98.511497
19.469507	-98.513474
19.469355	-98.515480
19.468937	-98.517426
19.468304	-98.519325
19.467257	-98.522156
19.466627	-98.524048
19.466192	-98.525993
19.466133	-98.528999
19.465979	-98.530983
19.465452	-98.532928
19.464739	-98.534782
19.463793	-98.536545
19.462763	-98.539375
19.461935	-98.541183
19.460777	-98.542824
19.459370	-98.544250
19.457602	-98.545319
19.457087	-98.547096
19.457150	-98.549187
19.457256	-98.551193
19.457134	-98.553177
19.456682	-98.555138
19.455790	-98.556915
19.454672	-98.558586
19.453485	-98.560196
19.452478	-98.561920
19.450878	-98.563126
19.450327	-98.565834
19.450768	-98.567795
19.451277	-98.569733
19.451746	-98.571686
19.452438	-98.573547
19.453459	-98.575272
19.454384	-98.577049
19.455070	-98.578934
19.455883	-98.580750
19.457047	-98.582382
19.458130	-98.584068
19.459274	-98.585701
19.461466	-98.587761
19.462757	-98.589272
19.464035	-98.590805
19.465546	-98.592117
19.466850	-98.593636
19.467970	-98.595306
19.468748	-98.597137
19.469618	-98.600037
19.470114	-98.601990
19.470474	-98.603958
19.470646	-98.605927
19.470385	-98.607887
19.469908	-98.609863
19.469587	-98.611847
19.469561	-98.613846
19.469685	-98.615845
19.470001	-98.617828
19.470255	-98.619804
19.470140	-98.621796
19.469757	-98.624779
19.469416	-98.626755
19.469019	-98.628723
19.468390	-98.630600
19.466913	-98.631966
19.465570	-98.633453
19.464668	-98.635262
19.464689	-98.638206
19.464502	-98.640732
19.462202	-98.642204
19.456905	-98.645897
19.453089	-98.650925
19.450802	-98.657784
19.449747	-98.662132
19.448345	-98.665459
19.446428	-98.667747
19.443220	-98.671112
19.440208	-98.675858
19.438967	-98.678993
19.438232	-98.682991
19.439062	-98.686890
19.439051	-98.689941
19.438711	-98.691856
19.437346	-98.693359
19.436378	-98.695076
19.435610	-98.697998
19.435148	-98.699951
19.434479	-98.701820
19.433451	-98.703545
19.432028	-98.706184
19.431129	-98.707977
19.429615	-98.710587
19.428385	-98.712151
19.426741	-98.713249
19.424948	-98.714188
19.423311	-98.715347
19.421789	-98.716652
19.420198	-98.717857
19.418442	-98.718788
19.416586	-98.719543
19.414703	-98.720245
19.411880	-98.721268
19.409979	-98.721893
19.408051	-98.722382
19.406317	-98.721413
19.404530	-98.722099
19.403097	-98.723373
19.401171	-98.723900
19.398193	-98.724503
19.395220	-98.724899
19.391260	-98.725479
19.389284	-98.725784
19.385344	-98.726448
19.383375	-98.726807
19.381411	-98.727180
19.376492	-98.728073
19.373528	-98.728554
19.371548	-98.728851
19.369558	-98.729050
19.367563	-98.729118
19.365561	-98.729111
19.362560	-98.729004
19.359564	-98.728806
19.357573	-98.728584
19.355600	-98.728287
19.353643	-98.727875
19.350733	-98.727127
19.348806	-98.726593
19.346893	-98.725998
19.345015	-98.725327
19.341358	-98.723679
19.339512	-98.722916
19.337591	-98.722382
19.335617	-98.722015
19.333679	-98.721542
19.331873	-98.720680
19.329870	-98.720467
19.328018	-98.719803
19.326286	-98.718781
19.322763	-98.716873
19.321039	-98.715858
19.318506	-98.714249
19.316856	-98.713097
19.315159	-98.712044
19.313322	-98.711273
19.311394	-98.710670
19.309427	-98.710251
19.307459	-98.710091
19.305466	-98.710335
19.303478	-98.710693
19.301525	-98.711250
19.299582	-98.711533
19.297573	-98.711197
19.295799	-98.710342
19.293591	-98.708267
19.289835	-98.704964
19.288202	-98.703651
19.286427	-98.702713
19.284582	-98.701950
19.282640	-98.701508
19.280661	-98.701180
19.278643	-98.700859
19.276833	-98.700233
19.275763	-98.698502
19.272856	-98.695663
19.270960	-98.695396
19.268959	-98.695419
19.264921	-98.695709
19.259007	-98.696716
19.256086	-98.696007
19.254236	-98.695267
19.252466	-98.694336
19.250755	-98.693283
19.248896	-98.692596
19.246929	-98.692184
19.244972	-98.691628
19.243093	-98.691986
19.241264	-98.692879
19.239388	-98.693558
19.237432	-98.694000
19.235441	-98.694153
19.233448	-98.693970
19.231470	-98.693718
19.229462	-98.693771
19.227547	-98.694298
19.225651	-98.694946
19.223646	-98.695061
19.221684	-98.694466
19.219986	-98.693459
19.219076	-98.691727
19.218485	-98.689758
19.217968	-98.687820
19.217661	-98.685837
19.216808	-98.684067
19.215906	-98.682281
19.214846	-98.680756
19.213249	-98.679482
19.212030	-98.677963
19.211405	-98.675003
19.211117	-98.673019
19.210773	-98.671051
19.210260	-98.669121
19.209700	-98.667198
19.209332	-98.665222
19.208481	-98.663445
19.207239	-98.661850
19.206385	-98.660141
19.206564	-98.658058
19.205450	-98.656616
19.203678	-98.655502
19.202084	-98.654259
19.200533	-98.653008
19.198700	-98.652176
19.196714	-98.651901
19.194746	-98.652184
19.192833	-98.652771
19.189032	-98.654083
19.187120	-98.654655
19.185112	-98.654861
19.183155	-98.654564
19.181311	-98.653778
19.179556	-98.652794
19.177929	-98.651619
19.175339	-98.650085
19.173534	-98.649193
19.171654	-98.648598
19.169664	-98.648453
19.167643	-98.648438
19.165655	-98.648186
19.163679	-98.647835
19.161694	-98.647697
19.159698	-98.647766
19.156700	-98.648003
19.154703	-98.648148
19.151716	-98.648399
19.149727	-98.648598
19.147701	-98.648735
19.145729	-98.649033
19.143980	-98.649918
19.141584	-98.651779
19.140121	-98.653168
19.138330	-98.653999
19.136438	-98.654655
19.122580	-98.652710
19.116804	-98.650208
19.112017	-98.647514
19.108374	-98.644592
19.103931	-98.641296
19.097763	-98.639076
19.092482	-98.640358
19.089491	-98.642624
19.086039	-98.644402
19.083393	-98.645821
19.078800	-98.647224
19.073875	-98.647423
19.069998	-98.645348
19.065784	-98.642052
19.063856	-98.639626
19.061695	-98.637321
19.058163	-98.635002
19.051317	-98.631691
19.047998	-98.631058
19.043524	-98.631744
19.041105	-98.634010
19.041298	-98.637024
19.041300	-98.638596
19.040438	-98.646538
19.040474	-98.650429
19.040501	-98.653160
19.041616	-98.657150
19.044086	-98.663437
19.045639	-98.670197
19.047663	-98.675270
19.051754	-98.679649
19.055281	-98.682930
19.059706	-98.688026
19.065039	-98.694817
19.067755	-98.699059
19.071161	-98.702942
19.075359	-98.708160
19.079544	-98.715065
19.083958	-98.722328
19.088354	-98.731041
19.090145	-98.736839
19.091116	-98.744682
19.093010	-98.751930
19.092894	-98.766991
19.091583	-98.773483
19.090048	-98.780098
19.087234	-98.788269
19.087063	-98.795609
19.086561	-98.801392
19.083984	-98.808716
19.083359	-98.815941
19.082500	-98.823532
19.082701	-98.827148
19.082787	-98.830757
19.083323	-98.835701
19.085558	-98.842834
19.088032	-98.849236
19.091534	-98.855415
19.094025	-98.859161
19.097431	-98.862930
19.100939	-98.868744
19.104559	-98.874321
19.106136	-98.878189
19.107580	-98.883987
19.106949	-98.891449
19.105879	-98.896858
19.104366	-98.900108
19.102390	-98.903702
19.098673	-98.910538
19.095428	-98.915451
19.091734	-98.919395
19.087006	-98.923813
19.084229	-98.927162
19.082829	-98.930641
19.081297	-98.936172
19.081375	-98.940994
19.082239	-98.947746
19.084602	-98.953186
19.086754	-98.956459
19.089478	-98.959976
19.093220	-98.964706
19.095680	-98.972321
19.095652	-98.976418
19.096870	-98.981728
19.098892	-98.987045
19.101498	-98.990807
19.104666	-98.996010
19.105106	-98.998306
19.105656	-99.001442
19.105747	-99.004211
19.106178	-99.007950
19.106491	-99.011932
19.106230	-99.016022
19.106306	-99.020966
19.106730	-99.025665
19.108641	-99.030502
19.110218	-99.034012
19.114531	-99.038986
19.117254	-99.042267
19.121916	-99.047005
19.126925	-99.051140
19.131475	-99.055038
19.135571	-99.058929
19.138622	-99.063896
19.140083	-99.067879
19.141068	-99.073792
19.144115	-99.079964
19.148315	-99.084938
19.150808	-99.088211
19.152836	-99.092812
19.153488	-99.097511
19.153452	-99.102211
19.152388	-99.106422
19.150185	-99.110260
19.145920	-99.113594
19.144066	-99.116348
19.141296	-99.118858
19.135654	-99.122787
19.131063	-99.124550
19.125660	-99.127151
19.117933	-99.133606
19.114262	-99.134537
19.110359	-99.135460
19.105543	-99.136139
19.100380	-99.137543
19.097717	-99.141022
19.095285	-99.144852
19.093878	-99.148819
19.093609	-99.154114
19.093113	-99.159653
19.091702	-99.164223
19.092695	-99.168922
19.094151	-99.173515
19.095507	-99.175819
19.096968	-99.179329
19.097729	-99.184753
19.099190	-99.188370
19.102823	-99.192627
19.106928	-99.195305
19.111494	-99.197403
19.117762	-99.201675
19.121634	-99.204353
19.125860	-99.205841
19.129738	-99.208038
19.132471	-99.209747
19.136349	-99.212311
19.140345	-99.213791
19.144346	-99.214790
19.149960	-99.214722
19.154654	-99.215126
19.159107	-99.216728
19.163563	-99.218208
19.168940	-99.219345
19.173273	-99.221428
19.176697	-99.223503
19.178503	-99.226776
19.180532	-99.230766
19.183598	-99.234528
19.186331	-99.236839
19.189978	-99.239037
19.194550	-99.240646
19.197275	-99.243317
19.199192	-99.247314
19.201115	-99.250580
19.203491	-99.254097
19.206108	-99.256767
19.207579	-99.258827
19.209852	-99.261497
19.213026	-99.265503
19.213808	-99.268044
19.214012	-99.271538
19.214214	-99.275269
19.213499	-99.278877
19.213133	-99.281769
19.212196	-99.284409
19.210575	-99.286446
19.208157	-99.288597
19.205505	-99.290619
19.201946	-99.292038
19.199875	-99.293343
19.196659	-99.294281
19.190331	-99.297836
19.186081	-99.299973
19.182396	-99.302109
19.179293	-99.303528
19.170660	-99.315834
19.173513	-99.315269
19.177441	-99.313942
19.181826	-99.313599
19.187826	-99.312775
19.192677	-99.312302
19.199259	-99.311234
19.204338	-99.310158
19.212191	-99.308609
19.218189	-99.308762
19.223143	-99.310860
19.226233	-99.316864
19.228165	-99.323593
19.228600	-99.329582
19.227997	-99.336174
19.227406	-99.339348
19.229128	-99.341797
19.233624	-99.342186
19.237787	-99.339760
19.244715	-99.338577
19.251183	-99.337013
19.257538	-99.334846
19.263796	-99.333786
19.269197	-99.332581
19.274969	-99.332245
19.280848	-99.332886
19.284767	-99.334610
19.288326	-99.338539
19.291878	-99.343925
19.292786	-99.348206
19.293688	-99.353462
19.296904	-99.356659
19.301498	-99.361076
19.302980	-99.365608
19.303770	-99.369888
19.309517	-99.374680
19.316418	-99.379967
19.323790	-99.383293
19.330006	-99.386017
19.334265	-99.388237
19.338984	-99.391068
19.341402	-99.391747
19.343983	-99.397346
19.346827	-99.401199
19.351433	-99.404327
19.353292	-99.403671
19.354624	-99.402176
19.356133	-99.400940
19.358105	-99.400452
19.360088	-99.400246
19.364103	-99.400108
19.365952	-99.399361
19.367292	-99.397903
19.367714	-99.395943
19.368841	-99.394348
19.370783	-99.394325
19.372837	-99.394608
19.374807	-99.395050
19.376690	-99.395805
19.378084	-99.397156
19.379379	-99.398720
19.380981	-99.399918
19.382919	-99.400299
19.384926	-99.400558
19.387856	-99.401237
19.389820	-99.401566
19.391809	-99.401451
19.393803	-99.401192
19.396791	-99.400864
19.398754	-99.400497
19.400648	-99.399826
19.402369	-99.398811
19.403820	-99.397430
19.405060	-99.395836
19.405373	-99.393883
19.406021	-99.391998
19.407055	-99.390305
19.408298	-99.388718
19.409483	-99.387070
19.411160	-99.386086
19.414991	-99.384827
19.416954	-99.384453
19.418949	-99.384315
19.420956	-99.384445
19.422920	-99.384842
19.424803	-99.385521
19.426437	-99.386650
19.428015	-99.387901
19.429790	-99.388824
19.431486	-99.389870
19.433079	-99.391106
19.434555	-99.392448
19.435722	-99.394058
19.436792	-99.395752
19.438004	-99.397346
19.439373	-99.398811
19.440683	-99.400322
19.441849	-99.401947
19.442858	-99.403671
19.443815	-99.405426
19.444839	-99.407181
19.445402	-99.409035
19.445375	-99.412079
19.446262	-99.413818
19.447687	-99.415215
19.449972	-99.417198
19.452204	-99.419205
19.453766	-99.420456
19.455387	-99.421616
19.457052	-99.422729
19.458801	-99.423691
19.463261	-99.425980
19.464849	-99.427185
19.466333	-99.428558
19.468100	-99.429398
19.470078	-99.429832
19.472063	-99.430122
19.474064	-99.430298
19.475994	-99.430756
19.477854	-99.431503
19.480589	-99.432755
19.482355	-99.433685
19.484982	-99.435135
19.486794	-99.435989
19.488543	-99.436958
19.490253	-99.437988
19.491917	-99.439110
19.493353	-99.440498
19.494637	-99.442039
19.495710	-99.443718
19.496271	-99.445641
19.496649	-99.447609
19.497234	-99.450546
19.497503	-99.452553
19.498714	-99.454102
19.500393	-99.455200
19.502235	-99.455940
19.504234	-99.456253
19.506212	-99.456139
19.509171	-99.455536
19.511160	-99.455467
19.513096	-99.455978
19.514978	-99.456596
19.516233	-99.458138
19.517103	-99.461021
19.516960	-99.463013
19.516367	-99.466980
19.516108	-99.468994
19.514929	-99.470451
19.514193	-99.472313
19.513603	-99.474228
19.512939	-99.476128
19.511557	-99.477531
19.510027	-99.478844
19.508940	-99.480537
19.508596	-99.482468
19.509233	-99.484421
19.510464	-99.485916
19.512270	-99.486885
19.514080	-99.487770
19.516026	-99.488136
19.518009	-99.488312
19.519709	-99.489388
19.521032	-99.490875
19.521769	-99.492737
19.522062	-99.494781
19.523010	-99.496346
19.524937	-99.497002
19.527914	-99.496506
19.529778	-99.495766
19.531649	-99.495079
19.533648	-99.495117
19.535709	-99.495338
19.537096	-99.496490
19.537642	-99.498497
19.537743	-99.500496
19.537888	-99.502495
19.537754	-99.504478
19.537304	-99.506439
19.536676	-99.508324
19.537148	-99.510284
19.538342	-99.511894
19.540077	-99.512840
19.541758	-99.513916
19.543371	-99.515083
19.544262	-99.516884
19.544966	-99.518753
19.545731	-99.520622
19.546951	-99.522141
19.548731	-99.523125
19.550655	-99.523659
19.552633	-99.523567
19.553921	-99.522026
19.554611	-99.520142
19.554585	-99.517151
19.554775	-99.514153
19.554615	-99.512154
19.554810	-99.509186
19.556635	-99.508392
19.558620	-99.508186
19.560583	-99.508682
19.562380	-99.509552
19.564804	-99.511307
19.566652	-99.512085
19.568245	-99.513298
19.569653	-99.514717
19.571829	-99.516762
19.573643	-99.519150
19.575218	-99.520393
19.576992	-99.521324
19.578905	-99.521866
19.580894	-99.522240
19.582569	-99.523148
19.583660	-99.524864
19.584448	-99.526703
19.585691	-99.528252
19.587385	-99.529320
19.589304	-99.529869
19.590794	-99.530449
19.592062	-99.531044
19.593821	-99.531990
19.595667	-99.532806
19.597101	-99.534081
19.597826	-99.535957
19.598789	-99.538811
19.599632	-99.540604
19.600817	-99.542221
19.602295	-99.544830
19.604065	-99.547256
19.605225	-99.548920
19.606861	-99.549919
19.608795	-99.550522
19.610525	-99.551529
19.612368	-99.552299
19.614292	-99.552841
19.616255	-99.553253
19.618244	-99.553413
19.621244	-99.553497
19.623240	-99.553711
19.625187	-99.554153
19.627073	-99.554878
19.628611	-99.556076
19.629871	-99.557671
19.631536	-99.558701
19.633488	-99.559181
19.635443	-99.559601
19.638355	-99.560387
19.640167	-99.561172
19.643280	-99.563713
19.645548	-99.565636
19.646736	-99.567261
19.648035	-99.568771
19.649582	-99.570045
19.651232	-99.571175
19.652990	-99.572136
19.654839	-99.572891
19.656748	-99.573502
19.658697	-99.573921
19.661682	-99.574272
19.663675	-99.574448
19.668343	-99.574821
19.675541	-99.577347
19.677553	-99.577415
19.679558	-99.577553
19.683552	-99.577934
19.685541	-99.578171
19.687506	-99.578506
19.689432	-99.579002
19.691313	-99.579689
19.693157	-99.580498
19.694975	-99.581337
19.696760	-99.582253
19.698441	-99.583336
19.699863	-99.584770
19.701344	-99.586052
19.705307	-99.586746
19.707262	-99.587227
19.709118	-99.587944
19.710913	-99.589050
19.711832	-99.590645
19.711832	-99.592705
19.711519	-99.594711
19.710915	-99.596642
19.710691	-99.598633
19.710724	-99.600655
19.711090	-99.602592
19.712189	-99.604301
19.713682	-99.605629
19.715309	-99.606842
19.717045	-99.607841
19.718906	-99.608505
19.720900	-99.608864
19.722906	-99.609016
19.724892	-99.608879
19.726889	-99.608620
19.728889	-99.608551
19.730902	-99.608734
19.732748	-99.609406
19.734467	-99.610466
19.736271	-99.611420
19.738123	-99.612114
19.740108	-99.612122
19.742077	-99.611633
19.743910	-99.610832
19.745638	-99.609795
19.747202	-99.608559
19.748665	-99.607185
19.750154	-99.605820
19.751656	-99.604370
19.753323	-99.603584
19.755322	-99.604134
19.757214	-99.604813
19.759054	-99.605606
19.760832	-99.606522
19.762545	-99.607559
19.764204	-99.608681
19.765818	-99.609863
19.767368	-99.611130
19.768799	-99.612526
19.770142	-99.614021
19.771597	-99.615379
19.773230	-99.616524
19.774925	-99.617599
19.776600	-99.618698
19.778309	-99.619743
19.780127	-99.620567
19.781982	-99.621307
19.783747	-99.622246
19.785442	-99.623314
19.787146	-99.624367
19.788900	-99.625328
19.790590	-99.626389
19.792130	-99.627670
19.793638	-99.628983
19.795261	-99.630157
19.796946	-99.631241
19.798681	-99.632233
19.800520	-99.633026
19.802385	-99.633766
19.804104	-99.634766
19.805660	-99.636040
19.807386	-99.637009
19.809317	-99.637581
19.811255	-99.638077
19.813198	-99.638557
19.815155	-99.638985
19.817120	-99.639343
19.819139	-99.639511
19.821154	-99.639648
19.823080	-99.640030
19.824858	-99.640976
19.826296	-99.642387
19.827154	-99.644180
19.827894	-99.646065
19.828682	-99.647903
19.829502	-99.649734
19.830359	-99.651535
19.831190	-99.653351
19.831898	-99.655235
19.832668	-99.657089
19.833723	-99.658775
19.834957	-99.660355
19.836275	-99.661865
19.837685	-99.663284
19.839182	-99.664619
19.840832	-99.665787
19.842117	-99.667358
19.843229	-99.669151
19.843557	-99.670937
19.842541	-99.672653
19.839220	-99.680962
19.839563	-99.683945
19.840042	-99.685898
19.839743	-99.687859
19.839684	-99.690826
19.839857	-99.692825
19.839966	-99.695824
19.839928	-99.698807
19.840790	-99.700600
19.842014	-99.702194
19.843109	-99.703888
19.843815	-99.705742
19.844000	-99.707764
19.843573	-99.709702
19.842791	-99.711578
19.841467	-99.712997
19.840591	-99.714546
19.840845	-99.717590
19.841307	-99.719566
19.841898	-99.721481
19.843170	-99.722954
19.844702	-99.724281
19.845879	-99.725899
19.847141	-99.727470
19.848164	-99.729149
19.848587	-99.731102
19.848925	-99.733093
19.849415	-99.735031
19.850471	-99.738899
19.850908	-99.740845
19.851126	-99.742828
19.851021	-99.744835
19.850546	-99.746780
19.850264	-99.748749
19.850218	-99.750748
19.850239	-99.752754
19.850315	-99.754753
19.850698	-99.756714
19.851536	-99.758537
19.852716	-99.760132
19.854216	-99.761475
19.855310	-99.763145
19.856537	-99.764717
19.857996	-99.766098
19.859627	-99.767227
19.861589	-99.767677
19.864525	-99.768295
19.866461	-99.768799
19.868387	-99.769341
19.870234	-99.770096
19.872030	-99.770973
19.873772	-99.771957
19.875477	-99.773010
19.877241	-99.773949
19.878998	-99.774948
19.880003	-99.776627
19.880623	-99.778564
19.881914	-99.780022
19.883863	-99.780411
19.885847	-99.780769
19.887613	-99.781647
19.889227	-99.782837
19.890718	-99.784241
19.891882	-99.785820
19.892128	-99.787865
19.892452	-99.789787
19.894325	-99.790565
19.895477	-99.791969
19.895935	-99.793999
19.896891	-99.795746
19.897968	-99.797440
19.898983	-99.799164
19.899839	-99.800972
19.900545	-99.802841
19.901030	-99.804756
19.902300	-99.806328
19.903902	-99.807526
19.905397	-99.808815
19.906422	-99.810547
19.907894	-99.811897
19.909407	-99.813202
19.910408	-99.814934
19.911602	-99.816521
19.913090	-99.817863
19.914391	-99.819389
19.915630	-99.820976
19.916979	-99.822433
19.918667	-99.823540
19.920582	-99.824165
19.922577	-99.824219
19.924234	-99.823067
19.925344	-99.821419
19.926264	-99.819618
19.926945	-99.817749
19.927305	-99.815765
19.927927	-99.813873
19.928886	-99.812111
19.929949	-99.810410
19.931082	-99.808739
19.932423	-99.807281
19.934145	-99.806206
19.936085	-99.805847
19.938112	-99.805962
19.940102	-99.806290
19.941986	-99.806931
19.943579	-99.808121
19.945225	-99.809319
19.946398	-99.810699
19.946667	-99.812737
19.947111	-99.814690
19.947464	-99.816666
19.947935	-99.818596
19.948626	-99.819916
19.950056	-99.821327
19.951700	-99.822464
19.953571	-99.823151
19.955564	-99.823471
19.957539	-99.823318
19.959497	-99.822838
19.961372	-99.822144
19.963165	-99.821236
19.964981	-99.820419
19.966959	-99.820068
19.968966	-99.820076
19.970873	-99.820671
19.972420	-99.821938
19.973747	-99.823448
19.974644	-99.825241
19.976032	-99.827904
19.977484	-99.830544
19.978344	-99.832336
19.970758	-99.848877
19.970652	-99.850868
19.970585	-99.852882
19.970600	-99.854889
19.970804	-99.856865
19.971336	-99.858780
19.972050	-99.860664
19.972698	-99.862564
19.973293	-99.864494
19.974007	-99.866364
19.974989	-99.868088
19.976128	-99.869720
19.977348	-99.871307
19.978609	-99.872871
19.979860	-99.874443
19.981121	-99.875999
19.982477	-99.877464
19.983969	-99.878799
19.985443	-99.880157
19.986855	-99.881592
19.988182	-99.883087
19.989285	-99.884743
19.990219	-99.886520
19.991009	-99.888374
19.991636	-99.890266
19.992115	-99.892220
19.992420	-99.894218
19.992514	-99.896210
19.992205	-99.898186
19.991610	-99.900108
19.990873	-99.901970
19.989914	-99.903732
19.988733	-99.905342
19.987373	-99.906822
19.985876	-99.908150
19.984247	-99.909317
19.982553	-99.910378
19.980808	-99.911354
19.979052	-99.912323
19.977287	-99.913269
19.975760	-99.914566
19.974539	-99.916153
19.973785	-99.917999
19.973351	-99.919975
19.973040	-99.921959
19.972853	-99.923973
19.972914	-99.925949
19.973335	-99.927895
19.973991	-99.929802
19.974674	-99.931702
19.975323	-99.933601
19.976030	-99.935471
19.976870	-99.937279
19.977879	-99.938995
19.979012	-99.940659
19.980227	-99.942253
19.981487	-99.943817
19.983044	-99.945183
19.984606	-99.946533
19.985516	-99.948151
19.985676	-99.950073
19.985493	-99.952141
19.985350	-99.954201
19.985327	-99.958214
19.985350	-99.960213
19.985447	-99.962196
19.985569	-99.964226
19.985731	-99.966240
19.986040	-99.968216
19.986586	-99.970108
19.987490	-99.971962
19.988712	-99.973618
19.990196	-99.974815
19.992186	-99.975342
19.994221	-99.975319
19.996197	-99.974922
19.998106	-99.974197
19.999794	-99.973190
20.001308	-99.971870
20.002708	-99.970398
20.004036	-99.968903
20.005270	-99.967323
20.006451	-99.965714
20.007608	-99.964073
20.008717	-99.962418
20.009781	-99.960724
20.010809	-99.959007
20.011801	-99.957268
20.012754	-99.955505
20.013647	-99.953712
20.014500	-99.951897
20.015368	-99.950104
20.016317	-99.948341
20.017309	-99.946587
20.018349	-99.944862
20.019480	-99.943214
20.020761	-99.941704
20.022270	-99.940392
20.023954	-99.939255
20.025709	-99.938301
20.027576	-99.937614
20.029535	-99.937134
20.033419	-99.936150
20.037298	-99.935165
20.039263	-99.934708
20.041241	-99.934273
20.043135	-99.933685
20.044796	-99.932663
20.046192	-99.931175
20.047537	-99.929672
20.049162	-99.928535
20.050959	-99.927612
20.052830	-99.926910
20.054932	-99.926636
20.056051	-99.927971
20.056381	-99.930046
20.056295	-99.932060
20.055973	-99.934036
20.055559	-99.935997
20.055191	-99.937958
20.054899	-99.939941
20.054371	-99.943893
20.054058	-99.945885
20.053707	-99.947845
20.053450	-99.949837
20.053417	-99.951828
20.053511	-99.953835
20.053547	-99.955826
20.053616	-99.963829
20.053614	-99.965828
20.053637	-99.967834
20.053747	-99.969826
20.053972	-99.971809
20.054249	-99.973801
20.054499	-99.975777
20.054708	-99.977776
20.054825	-99.979767
20.054796	-99.981773
20.054749	-99.983772
20.054813	-99.985771
20.055019	-99.987747
20.055578	-99.991714
20.056087	-99.995689
20.056366	-99.997673
20.056736	-99.999634
20.057236	-100.001564
20.057640	-100.003502
20.058752	-100.005180
20.059841	-100.006859
20.060947	-100.008522
20.062063	-100.010185
20.063267	-100.011787
20.064709	-100.013161
20.066261	-100.014435
20.067871	-100.015625
20.069551	-100.016724
20.071312	-100.017670
20.073168	-100.018410
20.075073	-100.019028
20.076963	-100.019691
20.078737	-100.020599
20.080399	-100.021729
20.082020	-100.022903
20.083574	-100.024162
20.084936	-100.025650
20.086374	-100.027016
20.088133	-100.027924
20.090006	-100.028679
20.091848	-100.029465
20.095478	-100.031151
20.097307	-100.031960
20.099209	-100.032631
20.101030	-100.033432
20.102720	-100.034523
20.104362	-100.035728
20.105831	-100.037086
20.107010	-100.038651
20.107882	-100.040474
20.108509	-100.042412
20.108910	-100.044357
20.109062	-100.046356
20.109152	-100.048370
20.109324	-100.050362
20.110046	-100.058327
20.110849	-100.066292
20.111031	-100.068283
20.111185	-100.070282
20.111357	-100.072273
20.111567	-100.074257
20.111841	-100.076241
20.112165	-100.078232
20.112583	-100.080193
20.113173	-100.082092
20.114000	-100.083908
20.115046	-100.085632
20.116230	-100.087257
20.117571	-100.088722
20.120550	-100.091415
20.121983	-100.092812
20.123404	-100.094215
20.126238	-100.097038
20.127666	-100.098442
20.129072	-100.099869
20.130413	-100.101349
20.131701	-100.102875
20.132965	-100.104431
20.134212	-100.105995
20.135464	-100.107552
20.136732	-100.109100
20.138033	-100.110619
20.139347	-100.112129
20.140692	-100.113609
20.142069	-100.115059
20.143496	-100.116463
20.144957	-100.117828
20.146441	-100.119164
20.149431	-100.121826
20.150911	-100.123177
20.152363	-100.124542
20.153795	-100.125954
20.155188	-100.127403
20.156481	-100.128922
20.157640	-100.130547
20.158682	-100.132271
20.159586	-100.134064
20.160297	-100.135918
20.160658	-100.137886
20.161057	-100.139984
20.161079	-100.141884
20.161221	-100.143883
20.161419	-100.145874
20.161777	-100.147835
20.162388	-100.149742
20.163076	-100.151634
20.163614	-100.153557
20.163839	-100.155525
20.163845	-100.157532
20.163780	-100.159538
20.163765	-100.163544
20.163738	-100.167542
20.163750	-100.169548
20.163673	-100.171539
20.163439	-100.173531
20.163315	-100.175537
20.163206	-100.177605
20.163383	-100.179550
20.164425	-100.181175
20.166035	-100.182487
20.167643	-100.183723
20.169384	-100.184685
20.171291	-100.185143
20.174543	-100.185440
20.181898	-100.187393
20.185816	-100.188278
20.187704	-100.188889
20.189341	-100.190018
20.190939	-100.191254
20.192575	-100.192398
20.195929	-100.194603
20.197651	-100.195618
20.199480	-100.196388
20.201414	-100.196930
20.203382	-100.197327
20.205364	-100.197548
20.207371	-100.197609
20.209373	-100.197639
20.211372	-100.197617
20.213379	-100.197701
20.215385	-100.197937
20.217228	-100.198647
20.218718	-100.199997
20.219814	-100.201691
20.220577	-100.203537
20.220924	-100.205498
20.221167	-100.207504
20.221479	-100.209480
20.221771	-100.211464
20.221991	-100.213455
20.222065	-100.215462
20.222246	-100.217445
20.222801	-100.219353
20.223415	-100.221268
20.223787	-100.223228
20.224113	-100.225204
20.224504	-100.227158
20.224913	-100.229126
20.225340	-100.231071
20.225792	-100.233032
20.226219	-100.235001
20.226749	-100.236923
20.227545	-100.238739
20.228676	-100.240395
20.231117	-100.243584
20.233618	-100.246704
20.236271	-100.249779
20.237347	-100.251427
20.237955	-100.253281
20.238213	-100.255295
20.238358	-100.257324
20.238359	-100.259323
20.238304	-100.261330
20.237902	-100.263908
20.239065	-100.265350
20.241869	-100.265381
20.243847	-100.265495
20.245880	-100.265190
20.247732	-100.264503
20.249228	-100.263191
20.250687	-100.261757
20.252296	-100.260567
20.253941	-100.259415
20.255529	-100.258202
20.256977	-100.256836
20.258265	-100.255318
20.259474	-100.253716
20.260708	-100.252129
20.262060	-100.250542
20.263559	-100.248985
20.265162	-100.248726
20.266899	-100.249886
20.268429	-100.251366
20.269520	-100.253075
20.270029	-100.254997
20.270357	-100.256966
20.270554	-100.258987
20.270645	-100.260979
20.270439	-100.262970
20.270107	-100.264954
20.270069	-100.267014
20.271114	-100.268539
20.273077	-100.269203
20.275114	-100.269402
20.276896	-100.268585
20.278221	-100.267052
20.278936	-100.265205
20.279390	-100.263214
20.279665	-100.261215
20.279799	-100.259193
20.280554	-100.257370
20.281921	-100.255852
20.283701	-100.255089
20.285727	-100.254723
20.287687	-100.254333
20.289654	-100.253967
20.291611	-100.253540
20.293520	-100.252937
20.295416	-100.252281
20.297367	-100.251930
20.299364	-100.251823
20.301371	-100.251762
20.303364	-100.251579
20.307343	-100.251144
20.311316	-100.250702
20.313311	-100.250511
20.315302	-100.250404
20.317305	-100.250465
20.319298	-100.250336
20.321281	-100.250069
20.323240	-100.249641
20.325092	-100.248894
20.326864	-100.247948
20.328447	-100.246742
20.330051	-100.245552
20.331705	-100.244423
20.333279	-100.243187
20.334810	-100.241882
20.336260	-100.240517
20.337421	-100.238838
20.338772	-100.237457
20.340765	-100.237122
20.342724	-100.237686
20.344204	-100.238968
20.345442	-100.240585
20.346735	-100.242104
20.348005	-100.243660
20.349230	-100.245239
20.350430	-100.246841
20.351563	-100.248489
20.352716	-100.250122
20.354088	-100.251572
20.355536	-100.252960
20.356968	-100.254364
20.358442	-100.255714
20.360180	-100.256683
20.362043	-100.257439
20.363928	-100.258110
20.365816	-100.258766
20.367676	-100.259506
20.369480	-100.260361
20.371269	-100.261261
20.373072	-100.262131
20.374874	-100.262985
20.376686	-100.263840
20.378508	-100.264664
20.380350	-100.265442
20.382212	-100.266174
20.384079	-100.266891
20.385950	-100.267593
20.387827	-100.268288
20.389709	-100.268967
20.391600	-100.269623
20.393497	-100.270248
20.397352	-100.271347
20.399244	-100.271973
20.401031	-100.272858
20.402805	-100.273796
20.404619	-100.274643
20.406477	-100.275375
20.408381	-100.275993
20.410313	-100.276520
20.412275	-100.276909
20.414257	-100.277222
20.416218	-100.277618
20.418118	-100.278206
20.419977	-100.278946
20.421810	-100.279770
20.423622	-100.280617
20.425407	-100.281517
20.427181	-100.282440
20.428963	-100.283348
20.430737	-100.284309
20.432508	-100.285309
20.434301	-100.286201
20.436148	-100.286842
20.438128	-100.287048
20.440166	-100.286880
20.442139	-100.286530
20.444077	-100.285942
20.445877	-100.285088
20.447329	-100.283722
20.448618	-100.282150
20.449930	-100.280663
20.451736	-100.279861
20.453659	-100.279213
20.455437	-100.278297
20.457157	-100.277267
20.458809	-100.276138
20.460274	-100.274788
20.461645	-100.273323
20.463280	-100.272163
20.464952	-100.271072
20.466345	-100.269646
20.467655	-100.268127
20.469122	-100.266762
20.470686	-100.265503
20.472403	-100.264511
20.474276	-100.263786
20.476162	-100.263100
20.478062	-100.262459
20.479918	-100.261726
20.481636	-100.260712
20.483330	-100.259636
20.485138	-100.258774
20.486986	-100.257980
20.488745	-100.257050
20.490358	-100.255867
20.491831	-100.254486
20.493074	-100.252937
20.493883	-100.251091
20.494574	-100.249168
20.494680	-100.247238
20.494032	-100.245323
20.493231	-100.243469
20.492348	-100.241661
20.491709	-100.239738
20.491333	-100.237778
20.491499	-100.235809
20.491896	-100.233849
20.492445	-100.231895
20.493088	-100.230003
20.493879	-100.228149
20.494864	-100.226395
20.496056	-100.224815
20.497435	-100.223358
20.498905	-100.221985
20.500383	-100.220627
20.501883	-100.219292
20.503452	-100.218056
20.505131	-100.216988
20.506907	-100.216064
20.508701	-100.215164
20.510454	-100.214195
20.512138	-100.213127
20.513794	-100.212006
20.515455	-100.210892
20.517160	-100.209846
20.518911	-100.208862
20.520643	-100.207863
20.522289	-100.206741
20.523848	-100.205475
20.525419	-100.204239
20.527035	-100.203056
20.528658	-100.201874
20.530331	-100.200790
20.532110	-100.199905
20.533998	-100.199219
20.535847	-100.198456
20.539402	-100.196609
20.541210	-100.195755
20.544849	-100.194107
20.546659	-100.193253
20.548458	-100.192383
20.550255	-100.191498
20.552031	-100.190567
20.553793	-100.189613
20.555576	-100.188660
20.557318	-100.187653
20.558935	-100.186516
20.560301	-100.185081
20.561340	-100.183327
20.562111	-100.181496
20.563208	-100.177635
20.564386	-100.173820
20.564997	-100.171906
20.565575	-100.169983
20.566214	-100.168076
20.567020	-100.166260
20.568041	-100.164558
20.569214	-100.162918
20.570446	-100.161331
20.571754	-100.159813
20.573202	-100.158440
20.574789	-100.157196
20.576521	-100.156174
20.578402	-100.155579
20.580393	-100.155258
20.582367	-100.154900
20.586283	-100.154037
20.588247	-100.153687
20.590231	-100.153519
20.594240	-100.153526
20.596260	-100.153496
20.598288	-100.153404
20.600204	-100.152992
20.601988	-100.152138
20.603687	-100.151047
20.605339	-100.149864
20.606916	-100.148636
20.608353	-100.147247
20.609598	-100.145683
20.610765	-100.144051
20.612076	-100.142540
20.613461	-100.141090
20.614723	-100.139542
20.615852	-100.137886
20.617048	-100.136292
20.618439	-100.134857
20.619913	-100.133499
20.621393	-100.132156
20.622810	-100.130745
20.624178	-100.129280
20.625551	-100.127831
20.626999	-100.126450
20.628483	-100.125107
20.629860	-100.123650
20.631172	-100.122124
20.632465	-100.120567
20.633778	-100.119049
20.635155	-100.117622
20.636646	-100.116341
20.638445	-100.115486
20.640369	-100.114807
20.642216	-100.114029
20.644070	-100.113274
20.645983	-100.112717
20.647947	-100.112343
20.649923	-100.111992
20.653179	-100.110909
20.655045	-100.110191
20.656864	-100.109367
20.660458	-100.107597
20.662264	-100.106735
20.664022	-100.105782
20.665754	-100.104729
20.667433	-100.103577
20.668823	-100.102219
20.669725	-100.100288
20.669586	-100.098480
20.668018	-100.097061
20.665161	-100.094231
20.663858	-100.092705
20.662632	-100.090965
20.662357	-100.089180
20.663774	-100.087616
20.665659	-100.087242
20.669752	-100.087128
20.671753	-100.087082
20.675755	-100.087044
20.679754	-100.087021
20.683760	-100.086929
20.685762	-100.086853
20.687746	-100.086655
20.689688	-100.086205
20.691601	-100.085594
20.693533	-100.085075
20.695480	-100.084595
20.697424	-100.084106
20.699347	-100.083565
20.701223	-100.082901
20.702995	-100.081970
20.704758	-100.081009
20.706652	-100.080017
20.708502	-100.079674
20.710281	-100.080528
20.712021	-100.081802
20.713423	-100.083267
20.713835	-100.084976
20.713154	-100.087067
20.712582	-100.088974
20.711939	-100.090874
20.711269	-100.092758
20.710560	-100.094635
20.709805	-100.096497
20.709187	-100.098389
20.708782	-100.100342
20.708502	-100.102325
20.708282	-100.104317
20.707788	-100.108353
20.707766	-100.110336
20.708294	-100.112213
20.709476	-100.113914
20.710983	-100.115181
20.712793	-100.116112
20.714655	-100.116859
20.716541	-100.117508
20.718460	-100.118095
20.720392	-100.118622
20.724279	-100.119667
20.726234	-100.120163
20.728195	-100.120575
20.730154	-100.120865
20.732115	-100.120888
20.734083	-100.120461
20.736053	-100.119980
20.738022	-100.119614
20.739986	-100.119232
20.741941	-100.118813
20.743877	-100.118317
20.745802	-100.117767
20.747734	-100.117249
20.751625	-100.116272
20.753580	-100.115860
20.755554	-100.115616
20.757551	-100.115677
20.759556	-100.115807
20.761610	-100.115990
20.763639	-100.116066
20.765408	-100.115387
20.766972	-100.114098
20.768480	-100.112640
20.770077	-100.111465
20.771973	-100.110893
20.774158	-100.110870
20.776083	-100.111259
20.776546	-100.112892
20.776016	-100.114929
20.775331	-100.116814
20.774719	-100.118721
20.774195	-100.120682
20.773758	-100.122665
20.773674	-100.124626
20.774059	-100.126556
20.774729	-100.128448
20.775450	-100.130356
20.776033	-100.132278
20.776545	-100.134216
20.777079	-100.136147
20.777721	-100.138031
20.778671	-100.139832
20.779800	-100.141579
20.780630	-100.143333
20.780561	-100.145218
20.779583	-100.147095
20.778265	-100.148636
20.776756	-100.150047
20.775824	-100.151688
20.775778	-100.153816
20.776472	-100.155556
20.778469	-100.156250
20.780321	-100.157013
20.782202	-100.157692
20.784138	-100.158173
20.786114	-100.158524
20.788055	-100.158981
20.789965	-100.159592
20.791870	-100.160210
20.793783	-100.160782
20.795740	-100.161163
20.797739	-100.161369
20.799694	-100.161736
20.801569	-100.162453
20.803495	-100.162987
20.805429	-100.163506
20.807322	-100.164146
20.809175	-100.164902
20.810993	-100.165749
20.812763	-100.166672
20.814470	-100.167732
20.816067	-100.168938
20.817528	-100.170296
20.818876	-100.171791
20.820059	-100.173401
20.821093	-100.175110
20.822046	-100.176872
20.822985	-100.178642
20.824745	-100.182243
20.825796	-100.183937
20.827082	-100.185471
20.828466	-100.186928
20.829838	-100.188408
20.831375	-100.189682
20.833185	-100.190475
20.835089	-100.191116
20.837008	-100.191742
20.838867	-100.192474
20.840555	-100.193542
20.842161	-100.194778
20.843943	-100.195641
20.845852	-100.196335
20.847807	-100.196938
20.849777	-100.197395
20.851727	-100.197617
20.853657	-100.197411
20.855574	-100.196701
20.857399	-100.195747
20.859041	-100.194626
20.860550	-100.193268
20.862087	-100.191971
20.863808	-100.191002
20.865740	-100.190399
20.867723	-100.190102
20.869711	-100.190140
20.871716	-100.190369
20.873711	-100.190582
20.875689	-100.190887
20.877659	-100.191315
20.879614	-100.191803
20.881468	-100.192497
20.883183	-100.193527
20.884716	-100.194855
20.885988	-100.196373
20.887024	-100.198090
20.887995	-100.199860
20.889112	-100.201576
20.890198	-100.203300
20.890717	-100.205139
20.890533	-100.207108
20.890114	-100.209122
20.889950	-100.211128
20.890076	-100.213181
20.890518	-100.215134
20.891613	-100.216820
20.893353	-100.217850
20.895290	-100.217522
20.897047	-100.216431
20.898485	-100.215065
20.899836	-100.213562
20.901199	-100.212074
20.902611	-100.210648
20.903973	-100.209183
20.905161	-100.207588
20.906076	-100.205780
20.907061	-100.204041
20.908424	-100.202591
20.910051	-100.201363
20.911837	-100.200485
20.913776	-100.200073
20.915802	-100.199860
20.917770	-100.199486
20.919596	-100.198715
20.921337	-100.197701
20.923035	-100.196617
20.924681	-100.195427
20.926277	-100.194107
20.927889	-100.192894
20.929575	-100.192062
20.931747	-100.192406
20.932718	-100.193810
20.932562	-100.195930
20.932432	-100.197998
20.932362	-100.199997
20.932261	-100.201988
20.932127	-100.203987
20.931973	-100.205986
20.931782	-100.207977
20.931540	-100.209961
20.931246	-100.211967
20.930557	-100.213821
20.929586	-100.215576
20.928482	-100.217278
20.927254	-100.218864
20.925831	-100.220230
20.924011	-100.221199
20.922338	-100.222252
20.921267	-100.226074
20.920404	-100.227867
20.919100	-100.229385
20.917753	-100.230881
20.916687	-100.232574
20.915644	-100.234337
20.914701	-100.236145
20.913984	-100.237999
20.913609	-100.239906
20.913486	-100.241882
20.913542	-100.243896
20.913734	-100.245926
20.914026	-100.247940
20.914366	-100.249916
20.914879	-100.251846
20.915625	-100.253731
20.916557	-100.255508
20.917700	-100.257126
20.919079	-100.258591
20.920450	-100.260071
20.921642	-100.261673
20.922770	-100.263336
20.923792	-100.265068
20.924648	-100.266861
20.925404	-100.268730
20.926071	-100.270645
20.926609	-100.272583
20.926964	-100.274521
20.926699	-100.276482
20.926252	-100.278473
20.926207	-100.280495
20.926264	-100.282555
20.926546	-100.284523
20.927355	-100.286316
20.929026	-100.287590
20.930862	-100.287422
20.932796	-100.286507
20.934549	-100.285538
20.936171	-100.284363
20.937548	-100.282913
20.938940	-100.281471
20.940496	-100.280220
20.942104	-100.279030
20.943726	-100.277855
20.945341	-100.276642
20.947090	-100.275726
20.949030	-100.275200
20.951015	-100.274895
20.953005	-100.274727
20.955006	-100.274620
20.957001	-100.274483
20.961113	-100.274261
20.963049	-100.273911
20.964676	-100.272980
20.965883	-100.271278
20.966766	-100.269455
20.967379	-100.267540
20.967789	-100.265564
20.967985	-100.263573
20.968029	-100.261559
20.968155	-100.259560
20.968575	-100.257629
20.969238	-100.255737
20.970053	-100.253891
20.970928	-100.252083
20.971876	-100.250252
20.973049	-100.248650
20.974646	-100.247482
20.976616	-100.246750
20.978512	-100.246704
20.980310	-100.247772
20.981739	-100.249176
20.982853	-100.250870
20.983648	-100.252686
20.984249	-100.254608
20.984756	-100.256546
20.985155	-100.258514
20.985590	-100.260468
20.986204	-100.262367
20.986980	-100.264252
20.987988	-100.265976
20.989326	-100.267410
20.990938	-100.268616
20.992641	-100.269722
20.994406	-100.270653
20.996180	-100.271576
20.997904	-100.272591
21.000748	-100.273712
21.002628	-100.274376
21.004572	-100.274857
21.006556	-100.275101
21.008556	-100.275124
21.010559	-100.275093
21.012562	-100.275085
21.014566	-100.275124
21.016644	-100.275131
21.018484	-100.275658
21.020060	-100.276978
21.021173	-100.278664
21.021379	-100.280594
21.021278	-100.282661
21.021465	-100.284660
21.021809	-100.286629
21.022432	-100.288521
21.024052	-100.292206
21.025000	-100.293968
21.026266	-100.295547
21.027796	-100.296898
21.029596	-100.297470
21.031637	-100.297104
21.033587	-100.296585
21.035446	-100.295845
21.037006	-100.294624
21.038513	-100.293297
21.040339	-100.292419
21.041870	-100.291199
21.043140	-100.289642
21.044371	-100.288055
21.045641	-100.286499
21.046942	-100.284981
21.048340	-100.283554
21.049805	-100.282188
21.051340	-100.280907
21.052954	-100.279716
21.054638	-100.278648
21.056465	-100.277824
21.058331	-100.277077
21.060217	-100.276375
21.062151	-100.275986
21.064156	-100.276001
21.066166	-100.276108
21.070154	-100.276390
21.072151	-100.276505
21.074146	-100.276596
21.076149	-100.276619
21.078157	-100.276573
21.080145	-100.276657
21.082109	-100.277031
21.084066	-100.277489
21.086046	-100.277702
21.088055	-100.277641
21.090050	-100.277428
21.092045	-100.277077
21.093863	-100.276314
21.095612	-100.275307
21.097263	-100.274139
21.098753	-100.272827
21.100035	-100.271294
21.101139	-100.269600
21.102116	-100.267853
21.102882	-100.266006
21.103579	-100.264122
21.104378	-100.262276
21.105181	-100.260384
21.106037	-100.258537
21.107035	-100.256874
21.108803	-100.256096
21.110764	-100.256523
21.112499	-100.257553
21.114010	-100.258873
21.115395	-100.260323
21.116554	-100.261978
21.117979	-100.263390
21.119789	-100.264145
21.121750	-100.263641
21.123726	-100.263298
21.125683	-100.262863
21.127625	-100.262375
21.129606	-100.262360
21.131605	-100.262589
21.133585	-100.262917
21.135553	-100.263329
21.137466	-100.263893
21.139256	-100.264771
21.140978	-100.265808
21.142725	-100.266785
21.144482	-100.267738
21.146269	-100.268646
21.147959	-100.269699
21.149548	-100.270920
21.151108	-100.272171
21.152714	-100.273376
21.154163	-100.274742
21.155375	-100.276337
21.156658	-100.277870
21.158232	-100.279121
21.159496	-100.280647
21.160578	-100.282341
21.161777	-100.283936
21.163027	-100.285500
21.164289	-100.287048
21.165602	-100.288567
21.166788	-100.290176
21.167938	-100.291832
21.168922	-100.293564
21.169485	-100.295494
21.169821	-100.297523
21.170547	-100.299309
21.171930	-100.300728
21.173626	-100.301910
21.175364	-100.302879
21.177240	-100.303604
21.179134	-100.304268
21.181047	-100.304871
21.182968	-100.305450
21.184862	-100.306084
21.186701	-100.306839
21.188396	-100.307907
21.190004	-100.309113
21.191486	-100.310478
21.193056	-100.311691
21.194885	-100.312477
21.196768	-100.313194
21.198534	-100.314125
21.200253	-100.315147
21.201941	-100.316231
21.203560	-100.317406
21.205137	-100.318642
21.206619	-100.319984
21.207951	-100.321510
21.208857	-100.323257
21.209127	-100.325256
21.209127	-100.327263
21.208937	-100.329254
21.208677	-100.333267
21.208345	-100.335220
21.207497	-100.337059
21.206879	-100.338921
21.207249	-100.340904
21.207424	-100.342903
21.207659	-100.344887
21.208355	-100.346756
21.209419	-100.350616
21.210249	-100.352440
21.211048	-100.354271
21.211573	-100.356216
21.211878	-100.358200
21.211777	-100.360168
21.211239	-100.362122
21.210384	-100.363960
21.209393	-100.365715
21.209433	-100.367645
21.209957	-100.369629
21.210733	-100.371475
21.212015	-100.373039
21.213057	-100.374756
21.213961	-100.376587
21.214481	-100.378487
21.214584	-100.380463
21.214487	-100.382477
21.214239	-100.384491
21.213884	-100.386459
21.213322	-100.388374
21.212629	-100.390259
21.211964	-100.392159
21.211456	-100.394096
21.210978	-100.396111
21.210606	-100.398132
21.210506	-100.400085
21.210993	-100.401962
21.212362	-100.403648
21.214033	-100.404335
21.216093	-100.403709
21.217812	-100.402687
21.219290	-100.401329
21.220678	-100.399887
21.221901	-100.398247
21.222902	-100.396484
21.224651	-100.396706
21.226637	-100.397537
21.228615	-100.398148
21.230627	-100.398605
21.232529	-100.398582
21.233797	-100.396988
21.234318	-100.395073
21.234636	-100.393059
21.234837	-100.391060
21.234900	-100.389046
21.234682	-100.387070
21.233856	-100.385239
21.233208	-100.383354
21.232965	-100.381287
21.233028	-100.379257
21.233767	-100.377518
21.235535	-100.376289
21.237373	-100.376312
21.239321	-100.377151
21.241322	-100.377151
21.243235	-100.376549
21.246267	-100.373932
21.247898	-100.372765
21.249575	-100.371674
21.251333	-100.370590
21.253168	-100.369759
21.255089	-100.370087
21.256662	-100.371384
21.257105	-100.373276
21.257318	-100.375351
21.257746	-100.377304
21.258215	-100.379250
21.258734	-100.381180
21.259348	-100.383087
21.259991	-100.384987
21.260860	-100.386772
21.262117	-100.388336
21.263464	-100.389824
21.264889	-100.391243
21.266548	-100.392326
21.268337	-100.393234
21.270136	-100.394119
21.271852	-100.395149
21.273500	-100.396294
21.275080	-100.397522
21.275871	-100.374580
21.277361	-100.358620
21.279251	-100.346062
21.277740	-100.321724
21.279631	-100.308662
21.288111	-100.293503
21.289995	-100.271271
21.288090	-100.254616
21.289972	-100.227394
21.286667	-100.207047
21.281961	-100.184708
21.277658	-100.165764
21.269167	-100.156586
21.256374	-100.135147
21.240395	-100.126366
21.216722	-100.107918
21.206829	-100.093857
21.191641	-100.069023
21.168068	-100.049179
21.159964	-100.019562
21.167734	-99.986549
21.166330	-99.974388
21.166723	-99.962219
21.165308	-99.930809
21.158310	-99.912758
21.145714	-99.882637
21.144711	-99.872864
21.140011	-99.861694
21.143295	-99.843750
21.153564	-99.815628
21.160633	-99.776741
21.168514	-99.764671
21.168102	-99.741837
21.152599	-99.689880
21.137611	-99.669434
21.116533	-99.648094
21.109535	-99.629143
21.108131	-99.620567
21.114208	-99.594742
21.106203	-99.560234
21.095913	-99.547569
21.077625	-99.519943
21.072521	-99.496613
21.076706	-99.477165
21.082792	-99.470490
21.107025	-99.416138
21.107010	-99.387917
21.119675	-99.357407
21.132748	-99.346642
21.141624	-99.327194
21.142612	-99.309242
21.136515	-99.295578
21.129406	-99.257790
21.128996	-99.235947
21.137363	-99.199547
21.162106	-99.165047
21.176678	-99.152885
21.204224	-99.132545
21.211706	-99.120979
21.224775	-99.101036
21.239744	-99.089767
21.254721	-99.085381
21.274391	-99.088371
21.326817	-99.101044
21.344091	-99.104340
21.360466	-99.104836
21.367050	-99.095169
21.366041	-99.075218
21.363741	-99.066643
21.370323	-99.054382
21.380108	-99.053383
21.386702	-99.061264
21.400675	-99.051888
21.405367	-99.048500
21.412352	-99.043213
21.431515	-99.030052
21.447884	-99.019386
21.465252	-99.007820
21.479731	-99.011612
21.484432	-99.027267
21.488634	-99.044724
21.502710	-99.041229
21.522375	-99.032059
21.540142	-99.023384
21.555115	-99.013115
21.576571	-98.993370
21.585848	-98.978119
21.589035	-98.963058
21.596512	-98.941223
21.606186	-98.918388
21.618259	-98.905327
21.635029	-98.896652
21.646107	-98.887779
21.652586	-98.869331
21.657673	-98.856766
21.653973	-98.848488
21.638697	-98.846992
21.622427	-98.856758
21.589966	-98.834419
21.602034	-98.811584
21.620096	-98.793137
21.634468	-98.782967
21.643257	-98.785957
21.650745	-98.785957
21.670715	-98.790649
21.684589	-98.779587
21.694773	-98.777092
21.712942	-98.773705
21.723625	-98.775597
21.735605	-98.771210
21.751379	-98.768326
21.756569	-98.764030
21.769053	-98.771713
21.787130	-98.782089
21.801613	-98.790169
21.808498	-98.784485
21.815483	-98.774612
21.828039	-98.728638
21.866467	-98.703217
21.877144	-98.692551
21.886417	-98.669312
21.894287	-98.638702
21.921022	-98.599327
21.921942	-98.597977
21.927767	-98.589424
21.937407	-98.575424
21.936340	-98.573898
21.935350	-98.572166
21.934502	-98.570351
21.933735	-98.568504
21.933056	-98.566620
21.932550	-98.564690
21.932188	-98.562721
21.931961	-98.560730
21.933020	-98.559303
21.932798	-98.556313
21.931557	-98.555740
21.931650	-98.553757
21.932030	-98.551788
21.932333	-98.549805
21.932522	-98.548523
21.933020	-98.545860
21.933802	-98.544403
21.934406	-98.543274
21.935848	-98.541878
21.937382	-98.540558
21.938976	-98.539368
21.941540	-98.537781
21.943321	-98.536896
21.946157	-98.535835
21.947609	-98.534622
21.947180	-98.532600
21.947172	-98.530602
21.947308	-98.528610
21.947477	-98.525612
21.947176	-98.523628
21.947140	-98.520660
21.947269	-98.518654
21.946604	-98.516777
21.945753	-98.514931
21.946461	-98.513443